timestamp,ACCEL_X,ACCEL_Y,ACCEL_Z,GYRO_X,GYRO_Y,GYRO_Z
1.680080646052383184e+09,1.636800000000000000e+04,2.760000000000000000e+02,2.600000000000000000e+02,1.272700000000000000e+04,-1.149200000000000000e+04,-1.257200000000000000e+04
1.680080646061503649e+09,1.633200000000000000e+04,3.480000000000000000e+02,3.640000000000000000e+02,1.272700000000000000e+04,-1.149200000000000000e+04,-1.257200000000000000e+04
1.680080646064005613e+09,1.631600000000000000e+04,2.720000000000000000e+02,2.640000000000000000e+02,1.272700000000000000e+04,-1.149200000000000000e+04,-1.257200000000000000e+04
1.680080646065223455e+09,1.624000000000000000e+04,3.080000000000000000e+02,3.120000000000000000e+02,1.272700000000000000e+04,-1.149200000000000000e+04,-1.257200000000000000e+04
1.680080646066906214e+09,1.623600000000000000e+04,3.720000000000000000e+02,4.680000000000000000e+02,1.272700000000000000e+04,-1.149200000000000000e+04,-1.257200000000000000e+04
1.680080646070792198e+09,1.622800000000000000e+04,3.320000000000000000e+02,4.360000000000000000e+02,1.272700000000000000e+04,-1.149200000000000000e+04,-1.257200000000000000e+04
1.680080646071869135e+09,1.617200000000000000e+04,3.520000000000000000e+02,3.920000000000000000e+02,1.272700000000000000e+04,-1.149200000000000000e+04,-1.257200000000000000e+04
1.680080646072945595e+09,1.624000000000000000e+04,3.480000000000000000e+02,5.600000000000000000e+02,1.272700000000000000e+04,-1.149200000000000000e+04,-1.257200000000000000e+04
1.680080646074069262e+09,1.626000000000000000e+04,2.640000000000000000e+02,4.600000000000000000e+02,1.272700000000000000e+04,-1.149200000000000000e+04,-1.257200000000000000e+04
1.680080646076691151e+09,1.624000000000000000e+04,3.120000000000000000e+02,1.800000000000000000e+02,1.272700000000000000e+04,-1.149200000000000000e+04,-1.257200000000000000e+04
1.680080646081701517e+09,1.620800000000000000e+04,2.360000000000000000e+02,3.560000000000000000e+02,1.272700000000000000e+04,-1.149200000000000000e+04,-1.257200000000000000e+04
1.680080646084907055e+09,1.618800000000000000e+04,3.560000000000000000e+02,5.160000000000000000e+02,1.272700000000000000e+04,-1.149200000000000000e+04,-1.257200000000000000e+04
1.680080646087499619e+09,1.617600000000000000e+04,2.880000000000000000e+02,2.720000000000000000e+02,1.272700000000000000e+04,-1.149200000000000000e+04,-1.257200000000000000e+04
1.680080646088858843e+09,1.626800000000000000e+04,2.560000000000000000e+02,3.640000000000000000e+02,1.272700000000000000e+04,-1.149200000000000000e+04,-1.257200000000000000e+04
1.680080646091795206e+09,1.619200000000000000e+04,3.800000000000000000e+02,3.160000000000000000e+02,1.272700000000000000e+04,-1.149200000000000000e+04,-1.257200000000000000e+04
1.680080646093229294e+09,1.630400000000000000e+04,3.240000000000000000e+02,4.120000000000000000e+02,1.272700000000000000e+04,-1.149200000000000000e+04,-1.257200000000000000e+04
1.680080646094425678e+09,1.629200000000000000e+04,2.920000000000000000e+02,4.440000000000000000e+02,1.272700000000000000e+04,-1.149200000000000000e+04,-1.257200000000000000e+04
1.680080646095967293e+09,1.625200000000000000e+04,3.160000000000000000e+02,4.600000000000000000e+02,1.272700000000000000e+04,-1.149200000000000000e+04,-1.257200000000000000e+04
1.680080646097281456e+09,1.630000000000000000e+04,2.520000000000000000e+02,3.840000000000000000e+02,1.272700000000000000e+04,-1.149200000000000000e+04,-1.257200000000000000e+04
1.680080646098465681e+09,1.625600000000000000e+04,3.240000000000000000e+02,4.440000000000000000e+02,1.272700000000000000e+04,-1.149200000000000000e+04,-1.257200000000000000e+04
1.680080646099610090e+09,1.620800000000000000e+04,3.480000000000000000e+02,3.120000000000000000e+02,1.272700000000000000e+04,-1.149200000000000000e+04,-1.257200000000000000e+04
1.680080646100750685e+09,1.618800000000000000e+04,3.760000000000000000e+02,3.800000000000000000e+02,1.272700000000000000e+04,-1.149200000000000000e+04,-1.257200000000000000e+04
1.680080646101889372e+09,1.617600000000000000e+04,3.520000000000000000e+02,3.680000000000000000e+02,1.272700000000000000e+04,-1.149200000000000000e+04,-1.257200000000000000e+04
1.680080646103018761e+09,1.616800000000000000e+04,2.480000000000000000e+02,2.760000000000000000e+02,1.272700000000000000e+04,-1.149200000000000000e+04,-1.257200000000000000e+04
1.680080646104150057e+09,1.624800000000000000e+04,2.320000000000000000e+02,5.040000000000000000e+02,1.272700000000000000e+04,-1.149200000000000000e+04,-1.257200000000000000e+04
1.680080646105453253e+09,1.611200000000000000e+04,3.080000000000000000e+02,2.720000000000000000e+02,1.272700000000000000e+04,-1.149200000000000000e+04,-1.257200000000000000e+04
1.680080646106923580e+09,1.620800000000000000e+04,3.040000000000000000e+02,4.760000000000000000e+02,1.272700000000000000e+04,-1.149200000000000000e+04,-1.257200000000000000e+04
1.680080646108093500e+09,1.621200000000000000e+04,2.960000000000000000e+02,4.240000000000000000e+02,1.272700000000000000e+04,-1.149200000000000000e+04,-1.257200000000000000e+04
1.680080646109235048e+09,1.565600000000000000e+04,-3.400000000000000000e+02,9.200000000000000000e+02,7.077000000000000000e+03,1.369000000000000000e+03,-1.377900000000000000e+04
1.680080646110380650e+09,1.576800000000000000e+04,-2.240000000000000000e+02,7.600000000000000000e+02,3.660000000000000000e+03,4.055000000000000000e+03,-3.624000000000000000e+03
1.680080646111596346e+09,1.617200000000000000e+04,3.640000000000000000e+02,4.240000000000000000e+02,-1.180000000000000000e+03,1.088000000000000000e+03,1.702000000000000000e+03
1.680080646113023996e+09,1.614400000000000000e+04,3.480000000000000000e+02,3.640000000000000000e+02,-8.630000000000000000e+02,-6.960000000000000000e+02,1.800000000000000000e+02
1.680080646114148378e+09,1.620000000000000000e+04,3.000000000000000000e+02,4.720000000000000000e+02,9.900000000000000000e+01,-6.430000000000000000e+02,-1.146000000000000000e+03
1.680080646115280151e+09,1.624400000000000000e+04,2.400000000000000000e+02,4.640000000000000000e+02,1.800000000000000000e+02,-8.660000000000000000e+02,-1.229000000000000000e+03
1.680080646116461992e+09,1.618800000000000000e+04,3.160000000000000000e+02,4.120000000000000000e+02,-2.510000000000000000e+02,-1.525000000000000000e+03,-9.810000000000000000e+02
1.680080646118012428e+09,1.616800000000000000e+04,3.560000000000000000e+02,4.240000000000000000e+02,-6.090000000000000000e+02,-2.785000000000000000e+03,-1.050000000000000000e+03
1.680080646119244099e+09,1.611200000000000000e+04,2.640000000000000000e+02,3.520000000000000000e+02,-1.023000000000000000e+03,-4.349000000000000000e+03,-1.077000000000000000e+03
1.680080646120382786e+09,1.620800000000000000e+04,3.280000000000000000e+02,4.040000000000000000e+02,-1.588000000000000000e+03,-5.143000000000000000e+03,-9.170000000000000000e+02
1.680080646121511698e+09,1.620400000000000000e+04,2.680000000000000000e+02,4.840000000000000000e+02,-2.295000000000000000e+03,-6.687000000000000000e+03,-8.890000000000000000e+02
1.680080646122824192e+09,1.617200000000000000e+04,2.760000000000000000e+02,4.720000000000000000e+02,-3.281000000000000000e+03,-9.635000000000000000e+03,-1.004000000000000000e+03
1.680080646124097109e+09,1.626800000000000000e+04,3.320000000000000000e+02,2.960000000000000000e+02,-1.955000000000000000e+03,-9.105000000000000000e+03,-9.950000000000000000e+02
1.680080646125333548e+09,1.616000000000000000e+04,2.960000000000000000e+02,2.280000000000000000e+02,6.700000000000000000e+01,-6.744000000000000000e+03,-8.840000000000000000e+02
1.680080646126767635e+09,1.620400000000000000e+04,2.240000000000000000e+02,2.600000000000000000e+02,3.070000000000000000e+02,-6.500000000000000000e+03,-9.260000000000000000e+02
1.680080646128011465e+09,1.623200000000000000e+04,2.760000000000000000e+02,3.240000000000000000e+02,-9.200000000000000000e+01,-4.697000000000000000e+03,-9.650000000000000000e+02
1.680080646129453659e+09,1.616400000000000000e+04,1.440000000000000000e+02,3.240000000000000000e+02,-5.760000000000000000e+02,6.340000000000000000e+02,-8.710000000000000000e+02
1.680080646130594492e+09,1.607200000000000000e+04,2.360000000000000000e+02,2.000000000000000000e+02,-7.150000000000000000e+02,9.170000000000000000e+02,-6.740000000000000000e+02
1.680080646131844759e+09,1.616400000000000000e+04,3.880000000000000000e+02,2.280000000000000000e+02,-6.810000000000000000e+02,1.490000000000000000e+02,-3.400000000000000000e+01
1.680080646133079529e+09,1.623200000000000000e+04,2.640000000000000000e+02,2.600000000000000000e+02,-6.170000000000000000e+02,-1.210000000000000000e+02,1.580000000000000000e+02
1.680080646134324074e+09,1.631600000000000000e+04,2.320000000000000000e+02,5.160000000000000000e+02,-6.420000000000000000e+02,7.000000000000000000e+00,4.900000000000000000e+01
1.680080646135465384e+09,1.626400000000000000e+04,2.560000000000000000e+02,4.760000000000000000e+02,-6.230000000000000000e+02,4.600000000000000000e+01,4.000000000000000000e+00
1.680080646136631489e+09,1.620400000000000000e+04,2.720000000000000000e+02,3.200000000000000000e+02,-5.980000000000000000e+02,3.400000000000000000e+01,3.300000000000000000e+01
1.680080646137877226e+09,1.619600000000000000e+04,4.040000000000000000e+02,4.040000000000000000e+02,-6.360000000000000000e+02,5.400000000000000000e+01,6.200000000000000000e+01
1.680080646139174700e+09,1.621200000000000000e+04,3.240000000000000000e+02,3.640000000000000000e+02,-6.730000000000000000e+02,4.200000000000000000e+01,5.000000000000000000e+01
1.680080646140111685e+09,1.614400000000000000e+04,2.720000000000000000e+02,3.920000000000000000e+02,-6.050000000000000000e+02,3.300000000000000000e+01,2.000000000000000000e+01
1.680080646140853167e+09,1.617200000000000000e+04,3.400000000000000000e+02,3.520000000000000000e+02,-5.900000000000000000e+02,3.700000000000000000e+01,2.600000000000000000e+01
1.680080646141637802e+09,1.617200000000000000e+04,3.400000000000000000e+02,3.520000000000000000e+02,-6.070000000000000000e+02,4.600000000000000000e+01,4.300000000000000000e+01
1.680080646142382860e+09,1.616800000000000000e+04,3.920000000000000000e+02,4.400000000000000000e+02,-6.510000000000000000e+02,4.000000000000000000e+01,5.700000000000000000e+01
1.680080646143225670e+09,1.630000000000000000e+04,3.120000000000000000e+02,3.640000000000000000e+02,-6.600000000000000000e+02,1.500000000000000000e+01,4.000000000000000000e+01
1.680080646143951416e+09,1.626800000000000000e+04,2.760000000000000000e+02,3.640000000000000000e+02,-6.270000000000000000e+02,6.000000000000000000e+00,3.300000000000000000e+01
1.680080646144676208e+09,1.622000000000000000e+04,3.600000000000000000e+02,4.160000000000000000e+02,-6.100000000000000000e+02,1.600000000000000000e+01,4.300000000000000000e+01
1.680080646145414114e+09,1.622000000000000000e+04,3.600000000000000000e+02,4.160000000000000000e+02,-6.240000000000000000e+02,3.900000000000000000e+01,4.600000000000000000e+01
1.680080646146142006e+09,1.619600000000000000e+04,2.080000000000000000e+02,2.880000000000000000e+02,-6.560000000000000000e+02,4.600000000000000000e+01,3.400000000000000000e+01
1.680080646146908522e+09,1.625200000000000000e+04,2.560000000000000000e+02,2.440000000000000000e+02,-6.580000000000000000e+02,1.900000000000000000e+01,1.700000000000000000e+01
1.680080646147633314e+09,1.625200000000000000e+04,2.560000000000000000e+02,2.440000000000000000e+02,-6.370000000000000000e+02,1.100000000000000000e+01,2.200000000000000000e+01
1.680080646148548126e+09,1.618800000000000000e+04,2.400000000000000000e+02,2.960000000000000000e+02,-5.870000000000000000e+02,3.900000000000000000e+01,2.700000000000000000e+01
1.680080646149303913e+09,1.626400000000000000e+04,3.160000000000000000e+02,3.120000000000000000e+02,-6.060000000000000000e+02,5.800000000000000000e+01,2.300000000000000000e+01
1.680080646150087595e+09,1.614400000000000000e+04,3.880000000000000000e+02,2.000000000000000000e+02,-6.530000000000000000e+02,7.100000000000000000e+01,2.000000000000000000e+01
1.680080646150828600e+09,1.618400000000000000e+04,3.000000000000000000e+02,1.880000000000000000e+02,-6.730000000000000000e+02,4.900000000000000000e+01,1.800000000000000000e+01
1.680080646151571274e+09,1.618400000000000000e+04,3.000000000000000000e+02,1.880000000000000000e+02,-6.430000000000000000e+02,1.600000000000000000e+01,2.100000000000000000e+01
1.680080646152298450e+09,1.618800000000000000e+04,3.080000000000000000e+02,2.240000000000000000e+02,-6.000000000000000000e+02,2.300000000000000000e+01,2.500000000000000000e+01
1.680080646153118134e+09,1.613200000000000000e+04,3.320000000000000000e+02,2.720000000000000000e+02,-6.020000000000000000e+02,2.900000000000000000e+01,3.300000000000000000e+01
1.680080646153848648e+09,1.620000000000000000e+04,2.720000000000000000e+02,3.160000000000000000e+02,-6.240000000000000000e+02,4.600000000000000000e+01,3.000000000000000000e+01
1.680080646154693365e+09,1.627200000000000000e+04,2.520000000000000000e+02,2.760000000000000000e+02,-6.480000000000000000e+02,3.800000000000000000e+01,2.900000000000000000e+01
1.680080646155479193e+09,1.627200000000000000e+04,2.520000000000000000e+02,2.760000000000000000e+02,-6.500000000000000000e+02,1.000000000000000000e+00,2.900000000000000000e+01
1.680080646156483889e+09,1.628400000000000000e+04,2.280000000000000000e+02,3.520000000000000000e+02,-6.210000000000000000e+02,-7.000000000000000000e+00,1.800000000000000000e+01
1.680080646157226324e+09,1.622400000000000000e+04,2.160000000000000000e+02,3.640000000000000000e+02,-5.970000000000000000e+02,3.600000000000000000e+01,3.400000000000000000e+01
1.680080646157963037e+09,1.619600000000000000e+04,2.800000000000000000e+02,2.360000000000000000e+02,-6.170000000000000000e+02,4.500000000000000000e+01,4.800000000000000000e+01
1.680080646158738136e+09,1.622000000000000000e+04,2.440000000000000000e+02,1.440000000000000000e+02,-6.500000000000000000e+02,4.400000000000000000e+01,4.700000000000000000e+01
1.680080646159672976e+09,1.609200000000000000e+04,2.800000000000000000e+02,2.400000000000000000e+02,-6.740000000000000000e+02,2.600000000000000000e+01,3.100000000000000000e+01
1.680080646160405874e+09,1.609200000000000000e+04,2.800000000000000000e+02,2.400000000000000000e+02,-6.420000000000000000e+02,7.000000000000000000e+00,2.500000000000000000e+01
1.680080646161169767e+09,1.616400000000000000e+04,3.680000000000000000e+02,3.320000000000000000e+02,-6.110000000000000000e+02,1.900000000000000000e+01,2.000000000000000000e+01
1.680080646161901712e+09,1.619200000000000000e+04,2.600000000000000000e+02,3.400000000000000000e+02,-6.130000000000000000e+02,4.100000000000000000e+01,2.700000000000000000e+01
1.680080646162635326e+09,1.616000000000000000e+04,2.360000000000000000e+02,2.800000000000000000e+02,-6.330000000000000000e+02,5.200000000000000000e+01,3.000000000000000000e+01
1.680080646163357019e+09,1.616000000000000000e+04,2.360000000000000000e+02,2.800000000000000000e+02,-6.530000000000000000e+02,3.200000000000000000e+01,4.300000000000000000e+01
1.680080646164090395e+09,1.618800000000000000e+04,2.400000000000000000e+02,1.920000000000000000e+02,-6.440000000000000000e+02,1.200000000000000000e+01,5.200000000000000000e+01
1.680080646164820671e+09,1.629200000000000000e+04,2.080000000000000000e+02,2.840000000000000000e+02,-6.180000000000000000e+02,2.700000000000000000e+01,4.400000000000000000e+01
1.680080646165549040e+09,1.629200000000000000e+04,2.080000000000000000e+02,2.840000000000000000e+02,-6.150000000000000000e+02,4.500000000000000000e+01,3.500000000000000000e+01
1.680080646166285276e+09,1.612800000000000000e+04,2.600000000000000000e+02,2.920000000000000000e+02,-6.350000000000000000e+02,5.400000000000000000e+01,3.400000000000000000e+01
1.680080646167194128e+09,1.614000000000000000e+04,3.040000000000000000e+02,3.040000000000000000e+02,-6.530000000000000000e+02,3.000000000000000000e+01,3.400000000000000000e+01
1.680080646168070793e+09,1.621200000000000000e+04,3.040000000000000000e+02,3.040000000000000000e+02,-6.430000000000000000e+02,7.000000000000000000e+00,2.400000000000000000e+01
1.680080646168798208e+09,1.622800000000000000e+04,3.560000000000000000e+02,2.880000000000000000e+02,-6.170000000000000000e+02,3.000000000000000000e+00,2.700000000000000000e+01
1.680080646169525862e+09,1.622800000000000000e+04,3.560000000000000000e+02,2.880000000000000000e+02,-6.080000000000000000e+02,2.600000000000000000e+01,3.500000000000000000e+01
1.680080646170254230e+09,1.614000000000000000e+04,3.760000000000000000e+02,2.920000000000000000e+02,-6.160000000000000000e+02,4.700000000000000000e+01,4.800000000000000000e+01
1.680080646170993328e+09,1.614800000000000000e+04,3.280000000000000000e+02,3.880000000000000000e+02,-6.450000000000000000e+02,3.900000000000000000e+01,5.800000000000000000e+01
1.680080646171823263e+09,1.622800000000000000e+04,2.840000000000000000e+02,3.720000000000000000e+02,-6.570000000000000000e+02,2.100000000000000000e+01,5.000000000000000000e+01
1.680080646172564507e+09,1.622800000000000000e+04,2.840000000000000000e+02,3.720000000000000000e+02,-6.250000000000000000e+02,1.600000000000000000e+01,3.800000000000000000e+01
1.680080646173290014e+09,1.615200000000000000e+04,3.080000000000000000e+02,3.120000000000000000e+02,-5.950000000000000000e+02,2.700000000000000000e+01,3.800000000000000000e+01
1.680080646174019814e+09,1.610800000000000000e+04,2.600000000000000000e+02,2.360000000000000000e+02,-6.070000000000000000e+02,3.400000000000000000e+01,2.400000000000000000e+01
1.680080646174747944e+09,1.608800000000000000e+04,2.320000000000000000e+02,2.000000000000000000e+02,-6.460000000000000000e+02,4.600000000000000000e+01,5.000000000000000000e+00
1.680080646175588369e+09,1.608800000000000000e+04,2.320000000000000000e+02,2.000000000000000000e+02,-6.880000000000000000e+02,3.700000000000000000e+01,1.400000000000000000e+01
1.680080646176427841e+09,1.614800000000000000e+04,3.200000000000000000e+02,3.640000000000000000e+02,-6.650000000000000000e+02,2.300000000000000000e+01,3.100000000000000000e+01
1.680080646177230835e+09,1.619200000000000000e+04,3.600000000000000000e+02,5.080000000000000000e+02,-6.000000000000000000e+02,1.800000000000000000e+01,3.200000000000000000e+01
1.680080646177954674e+09,1.626400000000000000e+04,4.080000000000000000e+02,2.840000000000000000e+02,-5.970000000000000000e+02,3.700000000000000000e+01,3.100000000000000000e+01
1.680080646178691864e+09,1.614400000000000000e+04,4.160000000000000000e+02,2.080000000000000000e+02,-6.210000000000000000e+02,5.100000000000000000e+01,3.100000000000000000e+01
1.680080646179420710e+09,1.614400000000000000e+04,4.160000000000000000e+02,2.080000000000000000e+02,-6.650000000000000000e+02,4.000000000000000000e+01,3.600000000000000000e+01
1.680080646180145979e+09,1.622800000000000000e+04,3.320000000000000000e+02,2.960000000000000000e+02,-6.600000000000000000e+02,2.700000000000000000e+01,3.700000000000000000e+01
1.680080646180862427e+09,1.616800000000000000e+04,3.280000000000000000e+02,3.080000000000000000e+02,-6.140000000000000000e+02,2.900000000000000000e+01,4.900000000000000000e+01
1.680080646181580544e+09,1.621200000000000000e+04,3.600000000000000000e+02,3.640000000000000000e+02,-5.950000000000000000e+02,4.400000000000000000e+01,6.100000000000000000e+01
1.680080646182308197e+09,1.621200000000000000e+04,3.600000000000000000e+02,3.640000000000000000e+02,-6.080000000000000000e+02,5.000000000000000000e+01,4.800000000000000000e+01
1.680080646183142662e+09,1.612400000000000000e+04,3.400000000000000000e+02,3.400000000000000000e+02,-6.350000000000000000e+02,3.600000000000000000e+01,2.800000000000000000e+01
1.680080646184526682e+09,1.603600000000000000e+04,1.800000000000000000e+02,2.640000000000000000e+02,-6.600000000000000000e+02,1.000000000000000000e+01,8.000000000000000000e+00
1.680080646185266733e+09,1.621200000000000000e+04,2.280000000000000000e+02,1.400000000000000000e+02,-6.210000000000000000e+02,-1.000000000000000000e+00,2.300000000000000000e+01
1.680080646185993195e+09,1.615600000000000000e+04,3.760000000000000000e+02,1.400000000000000000e+02,-5.820000000000000000e+02,3.600000000000000000e+01,2.300000000000000000e+01
1.680080646186828375e+09,1.610000000000000000e+04,3.760000000000000000e+02,3.400000000000000000e+02,-5.810000000000000000e+02,7.600000000000000000e+01,3.000000000000000000e+01
1.680080646187603712e+09,1.616000000000000000e+04,4.560000000000000000e+02,2.480000000000000000e+02,-6.330000000000000000e+02,8.100000000000000000e+01,4.500000000000000000e+01
1.680080646188525677e+09,1.616000000000000000e+04,4.560000000000000000e+02,2.480000000000000000e+02,-6.820000000000000000e+02,5.200000000000000000e+01,4.200000000000000000e+01
1.680080646190269470e+09,1.613200000000000000e+04,4.120000000000000000e+02,2.720000000000000000e+02,-6.520000000000000000e+02,2.200000000000000000e+01,2.900000000000000000e+01
1.680080646191039085e+09,1.615200000000000000e+04,4.040000000000000000e+02,2.800000000000000000e+02,-6.210000000000000000e+02,6.000000000000000000e+01,3.000000000000000000e+01
1.680080646191795111e+09,1.615200000000000000e+04,3.720000000000000000e+02,2.680000000000000000e+02,-6.490000000000000000e+02,7.100000000000000000e+01,3.300000000000000000e+01
1.680080646192530394e+09,1.617600000000000000e+04,3.840000000000000000e+02,2.520000000000000000e+02,-6.610000000000000000e+02,4.900000000000000000e+01,2.600000000000000000e+01
1.680080646193272352e+09,1.617600000000000000e+04,3.840000000000000000e+02,2.520000000000000000e+02,-6.470000000000000000e+02,1.500000000000000000e+01,2.400000000000000000e+01
1.680080646193996429e+09,1.619200000000000000e+04,2.400000000000000000e+02,2.080000000000000000e+02,-6.130000000000000000e+02,3.500000000000000000e+01,1.200000000000000000e+01
1.680080646194723845e+09,1.614800000000000000e+04,3.000000000000000000e+02,3.440000000000000000e+02,-6.030000000000000000e+02,4.400000000000000000e+01,2.000000000000000000e+00
1.680080646195517540e+09,1.612800000000000000e+04,2.840000000000000000e+02,5.240000000000000000e+02,-6.210000000000000000e+02,4.100000000000000000e+01,9.000000000000000000e+00
1.680080646196442842e+09,1.612800000000000000e+04,2.840000000000000000e+02,5.240000000000000000e+02,-6.500000000000000000e+02,2.600000000000000000e+01,2.200000000000000000e+01
1.680080646197201252e+09,1.613600000000000000e+04,3.400000000000000000e+02,3.960000000000000000e+02,-6.450000000000000000e+02,-5.000000000000000000e+00,4.500000000000000000e+01
1.680080646197937012e+09,1.622400000000000000e+04,3.440000000000000000e+02,3.440000000000000000e+02,-6.170000000000000000e+02,-5.000000000000000000e+00,6.300000000000000000e+01
1.680080646198674679e+09,1.624800000000000000e+04,3.400000000000000000e+02,3.760000000000000000e+02,-6.030000000000000000e+02,2.600000000000000000e+01,7.100000000000000000e+01
1.680080646199402571e+09,1.624800000000000000e+04,3.400000000000000000e+02,3.760000000000000000e+02,-6.130000000000000000e+02,5.600000000000000000e+01,6.000000000000000000e+01
1.680080646200137138e+09,1.620400000000000000e+04,2.800000000000000000e+02,3.960000000000000000e+02,-6.500000000000000000e+02,6.000000000000000000e+01,4.800000000000000000e+01
1.680080646200861692e+09,1.620000000000000000e+04,3.760000000000000000e+02,3.480000000000000000e+02,-6.690000000000000000e+02,4.200000000000000000e+01,3.600000000000000000e+01
1.680080646201603889e+09,1.610000000000000000e+04,2.880000000000000000e+02,3.680000000000000000e+02,-6.500000000000000000e+02,3.200000000000000000e+01,1.800000000000000000e+01
1.680080646202411413e+09,1.610000000000000000e+04,2.880000000000000000e+02,3.680000000000000000e+02,-6.130000000000000000e+02,3.900000000000000000e+01,2.100000000000000000e+01
1.680080646203196526e+09,1.624000000000000000e+04,2.680000000000000000e+02,3.200000000000000000e+02,-5.950000000000000000e+02,3.900000000000000000e+01,2.800000000000000000e+01
1.680080646203922749e+09,1.622400000000000000e+04,2.400000000000000000e+02,3.160000000000000000e+02,-6.090000000000000000e+02,3.600000000000000000e+01,3.800000000000000000e+01
1.680080646204652786e+09,1.622000000000000000e+04,2.160000000000000000e+02,2.560000000000000000e+02,-6.400000000000000000e+02,1.800000000000000000e+01,2.700000000000000000e+01
1.680080646205385685e+09,1.622000000000000000e+04,2.160000000000000000e+02,2.560000000000000000e+02,-6.560000000000000000e+02,0.000000000000000000e+00,2.700000000000000000e+01
1.680080646206121206e+09,1.614800000000000000e+04,2.840000000000000000e+02,3.800000000000000000e+02,-6.350000000000000000e+02,2.000000000000000000e+01,3.100000000000000000e+01
1.680080646206866264e+09,1.618400000000000000e+04,3.280000000000000000e+02,3.720000000000000000e+02,-6.130000000000000000e+02,3.600000000000000000e+01,2.400000000000000000e+01
1.680080646207602739e+09,1.623600000000000000e+04,3.360000000000000000e+02,2.800000000000000000e+02,-6.160000000000000000e+02,3.900000000000000000e+01,2.700000000000000000e+01
1.680080646208489895e+09,1.614400000000000000e+04,3.720000000000000000e+02,1.880000000000000000e+02,-6.500000000000000000e+02,3.900000000000000000e+01,4.700000000000000000e+01
1.680080646209418058e+09,1.614400000000000000e+04,3.720000000000000000e+02,1.880000000000000000e+02,-6.700000000000000000e+02,2.400000000000000000e+01,5.400000000000000000e+01
1.680080646210145950e+09,1.625200000000000000e+04,4.880000000000000000e+02,1.600000000000000000e+02,-6.150000000000000000e+02,2.500000000000000000e+01,4.900000000000000000e+01
1.680080646210930109e+09,1.626800000000000000e+04,3.960000000000000000e+02,2.320000000000000000e+02,-5.900000000000000000e+02,3.000000000000000000e+01,3.900000000000000000e+01
1.680080646211696386e+09,1.616400000000000000e+04,3.480000000000000000e+02,2.800000000000000000e+02,-6.040000000000000000e+02,5.600000000000000000e+01,2.000000000000000000e+01
1.680080646212429762e+09,1.616400000000000000e+04,3.480000000000000000e+02,2.800000000000000000e+02,-6.390000000000000000e+02,5.400000000000000000e+01,1.700000000000000000e+01
1.680080646213174582e+09,1.620800000000000000e+04,3.400000000000000000e+02,4.000000000000000000e+02,-6.870000000000000000e+02,4.000000000000000000e+01,2.300000000000000000e+01
1.680080646213949919e+09,1.628800000000000000e+04,3.600000000000000000e+02,2.600000000000000000e+02,-6.690000000000000000e+02,1.700000000000000000e+01,3.900000000000000000e+01
1.680080646214686394e+09,1.625200000000000000e+04,3.600000000000000000e+02,3.160000000000000000e+02,-6.260000000000000000e+02,2.700000000000000000e+01,4.300000000000000000e+01
1.680080646215483427e+09,1.607200000000000000e+04,3.920000000000000000e+02,2.720000000000000000e+02,-6.030000000000000000e+02,4.200000000000000000e+01,5.800000000000000000e+01
1.680080646216218472e+09,1.607200000000000000e+04,3.920000000000000000e+02,2.720000000000000000e+02,-6.140000000000000000e+02,5.100000000000000000e+01,4.200000000000000000e+01
1.680080646216952324e+09,1.614000000000000000e+04,2.880000000000000000e+02,3.080000000000000000e+02,-6.470000000000000000e+02,3.700000000000000000e+01,3.400000000000000000e+01
1.680080646217696905e+09,1.623200000000000000e+04,3.040000000000000000e+02,2.520000000000000000e+02,-6.700000000000000000e+02,2.700000000000000000e+01,2.300000000000000000e+01
1.680080646218429327e+09,1.622400000000000000e+04,3.120000000000000000e+02,1.600000000000000000e+02,-6.380000000000000000e+02,2.900000000000000000e+01,1.500000000000000000e+01
1.680080646219159842e+09,1.622400000000000000e+04,3.120000000000000000e+02,1.600000000000000000e+02,-6.050000000000000000e+02,2.900000000000000000e+01,2.100000000000000000e+01
1.680080646219887257e+09,1.616800000000000000e+04,3.360000000000000000e+02,2.560000000000000000e+02,-6.130000000000000000e+02,5.400000000000000000e+01,3.500000000000000000e+01
1.680080646220628500e+09,1.619200000000000000e+04,3.080000000000000000e+02,1.400000000000000000e+02,-6.350000000000000000e+02,8.000000000000000000e+01,5.100000000000000000e+01
1.680080646221353292e+09,1.619200000000000000e+04,3.080000000000000000e+02,1.400000000000000000e+02,-6.580000000000000000e+02,5.900000000000000000e+01,4.800000000000000000e+01
1.680080646222224236e+09,1.616400000000000000e+04,4.520000000000000000e+02,2.200000000000000000e+02,-6.560000000000000000e+02,2.000000000000000000e+01,4.300000000000000000e+01
1.680080646223043680e+09,1.617200000000000000e+04,3.240000000000000000e+02,2.480000000000000000e+02,-6.200000000000000000e+02,1.500000000000000000e+01,3.100000000000000000e+01
1.680080646223793983e+09,1.618800000000000000e+04,2.360000000000000000e+02,3.400000000000000000e+02,-6.160000000000000000e+02,3.200000000000000000e+01,2.200000000000000000e+01
1.680080646224518299e+09,1.614400000000000000e+04,2.480000000000000000e+02,3.200000000000000000e+02,-6.230000000000000000e+02,4.400000000000000000e+01,2.700000000000000000e+01
1.680080646225249529e+09,1.614400000000000000e+04,2.480000000000000000e+02,3.200000000000000000e+02,-6.480000000000000000e+02,3.100000000000000000e+01,2.400000000000000000e+01
1.680080646226143122e+09,1.618400000000000000e+04,2.960000000000000000e+02,3.280000000000000000e+02,-6.690000000000000000e+02,8.000000000000000000e+00,2.400000000000000000e+01
1.680080646226899385e+09,1.622800000000000000e+04,3.520000000000000000e+02,4.000000000000000000e+02,-6.410000000000000000e+02,1.800000000000000000e+01,2.900000000000000000e+01
1.680080646227770567e+09,1.620800000000000000e+04,3.800000000000000000e+02,3.800000000000000000e+02,-6.050000000000000000e+02,4.600000000000000000e+01,3.600000000000000000e+01
1.680080646228502512e+09,1.612800000000000000e+04,3.760000000000000000e+02,3.840000000000000000e+02,-6.100000000000000000e+02,5.500000000000000000e+01,4.000000000000000000e+01
1.680080646229337454e+09,1.612800000000000000e+04,3.760000000000000000e+02,3.840000000000000000e+02,-6.260000000000000000e+02,5.100000000000000000e+01,4.500000000000000000e+01
1.680080646230070591e+09,1.612400000000000000e+04,3.080000000000000000e+02,4.480000000000000000e+02,-6.600000000000000000e+02,2.200000000000000000e+01,3.700000000000000000e+01
1.680080646231116533e+09,1.618400000000000000e+04,3.680000000000000000e+02,4.760000000000000000e+02,-6.440000000000000000e+02,1.000000000000000000e+01,3.800000000000000000e+01
1.680080646231866598e+09,1.623600000000000000e+04,4.000000000000000000e+02,3.400000000000000000e+02,-6.120000000000000000e+02,3.900000000000000000e+01,3.600000000000000000e+01
1.680080646232592821e+09,1.625200000000000000e+04,3.400000000000000000e+02,2.640000000000000000e+02,-6.060000000000000000e+02,6.300000000000000000e+01,2.500000000000000000e+01
1.680080646233464003e+09,1.625200000000000000e+04,3.400000000000000000e+02,2.640000000000000000e+02,-6.200000000000000000e+02,7.500000000000000000e+01,1.200000000000000000e+01
1.680080646234182358e+09,1.615600000000000000e+04,2.800000000000000000e+02,3.800000000000000000e+02,-6.600000000000000000e+02,2.900000000000000000e+01,4.200000000000000000e+01
1.680080646235062599e+09,1.630000000000000000e+04,2.720000000000000000e+02,2.840000000000000000e+02,-6.620000000000000000e+02,-3.000000000000000000e+00,4.800000000000000000e+01
1.680080646235904694e+09,1.627200000000000000e+04,3.120000000000000000e+02,2.080000000000000000e+02,-6.020000000000000000e+02,6.000000000000000000e+00,3.500000000000000000e+01
1.680080646236691236e+09,1.621600000000000000e+04,2.320000000000000000e+02,3.120000000000000000e+02,-5.940000000000000000e+02,3.500000000000000000e+01,2.500000000000000000e+01
1.680080646237419367e+09,1.620000000000000000e+04,2.920000000000000000e+02,3.360000000000000000e+02,-6.160000000000000000e+02,5.700000000000000000e+01,2.500000000000000000e+01
1.680080646238236666e+09,1.620000000000000000e+04,2.920000000000000000e+02,3.360000000000000000e+02,-6.400000000000000000e+02,6.200000000000000000e+01,3.200000000000000000e+01
1.680080646239009380e+09,1.625200000000000000e+04,3.920000000000000000e+02,3.520000000000000000e+02,-6.470000000000000000e+02,2.100000000000000000e+01,3.500000000000000000e+01
1.680080646239941120e+09,1.620800000000000000e+04,3.840000000000000000e+02,4.080000000000000000e+02,-6.010000000000000000e+02,-1.000000000000000000e+00,3.400000000000000000e+01
1.680080646240673304e+09,1.616800000000000000e+04,3.080000000000000000e+02,4.480000000000000000e+02,-5.970000000000000000e+02,1.500000000000000000e+01,3.200000000000000000e+01
1.680080646241446733e+09,1.624400000000000000e+04,2.920000000000000000e+02,5.000000000000000000e+02,-6.220000000000000000e+02,3.700000000000000000e+01,2.100000000000000000e+01
1.680080646242187023e+09,1.624400000000000000e+04,2.920000000000000000e+02,5.000000000000000000e+02,-6.540000000000000000e+02,4.300000000000000000e+01,2.100000000000000000e+01
1.680080646242915630e+09,1.624800000000000000e+04,2.600000000000000000e+02,3.600000000000000000e+02,-6.730000000000000000e+02,2.800000000000000000e+01,2.400000000000000000e+01
1.680080646243656635e+09,1.617200000000000000e+04,2.200000000000000000e+02,2.840000000000000000e+02,-6.470000000000000000e+02,1.800000000000000000e+01,3.500000000000000000e+01
1.680080646244391680e+09,1.617600000000000000e+04,2.720000000000000000e+02,2.920000000000000000e+02,-6.130000000000000000e+02,2.300000000000000000e+01,4.000000000000000000e+01
1.680080646245115995e+09,1.617600000000000000e+04,2.720000000000000000e+02,2.920000000000000000e+02,-6.020000000000000000e+02,5.300000000000000000e+01,1.600000000000000000e+01
1.680080646245844126e+09,1.618400000000000000e+04,3.120000000000000000e+02,4.040000000000000000e+02,-6.250000000000000000e+02,7.700000000000000000e+01,9.000000000000000000e+00
1.680080646246602535e+09,1.614400000000000000e+04,2.960000000000000000e+02,4.320000000000000000e+02,-6.700000000000000000e+02,6.400000000000000000e+01,2.000000000000000000e+00
1.680080646247493029e+09,1.613200000000000000e+04,3.200000000000000000e+02,4.360000000000000000e+02,-6.800000000000000000e+02,3.300000000000000000e+01,6.000000000000000000e+00
1.680080646248227119e+09,1.613200000000000000e+04,3.200000000000000000e+02,4.360000000000000000e+02,-6.300000000000000000e+02,1.900000000000000000e+01,1.500000000000000000e+01
1.680080646248950005e+09,1.615200000000000000e+04,2.840000000000000000e+02,2.680000000000000000e+02,-5.980000000000000000e+02,2.300000000000000000e+01,4.000000000000000000e+01
1.680080646249682665e+09,1.613200000000000000e+04,3.120000000000000000e+02,2.840000000000000000e+02,-5.920000000000000000e+02,4.300000000000000000e+01,5.200000000000000000e+01
1.680080646250414133e+09,1.622800000000000000e+04,2.760000000000000000e+02,3.040000000000000000e+02,-6.190000000000000000e+02,6.100000000000000000e+01,4.000000000000000000e+01
1.680080646251150131e+09,1.622800000000000000e+04,2.760000000000000000e+02,3.040000000000000000e+02,-6.580000000000000000e+02,4.900000000000000000e+01,1.000000000000000000e+01
1.680080646251878977e+09,1.626400000000000000e+04,3.720000000000000000e+02,2.600000000000000000e+02,-6.450000000000000000e+02,8.000000000000000000e+00,-2.000000000000000000e+00
1.680080646252844572e+09,1.609200000000000000e+04,3.360000000000000000e+02,3.640000000000000000e+02,-6.040000000000000000e+02,-2.000000000000000000e+00,1.000000000000000000e+01
1.680080646253605366e+09,1.615200000000000000e+04,3.320000000000000000e+02,3.840000000000000000e+02,-5.870000000000000000e+02,3.000000000000000000e+01,2.300000000000000000e+01
1.680080646254337788e+09,1.626000000000000000e+04,3.160000000000000000e+02,3.800000000000000000e+02,-6.130000000000000000e+02,5.400000000000000000e+01,3.300000000000000000e+01
1.680080646255065680e+09,1.626000000000000000e+04,3.160000000000000000e+02,3.800000000000000000e+02,-6.690000000000000000e+02,4.100000000000000000e+01,2.800000000000000000e+01
1.680080646255798340e+09,1.624000000000000000e+04,2.840000000000000000e+02,3.880000000000000000e+02,-6.890000000000000000e+02,1.400000000000000000e+01,2.800000000000000000e+01
1.680080646256700754e+09,1.626400000000000000e+04,2.720000000000000000e+02,4.000000000000000000e+02,-6.440000000000000000e+02,1.900000000000000000e+01,3.800000000000000000e+01
1.680080646257624149e+09,1.627200000000000000e+04,2.480000000000000000e+02,4.000000000000000000e+02,-5.840000000000000000e+02,4.600000000000000000e+01,4.100000000000000000e+01
1.680080646258354425e+09,1.618800000000000000e+04,2.960000000000000000e+02,3.760000000000000000e+02,-5.820000000000000000e+02,5.900000000000000000e+01,3.000000000000000000e+01
1.680080646259141922e+09,1.618800000000000000e+04,2.960000000000000000e+02,3.760000000000000000e+02,-6.240000000000000000e+02,5.400000000000000000e+01,2.800000000000000000e+01
1.680080646259877443e+09,1.620400000000000000e+04,2.720000000000000000e+02,4.640000000000000000e+02,-6.660000000000000000e+02,3.600000000000000000e+01,3.200000000000000000e+01
1.680080646260615110e+09,1.627200000000000000e+04,3.520000000000000000e+02,4.040000000000000000e+02,-6.540000000000000000e+02,2.800000000000000000e+01,2.600000000000000000e+01
1.680080646261377335e+09,1.624800000000000000e+04,2.400000000000000000e+02,3.160000000000000000e+02,-6.110000000000000000e+02,3.700000000000000000e+01,4.200000000000000000e+01
1.680080646262106895e+09,1.624800000000000000e+04,2.400000000000000000e+02,3.160000000000000000e+02,-5.920000000000000000e+02,3.500000000000000000e+01,4.700000000000000000e+01
1.680080646263146639e+09,1.625200000000000000e+04,3.160000000000000000e+02,3.160000000000000000e+02,-6.270000000000000000e+02,6.300000000000000000e+01,4.400000000000000000e+01
1.680080646263916254e+09,1.628000000000000000e+04,3.160000000000000000e+02,2.840000000000000000e+02,-6.620000000000000000e+02,4.300000000000000000e+01,2.200000000000000000e+01
1.680080646264653206e+09,1.633200000000000000e+04,3.120000000000000000e+02,3.200000000000000000e+02,-6.500000000000000000e+02,3.400000000000000000e+01,2.200000000000000000e+01
1.680080646265391827e+09,1.622000000000000000e+04,3.680000000000000000e+02,2.720000000000000000e+02,-6.150000000000000000e+02,3.400000000000000000e+01,2.000000000000000000e+01
1.680080646266358852e+09,1.615200000000000000e+04,3.520000000000000000e+02,3.960000000000000000e+02,-6.330000000000000000e+02,3.400000000000000000e+01,2.000000000000000000e+00
1.680080646267162561e+09,1.615200000000000000e+04,3.520000000000000000e+02,3.960000000000000000e+02,-6.200000000000000000e+02,3.700000000000000000e+01,1.400000000000000000e+01
1.680080646267888784e+09,1.612000000000000000e+04,2.800000000000000000e+02,3.320000000000000000e+02,-6.200000000000000000e+02,4.000000000000000000e+01,3.500000000000000000e+01
1.680080646268616438e+09,1.620800000000000000e+04,3.360000000000000000e+02,3.320000000000000000e+02,-6.480000000000000000e+02,2.300000000000000000e+01,5.100000000000000000e+01
1.680080646269347191e+09,1.624800000000000000e+04,3.600000000000000000e+02,4.160000000000000000e+02,-6.570000000000000000e+02,2.400000000000000000e+01,4.900000000000000000e+01
1.680080646270082474e+09,1.624800000000000000e+04,3.600000000000000000e+02,4.160000000000000000e+02,-6.380000000000000000e+02,3.300000000000000000e+01,4.100000000000000000e+01
1.680080646270805359e+09,1.610800000000000000e+04,4.160000000000000000e+02,4.120000000000000000e+02,-6.250000000000000000e+02,5.000000000000000000e+01,3.000000000000000000e+01
1.680080646271532536e+09,1.615200000000000000e+04,2.160000000000000000e+02,3.280000000000000000e+02,-6.430000000000000000e+02,4.200000000000000000e+01,3.100000000000000000e+01
1.680080646272275686e+09,1.608800000000000000e+04,2.640000000000000000e+02,3.600000000000000000e+02,-6.480000000000000000e+02,1.300000000000000000e+01,3.300000000000000000e+01
1.680080646273110867e+09,1.608800000000000000e+04,2.640000000000000000e+02,3.600000000000000000e+02,-6.160000000000000000e+02,1.000000000000000000e+01,3.800000000000000000e+01
1.680080646273987293e+09,1.617600000000000000e+04,3.120000000000000000e+02,3.360000000000000000e+02,-6.060000000000000000e+02,2.600000000000000000e+01,3.400000000000000000e+01
1.680080646274715424e+09,1.614400000000000000e+04,3.360000000000000000e+02,3.520000000000000000e+02,-6.160000000000000000e+02,4.300000000000000000e+01,2.400000000000000000e+01
1.680080646275475502e+09,1.610800000000000000e+04,2.560000000000000000e+02,3.280000000000000000e+02,-6.280000000000000000e+02,3.200000000000000000e+01,2.600000000000000000e+01
1.680080646276211023e+09,1.610800000000000000e+04,2.560000000000000000e+02,3.280000000000000000e+02,-6.430000000000000000e+02,2.100000000000000000e+01,2.600000000000000000e+01
1.680080646276988983e+09,1.618400000000000000e+04,2.200000000000000000e+02,1.880000000000000000e+02,-6.370000000000000000e+02,3.500000000000000000e+01,2.700000000000000000e+01
1.680080646277797699e+09,1.616400000000000000e+04,2.720000000000000000e+02,2.560000000000000000e+02,-6.100000000000000000e+02,3.900000000000000000e+01,3.300000000000000000e+01
1.680080646278588057e+09,1.621200000000000000e+04,2.520000000000000000e+02,2.640000000000000000e+02,-6.260000000000000000e+02,1.900000000000000000e+01,3.100000000000000000e+01
1.680080646279316187e+09,1.615600000000000000e+04,2.640000000000000000e+02,3.640000000000000000e+02,-6.420000000000000000e+02,-4.000000000000000000e+00,1.900000000000000000e+01
1.680080646280047655e+09,1.615600000000000000e+04,2.640000000000000000e+02,3.640000000000000000e+02,-6.220000000000000000e+02,-3.000000000000000000e+00,1.900000000000000000e+01
1.680080646280775070e+09,1.612800000000000000e+04,3.120000000000000000e+02,4.720000000000000000e+02,-5.950000000000000000e+02,3.000000000000000000e+00,2.900000000000000000e+01
1.680080646281593561e+09,1.611600000000000000e+04,4.160000000000000000e+02,2.960000000000000000e+02,-5.880000000000000000e+02,1.100000000000000000e+01,5.300000000000000000e+01
1.680080646282366037e+09,1.612800000000000000e+04,3.920000000000000000e+02,2.840000000000000000e+02,-6.060000000000000000e+02,5.200000000000000000e+01,4.800000000000000000e+01
1.680080646283290863e+09,1.620800000000000000e+04,3.440000000000000000e+02,3.680000000000000000e+02,-6.520000000000000000e+02,4.000000000000000000e+01,2.200000000000000000e+01
1.680080646284084558e+09,1.620800000000000000e+04,3.440000000000000000e+02,3.680000000000000000e+02,-6.430000000000000000e+02,1.700000000000000000e+01,1.700000000000000000e+01
1.680080646284818411e+09,1.618000000000000000e+04,2.800000000000000000e+02,4.360000000000000000e+02,-6.100000000000000000e+02,2.100000000000000000e+01,2.500000000000000000e+01
1.680080646285545111e+09,1.616800000000000000e+04,2.160000000000000000e+02,3.240000000000000000e+02,-6.060000000000000000e+02,3.200000000000000000e+01,4.000000000000000000e+01
1.680080646286272526e+09,1.626000000000000000e+04,2.400000000000000000e+02,3.480000000000000000e+02,-6.190000000000000000e+02,6.800000000000000000e+01,3.900000000000000000e+01
1.680080646287168264e+09,1.626000000000000000e+04,2.400000000000000000e+02,3.480000000000000000e+02,-6.550000000000000000e+02,7.600000000000000000e+01,3.500000000000000000e+01
1.680080646288052559e+09,1.623600000000000000e+04,2.360000000000000000e+02,4.000000000000000000e+02,-6.690000000000000000e+02,4.200000000000000000e+01,4.100000000000000000e+01
1.680080646288850546e+09,1.622800000000000000e+04,3.400000000000000000e+02,2.600000000000000000e+02,-6.460000000000000000e+02,1.900000000000000000e+01,4.600000000000000000e+01
1.680080646289638758e+09,1.625600000000000000e+04,3.560000000000000000e+02,3.800000000000000000e+02,-6.230000000000000000e+02,2.300000000000000000e+01,2.300000000000000000e+01
1.680080646290369272e+09,1.616000000000000000e+04,3.000000000000000000e+02,3.320000000000000000e+02,-6.230000000000000000e+02,5.100000000000000000e+01,1.400000000000000000e+01
1.680080646291126013e+09,1.616000000000000000e+04,3.000000000000000000e+02,3.320000000000000000e+02,-6.440000000000000000e+02,6.300000000000000000e+01,6.000000000000000000e+00
1.680080646291967392e+09,1.613200000000000000e+04,2.960000000000000000e+02,3.640000000000000000e+02,-6.320000000000000000e+02,5.000000000000000000e+01,1.100000000000000000e+01
1.680080646292896032e+09,1.610800000000000000e+04,3.200000000000000000e+02,2.280000000000000000e+02,-6.010000000000000000e+02,4.700000000000000000e+01,2.200000000000000000e+01
1.680080646293653011e+09,1.608400000000000000e+04,3.080000000000000000e+02,3.360000000000000000e+02,-5.940000000000000000e+02,4.900000000000000000e+01,1.900000000000000000e+01
1.680080646294435501e+09,1.613600000000000000e+04,2.080000000000000000e+02,4.000000000000000000e+02,-6.220000000000000000e+02,5.400000000000000000e+01,1.500000000000000000e+01
1.680080646295211077e+09,1.620400000000000000e+04,2.640000000000000000e+02,2.920000000000000000e+02,-6.530000000000000000e+02,3.700000000000000000e+01,2.100000000000000000e+01
1.680080646296039343e+09,1.620400000000000000e+04,2.640000000000000000e+02,2.920000000000000000e+02,-6.700000000000000000e+02,7.000000000000000000e+00,3.000000000000000000e+01
1.680080646296887398e+09,1.624800000000000000e+04,2.640000000000000000e+02,2.800000000000000000e+02,-6.210000000000000000e+02,-2.000000000000000000e+00,3.400000000000000000e+01
1.680080646297682762e+09,1.625200000000000000e+04,1.760000000000000000e+02,3.560000000000000000e+02,-5.860000000000000000e+02,3.500000000000000000e+01,4.000000000000000000e+01
1.680080646298412800e+09,1.624400000000000000e+04,2.280000000000000000e+02,2.920000000000000000e+02,-5.970000000000000000e+02,5.000000000000000000e+01,4.800000000000000000e+01
1.680080646299149752e+09,1.624400000000000000e+04,2.280000000000000000e+02,2.920000000000000000e+02,-6.330000000000000000e+02,5.600000000000000000e+01,4.400000000000000000e+01
1.680080646299878359e+09,1.616800000000000000e+04,1.720000000000000000e+02,2.920000000000000000e+02,-6.720000000000000000e+02,4.000000000000000000e+01,5.600000000000000000e+01
1.680080646300600052e+09,1.620800000000000000e+04,2.240000000000000000e+02,3.040000000000000000e+02,-6.640000000000000000e+02,2.700000000000000000e+01,5.000000000000000000e+01
1.680080646301326752e+09,1.616800000000000000e+04,3.200000000000000000e+02,2.680000000000000000e+02,-6.390000000000000000e+02,3.300000000000000000e+01,3.700000000000000000e+01
1.680080646302051783e+09,1.616800000000000000e+04,3.200000000000000000e+02,2.680000000000000000e+02,-6.220000000000000000e+02,3.700000000000000000e+01,3.500000000000000000e+01
1.680080646302784920e+09,1.622800000000000000e+04,3.160000000000000000e+02,2.680000000000000000e+02,-6.330000000000000000e+02,2.300000000000000000e+01,3.200000000000000000e+01
1.680080646303623676e+09,1.613600000000000000e+04,2.720000000000000000e+02,1.960000000000000000e+02,-6.280000000000000000e+02,4.000000000000000000e+00,3.400000000000000000e+01
1.680080646304361105e+09,1.622000000000000000e+04,2.400000000000000000e+02,3.560000000000000000e+02,-6.010000000000000000e+02,1.000000000000000000e+01,3.800000000000000000e+01
1.680080646305088043e+09,1.622000000000000000e+04,2.400000000000000000e+02,3.560000000000000000e+02,-6.080000000000000000e+02,2.600000000000000000e+01,3.900000000000000000e+01
1.680080646305819988e+09,1.615200000000000000e+04,2.840000000000000000e+02,1.600000000000000000e+02,-6.220000000000000000e+02,3.900000000000000000e+01,3.700000000000000000e+01
1.680080646306565285e+09,1.618800000000000000e+04,3.440000000000000000e+02,2.040000000000000000e+02,-6.480000000000000000e+02,3.900000000000000000e+01,2.800000000000000000e+01
1.680080646307305813e+09,1.622800000000000000e+04,3.200000000000000000e+02,2.920000000000000000e+02,-6.750000000000000000e+02,5.000000000000000000e+00,1.400000000000000000e+01
1.680080646308036804e+09,1.622800000000000000e+04,3.200000000000000000e+02,2.920000000000000000e+02,-6.610000000000000000e+02,-8.000000000000000000e+00,9.000000000000000000e+00
1.680080646308760881e+09,1.618800000000000000e+04,3.080000000000000000e+02,3.200000000000000000e+02,-6.180000000000000000e+02,1.200000000000000000e+01,2.300000000000000000e+01
1.680080646309508562e+09,1.611600000000000000e+04,2.600000000000000000e+02,3.840000000000000000e+02,-6.020000000000000000e+02,4.800000000000000000e+01,3.000000000000000000e+01
1.680080646310238123e+09,1.616400000000000000e+04,2.760000000000000000e+02,2.560000000000000000e+02,-6.250000000000000000e+02,6.800000000000000000e+01,3.100000000000000000e+01
1.680080646311255693e+09,1.630000000000000000e+04,2.440000000000000000e+02,2.600000000000000000e+02,-6.730000000000000000e+02,4.400000000000000000e+01,3.300000000000000000e+01
1.680080646312001944e+09,1.630000000000000000e+04,2.440000000000000000e+02,2.600000000000000000e+02,-6.520000000000000000e+02,6.000000000000000000e+00,4.300000000000000000e+01
1.680080646312835932e+09,1.628800000000000000e+04,2.200000000000000000e+02,2.920000000000000000e+02,-5.910000000000000000e+02,1.500000000000000000e+01,4.900000000000000000e+01
1.680080646313566923e+09,1.618400000000000000e+04,3.680000000000000000e+02,2.400000000000000000e+02,-5.690000000000000000e+02,4.400000000000000000e+01,5.600000000000000000e+01
1.680080646314301252e+09,1.610000000000000000e+04,2.640000000000000000e+02,3.280000000000000000e+02,-5.970000000000000000e+02,6.700000000000000000e+01,4.900000000000000000e+01
1.680080646315035105e+09,1.610000000000000000e+04,2.640000000000000000e+02,3.280000000000000000e+02,-6.480000000000000000e+02,6.700000000000000000e+01,3.600000000000000000e+01
1.680080646315899611e+09,1.607200000000000000e+04,2.800000000000000000e+02,3.320000000000000000e+02,-6.780000000000000000e+02,4.100000000000000000e+01,1.800000000000000000e+01
1.680080646316793680e+09,1.608800000000000000e+04,4.000000000000000000e+02,2.920000000000000000e+02,-6.490000000000000000e+02,2.300000000000000000e+01,1.900000000000000000e+01
1.680080646317674637e+09,1.618400000000000000e+04,3.680000000000000000e+02,1.720000000000000000e+02,-6.210000000000000000e+02,3.100000000000000000e+01,2.000000000000000000e+01
1.680080646318405390e+09,1.616400000000000000e+04,2.240000000000000000e+02,4.000000000000000000e+02,-6.230000000000000000e+02,4.800000000000000000e+01,1.900000000000000000e+01
1.680080646319235802e+09,1.615200000000000000e+04,2.520000000000000000e+02,4.960000000000000000e+02,-6.440000000000000000e+02,4.400000000000000000e+01,1.700000000000000000e+01
1.680080646320124865e+09,1.617600000000000000e+04,2.520000000000000000e+02,3.400000000000000000e+02,-6.710000000000000000e+02,1.500000000000000000e+01,2.500000000000000000e+01
1.680080646320899248e+09,1.617600000000000000e+04,2.520000000000000000e+02,3.400000000000000000e+02,-6.260000000000000000e+02,1.600000000000000000e+01,4.200000000000000000e+01
1.680080646321635485e+09,1.612800000000000000e+04,3.760000000000000000e+02,3.040000000000000000e+02,-6.040000000000000000e+02,3.500000000000000000e+01,5.100000000000000000e+01
1.680080646322474480e+09,1.611600000000000000e+04,3.080000000000000000e+02,3.640000000000000000e+02,-6.070000000000000000e+02,6.500000000000000000e+01,4.600000000000000000e+01
1.680080646323209524e+09,1.618000000000000000e+04,3.120000000000000000e+02,3.160000000000000000e+02,-6.270000000000000000e+02,7.700000000000000000e+01,3.600000000000000000e+01
1.680080646323989153e+09,1.618000000000000000e+04,3.120000000000000000e+02,3.160000000000000000e+02,-6.580000000000000000e+02,5.900000000000000000e+01,2.000000000000000000e+01
1.680080646324724197e+09,1.614800000000000000e+04,2.360000000000000000e+02,2.840000000000000000e+02,-6.770000000000000000e+02,2.100000000000000000e+01,1.200000000000000000e+01
1.680080646325445652e+09,1.617200000000000000e+04,3.000000000000000000e+02,2.920000000000000000e+02,-6.530000000000000000e+02,-4.000000000000000000e+00,1.700000000000000000e+01
1.680080646326172352e+09,1.622800000000000000e+04,3.120000000000000000e+02,2.720000000000000000e+02,-6.200000000000000000e+02,4.000000000000000000e+00,1.900000000000000000e+01
1.680080646326928377e+09,1.622800000000000000e+04,3.120000000000000000e+02,2.720000000000000000e+02,-6.220000000000000000e+02,3.200000000000000000e+01,1.500000000000000000e+01
1.680080646327656269e+09,1.618800000000000000e+04,2.760000000000000000e+02,3.560000000000000000e+02,-6.370000000000000000e+02,6.500000000000000000e+01,2.200000000000000000e+01
1.680080646328417540e+09,1.618000000000000000e+04,4.080000000000000000e+02,2.440000000000000000e+02,-6.740000000000000000e+02,6.700000000000000000e+01,2.100000000000000000e+01
1.680080646329288960e+09,1.613200000000000000e+04,2.920000000000000000e+02,4.120000000000000000e+02,-6.770000000000000000e+02,3.200000000000000000e+01,3.500000000000000000e+01
1.680080646330034018e+09,1.613200000000000000e+04,2.920000000000000000e+02,4.120000000000000000e+02,-6.350000000000000000e+02,2.200000000000000000e+01,3.900000000000000000e+01
1.680080646330763340e+09,1.616000000000000000e+04,2.120000000000000000e+02,3.800000000000000000e+02,-6.050000000000000000e+02,3.800000000000000000e+01,3.800000000000000000e+01
1.680080646331535578e+09,1.624000000000000000e+04,2.600000000000000000e+02,3.400000000000000000e+02,-6.090000000000000000e+02,5.700000000000000000e+01,2.900000000000000000e+01
1.680080646332269430e+09,1.624000000000000000e+04,3.440000000000000000e+02,3.920000000000000000e+02,-6.330000000000000000e+02,4.900000000000000000e+01,4.000000000000000000e+01
1.680080646333013773e+09,1.624000000000000000e+04,3.440000000000000000e+02,3.920000000000000000e+02,-6.590000000000000000e+02,4.000000000000000000e+01,3.300000000000000000e+01
1.680080646333740711e+09,1.614000000000000000e+04,3.360000000000000000e+02,2.720000000000000000e+02,-6.460000000000000000e+02,3.900000000000000000e+01,1.600000000000000000e+01
1.680080646334481955e+09,1.621200000000000000e+04,3.040000000000000000e+02,2.680000000000000000e+02,-6.170000000000000000e+02,5.000000000000000000e+01,1.600000000000000000e+01
1.680080646335304022e+09,1.622800000000000000e+04,2.960000000000000000e+02,3.480000000000000000e+02,-6.210000000000000000e+02,5.800000000000000000e+01,2.900000000000000000e+01
1.680080646336256504e+09,1.615600000000000000e+04,3.000000000000000000e+02,4.200000000000000000e+02,-6.450000000000000000e+02,4.700000000000000000e+01,3.000000000000000000e+01
1.680080646337057590e+09,1.614800000000000000e+04,3.960000000000000000e+02,4.240000000000000000e+02,-6.800000000000000000e+02,1.900000000000000000e+01,3.800000000000000000e+01
1.680080646337804079e+09,1.614800000000000000e+04,3.960000000000000000e+02,4.240000000000000000e+02,-6.480000000000000000e+02,4.000000000000000000e+00,3.700000000000000000e+01
1.680080646338533878e+09,1.618000000000000000e+04,3.800000000000000000e+02,2.800000000000000000e+02,-6.020000000000000000e+02,1.500000000000000000e+01,3.300000000000000000e+01
1.680080646339270830e+09,1.621200000000000000e+04,3.040000000000000000e+02,4.120000000000000000e+02,-5.890000000000000000e+02,4.100000000000000000e+01,2.800000000000000000e+01
1.680080646340008020e+09,1.611600000000000000e+04,2.840000000000000000e+02,3.320000000000000000e+02,-6.170000000000000000e+02,6.300000000000000000e+01,1.300000000000000000e+01
1.680080646340732574e+09,1.611600000000000000e+04,2.840000000000000000e+02,3.320000000000000000e+02,-6.610000000000000000e+02,6.000000000000000000e+01,2.000000000000000000e+00
1.680080646341464996e+09,1.621200000000000000e+04,3.040000000000000000e+02,2.560000000000000000e+02,-6.780000000000000000e+02,2.900000000000000000e+01,2.300000000000000000e+01
1.680080646342189550e+09,1.622000000000000000e+04,2.120000000000000000e+02,3.600000000000000000e+02,-6.540000000000000000e+02,7.000000000000000000e+00,4.200000000000000000e+01
1.680080646342919827e+09,1.622000000000000000e+04,2.120000000000000000e+02,3.600000000000000000e+02,-6.130000000000000000e+02,1.700000000000000000e+01,5.600000000000000000e+01
1.680080646343754053e+09,1.620800000000000000e+04,3.240000000000000000e+02,3.520000000000000000e+02,-6.010000000000000000e+02,2.700000000000000000e+01,5.300000000000000000e+01
1.680080646344491959e+09,1.625200000000000000e+04,2.600000000000000000e+02,4.480000000000000000e+02,-6.080000000000000000e+02,3.200000000000000000e+01,3.000000000000000000e+01
1.680080646345216274e+09,1.618400000000000000e+04,3.080000000000000000e+02,2.680000000000000000e+02,-6.420000000000000000e+02,5.300000000000000000e+01,2.000000000000000000e+01
1.680080646346093655e+09,1.618400000000000000e+04,3.080000000000000000e+02,2.680000000000000000e+02,-6.700000000000000000e+02,3.900000000000000000e+01,2.600000000000000000e+01
1.680080646346849203e+09,1.622400000000000000e+04,3.240000000000000000e+02,3.520000000000000000e+02,-6.360000000000000000e+02,1.500000000000000000e+01,3.900000000000000000e+01
1.680080646347591400e+09,1.622800000000000000e+04,3.480000000000000000e+02,3.640000000000000000e+02,-6.020000000000000000e+02,1.700000000000000000e+01,4.200000000000000000e+01
1.680080646348418474e+09,1.619600000000000000e+04,3.280000000000000000e+02,4.360000000000000000e+02,-6.080000000000000000e+02,3.300000000000000000e+01,5.000000000000000000e+01
1.680080646349358082e+09,1.614000000000000000e+04,3.080000000000000000e+02,3.040000000000000000e+02,-6.440000000000000000e+02,3.300000000000000000e+01,3.700000000000000000e+01
1.680080646350093126e+09,1.606800000000000000e+04,3.160000000000000000e+02,2.720000000000000000e+02,-6.600000000000000000e+02,2.000000000000000000e+00,2.800000000000000000e+01
1.680080646350825310e+09,1.606800000000000000e+04,3.160000000000000000e+02,2.720000000000000000e+02,-6.280000000000000000e+02,-1.000000000000000000e+00,2.600000000000000000e+01
1.680080646351551294e+09,1.624400000000000000e+04,2.600000000000000000e+02,2.840000000000000000e+02,-5.960000000000000000e+02,1.100000000000000000e+01,4.200000000000000000e+01
1.680080646352288485e+09,1.631600000000000000e+04,3.480000000000000000e+02,1.600000000000000000e+02,-6.000000000000000000e+02,3.500000000000000000e+01,4.400000000000000000e+01
1.680080646353005886e+09,1.620800000000000000e+04,3.640000000000000000e+02,3.080000000000000000e+02,-6.250000000000000000e+02,6.500000000000000000e+01,3.400000000000000000e+01
1.680080646353891134e+09,1.620800000000000000e+04,3.640000000000000000e+02,3.080000000000000000e+02,-6.540000000000000000e+02,6.400000000000000000e+01,3.000000000000000000e+01
1.680080646354676008e+09,1.610800000000000000e+04,3.520000000000000000e+02,2.760000000000000000e+02,-6.570000000000000000e+02,2.800000000000000000e+01,2.500000000000000000e+01
1.680080646355461836e+09,1.611600000000000000e+04,2.840000000000000000e+02,3.440000000000000000e+02,-6.270000000000000000e+02,3.000000000000000000e+00,3.600000000000000000e+01
1.680080646356199503e+09,1.618000000000000000e+04,2.760000000000000000e+02,3.680000000000000000e+02,-5.920000000000000000e+02,2.300000000000000000e+01,4.200000000000000000e+01
1.680080646356949329e+09,1.618000000000000000e+04,2.760000000000000000e+02,3.680000000000000000e+02,-5.990000000000000000e+02,4.400000000000000000e+01,4.000000000000000000e+01
1.680080646357882738e+09,1.619600000000000000e+04,2.600000000000000000e+02,2.880000000000000000e+02,-6.440000000000000000e+02,6.300000000000000000e+01,2.800000000000000000e+01
1.680080646358721495e+09,1.625600000000000000e+04,2.720000000000000000e+02,2.280000000000000000e+02,-6.610000000000000000e+02,4.700000000000000000e+01,1.500000000000000000e+01
1.680080646359481573e+09,1.618400000000000000e+04,2.840000000000000000e+02,3.120000000000000000e+02,-6.310000000000000000e+02,3.200000000000000000e+01,5.000000000000000000e+00
1.680080646360285282e+09,1.618800000000000000e+04,3.480000000000000000e+02,3.760000000000000000e+02,-5.790000000000000000e+02,2.600000000000000000e+01,4.000000000000000000e+00
1.680080646361016512e+09,1.613200000000000000e+04,3.240000000000000000e+02,3.160000000000000000e+02,-5.980000000000000000e+02,4.000000000000000000e+01,2.400000000000000000e+01
1.680080646361744642e+09,1.613200000000000000e+04,3.240000000000000000e+02,3.160000000000000000e+02,-6.300000000000000000e+02,5.100000000000000000e+01,4.100000000000000000e+01
1.680080646362509251e+09,1.618000000000000000e+04,2.640000000000000000e+02,3.200000000000000000e+02,-6.790000000000000000e+02,4.100000000000000000e+01,5.200000000000000000e+01
1.680080646363242865e+09,1.618400000000000000e+04,3.040000000000000000e+02,2.400000000000000000e+02,-6.850000000000000000e+02,3.600000000000000000e+01,4.600000000000000000e+01
1.680080646364171982e+09,1.610000000000000000e+04,2.560000000000000000e+02,2.240000000000000000e+02,-6.600000000000000000e+02,5.200000000000000000e+01,3.500000000000000000e+01
1.680080646364909410e+09,1.610000000000000000e+04,2.560000000000000000e+02,2.240000000000000000e+02,-6.520000000000000000e+02,4.900000000000000000e+01,3.400000000000000000e+01
1.680080646365767002e+09,1.609200000000000000e+04,2.320000000000000000e+02,3.600000000000000000e+02,-6.340000000000000000e+02,2.700000000000000000e+01,3.100000000000000000e+01
1.680080646366520166e+09,1.609600000000000000e+04,2.680000000000000000e+02,5.360000000000000000e+02,-6.220000000000000000e+02,1.100000000000000000e+01,2.500000000000000000e+01
1.680080646367247105e+09,1.613600000000000000e+04,2.400000000000000000e+02,3.480000000000000000e+02,-6.120000000000000000e+02,3.000000000000000000e+01,2.500000000000000000e+01
1.680080646367976427e+09,1.620000000000000000e+04,1.920000000000000000e+02,2.280000000000000000e+02,-6.330000000000000000e+02,4.800000000000000000e+01,3.200000000000000000e+01
1.680080646368716478e+09,1.620000000000000000e+04,1.920000000000000000e+02,2.280000000000000000e+02,-6.560000000000000000e+02,3.900000000000000000e+01,2.300000000000000000e+01
1.680080646369556665e+09,1.618400000000000000e+04,3.120000000000000000e+02,2.000000000000000000e+02,-6.360000000000000000e+02,2.500000000000000000e+01,1.300000000000000000e+01
1.680080646370293617e+09,1.618800000000000000e+04,2.960000000000000000e+02,2.000000000000000000e+02,-6.120000000000000000e+02,1.300000000000000000e+01,5.000000000000000000e+00
1.680080646371017218e+09,1.618400000000000000e+04,2.720000000000000000e+02,3.400000000000000000e+02,-6.140000000000000000e+02,2.200000000000000000e+01,2.100000000000000000e+01
1.680080646371749878e+09,1.618400000000000000e+04,2.720000000000000000e+02,3.400000000000000000e+02,-6.260000000000000000e+02,2.700000000000000000e+01,3.400000000000000000e+01
1.680080646372477293e+09,1.618800000000000000e+04,3.120000000000000000e+02,3.320000000000000000e+02,-6.480000000000000000e+02,1.700000000000000000e+01,3.600000000000000000e+01
1.680080646373219490e+09,1.612800000000000000e+04,2.720000000000000000e+02,3.880000000000000000e+02,-6.570000000000000000e+02,0.000000000000000000e+00,3.700000000000000000e+01
1.680080646373947144e+09,1.624800000000000000e+04,3.280000000000000000e+02,4.240000000000000000e+02,-6.250000000000000000e+02,0.000000000000000000e+00,2.900000000000000000e+01
1.680080646374758720e+09,1.624800000000000000e+04,3.280000000000000000e+02,4.240000000000000000e+02,-6.060000000000000000e+02,2.300000000000000000e+01,1.200000000000000000e+01
1.680080646375487804e+09,1.616000000000000000e+04,3.320000000000000000e+02,4.120000000000000000e+02,-6.260000000000000000e+02,5.200000000000000000e+01,1.000000000000000000e+00
1.680080646376477718e+09,1.610800000000000000e+04,3.200000000000000000e+02,2.320000000000000000e+02,-6.640000000000000000e+02,5.300000000000000000e+01,1.600000000000000000e+01
1.680080646377256870e+09,1.613200000000000000e+04,3.280000000000000000e+02,2.120000000000000000e+02,-6.730000000000000000e+02,2.100000000000000000e+01,2.800000000000000000e+01
1.680080646377992153e+09,1.613600000000000000e+04,3.480000000000000000e+02,2.720000000000000000e+02,-6.260000000000000000e+02,1.100000000000000000e+01,2.100000000000000000e+01
1.680080646378718376e+09,1.613600000000000000e+04,3.480000000000000000e+02,2.720000000000000000e+02,-5.960000000000000000e+02,1.800000000000000000e+01,1.400000000000000000e+01
1.680080646379452467e+09,1.616400000000000000e+04,4.000000000000000000e+02,2.280000000000000000e+02,-5.990000000000000000e+02,2.800000000000000000e+01,2.500000000000000000e+01
1.680080646380342245e+09,1.617600000000000000e+04,3.400000000000000000e+02,2.440000000000000000e+02,-6.440000000000000000e+02,3.200000000000000000e+01,4.000000000000000000e+01
1.680080646381217718e+09,1.615600000000000000e+04,2.960000000000000000e+02,2.960000000000000000e+02,-6.850000000000000000e+02,2.300000000000000000e+01,4.600000000000000000e+01
1.680080646381992102e+09,1.608400000000000000e+04,2.760000000000000000e+02,2.840000000000000000e+02,-6.690000000000000000e+02,1.100000000000000000e+01,3.200000000000000000e+01
1.680080646382786036e+09,1.608400000000000000e+04,2.760000000000000000e+02,2.840000000000000000e+02,-6.270000000000000000e+02,2.000000000000000000e+01,3.100000000000000000e+01
1.680080646383578062e+09,1.622400000000000000e+04,3.080000000000000000e+02,3.600000000000000000e+02,-6.110000000000000000e+02,3.600000000000000000e+01,3.200000000000000000e+01
1.680080646384393930e+09,1.616400000000000000e+04,3.120000000000000000e+02,3.200000000000000000e+02,-6.250000000000000000e+02,5.200000000000000000e+01,3.600000000000000000e+01
1.680080646385133028e+09,1.617600000000000000e+04,3.040000000000000000e+02,4.040000000000000000e+02,-6.630000000000000000e+02,4.800000000000000000e+01,3.400000000000000000e+01
1.680080646386107206e+09,1.624000000000000000e+04,3.840000000000000000e+02,3.120000000000000000e+02,-6.750000000000000000e+02,3.200000000000000000e+01,3.100000000000000000e+01
1.680080646386885643e+09,1.618000000000000000e+04,4.240000000000000000e+02,3.840000000000000000e+02,-6.140000000000000000e+02,2.800000000000000000e+01,3.200000000000000000e+01
1.680080646387630701e+09,1.618000000000000000e+04,4.240000000000000000e+02,3.840000000000000000e+02,-5.790000000000000000e+02,3.800000000000000000e+01,4.000000000000000000e+01
1.680080646388362646e+09,1.614400000000000000e+04,3.920000000000000000e+02,3.920000000000000000e+02,-6.010000000000000000e+02,5.500000000000000000e+01,4.300000000000000000e+01
1.680080646389101267e+09,1.623600000000000000e+04,3.680000000000000000e+02,2.480000000000000000e+02,-6.390000000000000000e+02,6.000000000000000000e+01,4.800000000000000000e+01
1.680080646389939308e+09,1.615200000000000000e+04,3.320000000000000000e+02,3.760000000000000000e+02,-6.590000000000000000e+02,5.800000000000000000e+01,3.200000000000000000e+01
1.680080646390676498e+09,1.615200000000000000e+04,3.320000000000000000e+02,3.760000000000000000e+02,-6.450000000000000000e+02,5.200000000000000000e+01,2.900000000000000000e+01
1.680080646391438961e+09,1.618800000000000000e+04,3.280000000000000000e+02,4.600000000000000000e+02,-6.310000000000000000e+02,5.300000000000000000e+01,2.900000000000000000e+01
1.680080646392173052e+09,1.626800000000000000e+04,2.960000000000000000e+02,2.600000000000000000e+02,-6.400000000000000000e+02,6.200000000000000000e+01,2.900000000000000000e+01
1.680080646393105745e+09,1.616400000000000000e+04,3.240000000000000000e+02,2.080000000000000000e+02,-6.480000000000000000e+02,4.200000000000000000e+01,2.200000000000000000e+01
1.680080646393841505e+09,1.616000000000000000e+04,3.440000000000000000e+02,2.920000000000000000e+02,-6.320000000000000000e+02,1.900000000000000000e+01,2.500000000000000000e+01
1.680080646394572258e+09,1.616000000000000000e+04,3.440000000000000000e+02,2.920000000000000000e+02,-6.160000000000000000e+02,1.600000000000000000e+01,3.000000000000000000e+01
1.680080646395296574e+09,1.622400000000000000e+04,3.440000000000000000e+02,4.360000000000000000e+02,-6.380000000000000000e+02,1.700000000000000000e+01,3.500000000000000000e+01
1.680080646396070957e+09,1.613200000000000000e+04,3.600000000000000000e+02,3.840000000000000000e+02,-6.620000000000000000e+02,0.000000000000000000e+00,3.300000000000000000e+01
1.680080646396818161e+09,1.613200000000000000e+04,3.600000000000000000e+02,3.840000000000000000e+02,-6.530000000000000000e+02,1.000000000000000000e+00,3.600000000000000000e+01
1.680080646397563219e+09,1.617200000000000000e+04,2.920000000000000000e+02,3.840000000000000000e+02,-6.130000000000000000e+02,1.500000000000000000e+01,3.700000000000000000e+01
1.680080646398358107e+09,1.623600000000000000e+04,2.920000000000000000e+02,3.200000000000000000e+02,-6.090000000000000000e+02,4.600000000000000000e+01,3.000000000000000000e+01
1.680080646399137497e+09,1.616800000000000000e+04,3.800000000000000000e+02,4.040000000000000000e+02,-6.230000000000000000e+02,5.600000000000000000e+01,3.500000000000000000e+01
1.680080646399863243e+09,1.616800000000000000e+04,3.040000000000000000e+02,3.440000000000000000e+02,-6.310000000000000000e+02,4.700000000000000000e+01,3.400000000000000000e+01
1.680080646400764465e+09,1.616800000000000000e+04,3.040000000000000000e+02,3.440000000000000000e+02,-6.480000000000000000e+02,2.800000000000000000e+01,3.600000000000000000e+01
1.680080646401491165e+09,1.624800000000000000e+04,3.120000000000000000e+02,3.400000000000000000e+02,-6.340000000000000000e+02,1.100000000000000000e+01,4.200000000000000000e+01
1.680080646402236938e+09,1.629200000000000000e+04,3.720000000000000000e+02,3.080000000000000000e+02,-6.210000000000000000e+02,2.400000000000000000e+01,4.000000000000000000e+01
1.680080646402965069e+09,1.624000000000000000e+04,3.680000000000000000e+02,1.360000000000000000e+02,-6.190000000000000000e+02,4.800000000000000000e+01,3.700000000000000000e+01
1.680080646403949261e+09,1.614400000000000000e+04,3.800000000000000000e+02,2.600000000000000000e+02,-6.450000000000000000e+02,5.900000000000000000e+01,1.300000000000000000e+01
1.680080646404679537e+09,1.614400000000000000e+04,3.800000000000000000e+02,2.600000000000000000e+02,-6.710000000000000000e+02,3.200000000000000000e+01,2.000000000000000000e+00
1.680080646405459881e+09,1.621600000000000000e+04,3.000000000000000000e+02,1.800000000000000000e+02,-6.500000000000000000e+02,1.000000000000000000e+01,1.100000000000000000e+01
1.680080646406193733e+09,1.622400000000000000e+04,2.840000000000000000e+02,3.480000000000000000e+02,-6.180000000000000000e+02,1.800000000000000000e+01,2.300000000000000000e+01
1.680080646406948566e+09,1.624400000000000000e+04,2.880000000000000000e+02,3.480000000000000000e+02,-6.080000000000000000e+02,3.800000000000000000e+01,2.000000000000000000e+01
1.680080646407683611e+09,1.624400000000000000e+04,2.880000000000000000e+02,3.480000000000000000e+02,-6.270000000000000000e+02,5.200000000000000000e+01,1.700000000000000000e+01
1.680080646408477545e+09,1.628400000000000000e+04,3.200000000000000000e+02,2.720000000000000000e+02,-6.620000000000000000e+02,3.000000000000000000e+01,5.400000000000000000e+01
1.680080646409214973e+09,1.629200000000000000e+04,3.240000000000000000e+02,3.680000000000000000e+02,-6.670000000000000000e+02,-2.000000000000000000e+00,5.900000000000000000e+01
1.680080646410205126e+09,1.624000000000000000e+04,2.880000000000000000e+02,3.480000000000000000e+02,-6.340000000000000000e+02,-3.000000000000000000e+00,5.400000000000000000e+01
1.680080646410937786e+09,1.624800000000000000e+04,3.120000000000000000e+02,3.320000000000000000e+02,-6.210000000000000000e+02,3.900000000000000000e+01,4.100000000000000000e+01
1.680080646411727428e+09,1.624800000000000000e+04,3.120000000000000000e+02,3.320000000000000000e+02,-6.300000000000000000e+02,6.400000000000000000e+01,3.000000000000000000e+01
1.680080646412460089e+09,1.627200000000000000e+04,3.600000000000000000e+02,3.360000000000000000e+02,-6.600000000000000000e+02,6.000000000000000000e+01,2.500000000000000000e+01
1.680080646413385391e+09,1.618400000000000000e+04,4.320000000000000000e+02,3.920000000000000000e+02,-6.780000000000000000e+02,6.000000000000000000e+01,2.300000000000000000e+01
1.680080646414126396e+09,1.622800000000000000e+04,3.440000000000000000e+02,3.200000000000000000e+02,-6.370000000000000000e+02,5.800000000000000000e+01,3.900000000000000000e+01
1.680080646414899826e+09,1.618400000000000000e+04,3.440000000000000000e+02,2.160000000000000000e+02,-6.130000000000000000e+02,3.800000000000000000e+01,4.100000000000000000e+01
1.680080646415638924e+09,1.618400000000000000e+04,3.440000000000000000e+02,2.160000000000000000e+02,-6.170000000000000000e+02,3.500000000000000000e+01,4.000000000000000000e+01
1.680080646416396379e+09,1.624400000000000000e+04,3.320000000000000000e+02,2.960000000000000000e+02,-6.350000000000000000e+02,3.300000000000000000e+01,3.000000000000000000e+01
1.680080646417368412e+09,1.616400000000000000e+04,3.120000000000000000e+02,3.080000000000000000e+02,-6.630000000000000000e+02,1.700000000000000000e+01,2.600000000000000000e+01
1.680080646418168068e+09,1.613600000000000000e+04,1.960000000000000000e+02,3.400000000000000000e+02,-6.320000000000000000e+02,2.000000000000000000e+00,1.700000000000000000e+01
1.680080646418902636e+09,1.608000000000000000e+04,2.480000000000000000e+02,3.680000000000000000e+02,-5.950000000000000000e+02,2.000000000000000000e+01,1.300000000000000000e+01
1.680080646419726849e+09,1.608000000000000000e+04,2.480000000000000000e+02,3.680000000000000000e+02,-5.840000000000000000e+02,3.700000000000000000e+01,1.400000000000000000e+01
1.680080646420467854e+09,1.607200000000000000e+04,3.920000000000000000e+02,4.520000000000000000e+02,-6.250000000000000000e+02,6.400000000000000000e+01,2.000000000000000000e+01
1.680080646421204567e+09,1.613200000000000000e+04,2.960000000000000000e+02,4.920000000000000000e+02,-6.600000000000000000e+02,6.000000000000000000e+01,2.100000000000000000e+01
1.680080646421947241e+09,1.616400000000000000e+04,2.440000000000000000e+02,3.680000000000000000e+02,-6.740000000000000000e+02,2.500000000000000000e+01,4.500000000000000000e+01
1.680080646422679186e+09,1.616400000000000000e+04,2.440000000000000000e+02,3.680000000000000000e+02,-6.520000000000000000e+02,4.000000000000000000e+00,4.700000000000000000e+01
1.680080646423610210e+09,1.619600000000000000e+04,2.680000000000000000e+02,2.680000000000000000e+02,-6.160000000000000000e+02,2.500000000000000000e+01,4.100000000000000000e+01
1.680080646424366474e+09,1.614800000000000000e+04,3.120000000000000000e+02,3.160000000000000000e+02,-6.230000000000000000e+02,5.100000000000000000e+01,4.600000000000000000e+01
1.680080646425199270e+09,1.612400000000000000e+04,3.200000000000000000e+02,2.400000000000000000e+02,-6.440000000000000000e+02,5.000000000000000000e+01,4.100000000000000000e+01
1.680080646425942898e+09,1.619600000000000000e+04,3.280000000000000000e+02,2.240000000000000000e+02,-6.750000000000000000e+02,2.400000000000000000e+01,2.900000000000000000e+01
1.680080646426726341e+09,1.619600000000000000e+04,3.280000000000000000e+02,2.240000000000000000e+02,-6.710000000000000000e+02,1.200000000000000000e+01,2.900000000000000000e+01
1.680080646427458048e+09,1.614800000000000000e+04,4.200000000000000000e+02,2.840000000000000000e+02,-6.140000000000000000e+02,5.000000000000000000e+00,3.500000000000000000e+01
1.680080646428354025e+09,1.621600000000000000e+04,3.680000000000000000e+02,4.480000000000000000e+02,-6.020000000000000000e+02,2.500000000000000000e+01,5.100000000000000000e+01
1.680080646429083586e+09,1.616000000000000000e+04,3.360000000000000000e+02,4.440000000000000000e+02,-6.310000000000000000e+02,4.100000000000000000e+01,5.600000000000000000e+01
1.680080646429815769e+09,1.611200000000000000e+04,2.640000000000000000e+02,3.920000000000000000e+02,-6.590000000000000000e+02,2.700000000000000000e+01,4.700000000000000000e+01
1.680080646430547714e+09,1.611200000000000000e+04,2.640000000000000000e+02,3.920000000000000000e+02,-6.730000000000000000e+02,-1.000000000000000000e+00,2.900000000000000000e+01
1.680080646431279659e+09,1.606800000000000000e+04,3.000000000000000000e+02,4.320000000000000000e+02,-6.450000000000000000e+02,-3.000000000000000000e+00,2.600000000000000000e+01
1.680080646432003260e+09,1.614800000000000000e+04,3.160000000000000000e+02,3.680000000000000000e+02,-6.070000000000000000e+02,2.400000000000000000e+01,3.200000000000000000e+01
1.680080646432748556e+09,1.624400000000000000e+04,2.680000000000000000e+02,5.480000000000000000e+02,-6.100000000000000000e+02,4.800000000000000000e+01,4.400000000000000000e+01
1.680080646433470011e+09,1.624400000000000000e+04,2.680000000000000000e+02,5.480000000000000000e+02,-6.270000000000000000e+02,5.700000000000000000e+01,3.500000000000000000e+01
1.680080646434408665e+09,1.626000000000000000e+04,2.880000000000000000e+02,5.080000000000000000e+02,-6.590000000000000000e+02,2.900000000000000000e+01,1.700000000000000000e+01
1.680080646435185909e+09,1.608400000000000000e+04,2.560000000000000000e+02,4.320000000000000000e+02,-6.580000000000000000e+02,2.000000000000000000e+00,2.600000000000000000e+01
1.680080646435918093e+09,1.616400000000000000e+04,2.640000000000000000e+02,3.800000000000000000e+02,-6.180000000000000000e+02,1.400000000000000000e+01,3.200000000000000000e+01
1.680080646436661243e+09,1.616400000000000000e+04,2.640000000000000000e+02,3.800000000000000000e+02,-6.040000000000000000e+02,2.700000000000000000e+01,4.800000000000000000e+01
1.680080646437435627e+09,1.624000000000000000e+04,2.440000000000000000e+02,4.200000000000000000e+02,-6.070000000000000000e+02,5.100000000000000000e+01,5.600000000000000000e+01
1.680080646438169956e+09,1.616800000000000000e+04,2.400000000000000000e+02,2.520000000000000000e+02,-6.340000000000000000e+02,6.000000000000000000e+01,3.000000000000000000e+01
1.680080646438907385e+09,1.612800000000000000e+04,2.840000000000000000e+02,3.720000000000000000e+02,-6.660000000000000000e+02,4.400000000000000000e+01,2.400000000000000000e+01
1.680080646439932108e+09,1.627200000000000000e+04,2.840000000000000000e+02,3.040000000000000000e+02,-6.480000000000000000e+02,-8.000000000000000000e+00,3.000000000000000000e+01
1.680080646440673828e+09,1.621600000000000000e+04,1.640000000000000000e+02,2.760000000000000000e+02,-6.120000000000000000e+02,8.000000000000000000e+00,2.500000000000000000e+01
1.680080646441406488e+09,1.621600000000000000e+04,1.640000000000000000e+02,2.760000000000000000e+02,-5.940000000000000000e+02,5.400000000000000000e+01,2.700000000000000000e+01
1.680080646442224026e+09,1.618000000000000000e+04,1.760000000000000000e+02,3.080000000000000000e+02,-5.860000000000000000e+02,7.400000000000000000e+01,2.700000000000000000e+01
1.680080646443040848e+09,1.619600000000000000e+04,2.680000000000000000e+02,3.000000000000000000e+02,-6.230000000000000000e+02,5.200000000000000000e+01,3.000000000000000000e+01
1.680080646443854809e+09,1.627600000000000000e+04,3.480000000000000000e+02,3.160000000000000000e+02,-6.510000000000000000e+02,2.700000000000000000e+01,3.500000000000000000e+01
1.680080646444595098e+09,1.627600000000000000e+04,3.480000000000000000e+02,3.160000000000000000e+02,-6.270000000000000000e+02,1.900000000000000000e+01,2.600000000000000000e+01
1.680080646445323944e+09,1.618400000000000000e+04,3.440000000000000000e+02,2.240000000000000000e+02,-5.860000000000000000e+02,2.500000000000000000e+01,1.700000000000000000e+01
1.680080646446053743e+09,1.611200000000000000e+04,2.600000000000000000e+02,3.680000000000000000e+02,-5.880000000000000000e+02,3.500000000000000000e+01,1.800000000000000000e+01
1.680080646446807861e+09,1.615600000000000000e+04,2.720000000000000000e+02,2.960000000000000000e+02,-6.150000000000000000e+02,5.200000000000000000e+01,4.000000000000000000e+01
1.680080646447535276e+09,1.615600000000000000e+04,2.720000000000000000e+02,2.960000000000000000e+02,-6.510000000000000000e+02,4.500000000000000000e+01,4.400000000000000000e+01
1.680080646448266745e+09,1.617200000000000000e+04,3.280000000000000000e+02,3.160000000000000000e+02,-6.600000000000000000e+02,2.800000000000000000e+01,3.700000000000000000e+01
1.680080646449008465e+09,1.619200000000000000e+04,2.800000000000000000e+02,2.840000000000000000e+02,-6.430000000000000000e+02,3.700000000000000000e+01,2.500000000000000000e+01
1.680080646449847221e+09,1.611600000000000000e+04,3.480000000000000000e+02,2.320000000000000000e+02,-6.170000000000000000e+02,5.500000000000000000e+01,2.500000000000000000e+01
1.680080646450588226e+09,1.611600000000000000e+04,3.480000000000000000e+02,2.320000000000000000e+02,-6.170000000000000000e+02,4.500000000000000000e+01,3.000000000000000000e+01
1.680080646451319218e+09,1.617600000000000000e+04,3.600000000000000000e+02,3.360000000000000000e+02,-6.240000000000000000e+02,2.500000000000000000e+01,2.700000000000000000e+01
1.680080646452051640e+09,1.617200000000000000e+04,2.480000000000000000e+02,3.800000000000000000e+02,-6.250000000000000000e+02,3.500000000000000000e+01,1.700000000000000000e+01
1.680080646452778101e+09,1.610800000000000000e+04,3.240000000000000000e+02,3.800000000000000000e+02,-6.290000000000000000e+02,3.600000000000000000e+01,2.800000000000000000e+01
1.680080646453523159e+09,1.610800000000000000e+04,3.240000000000000000e+02,3.800000000000000000e+02,-6.360000000000000000e+02,3.500000000000000000e+01,2.900000000000000000e+01
1.680080646454253197e+09,1.614800000000000000e+04,2.640000000000000000e+02,4.360000000000000000e+02,-6.210000000000000000e+02,3.100000000000000000e+01,4.500000000000000000e+01
1.680080646455131054e+09,1.617600000000000000e+04,2.600000000000000000e+02,4.120000000000000000e+02,-6.070000000000000000e+02,3.200000000000000000e+01,4.600000000000000000e+01
1.680080646455924511e+09,1.620800000000000000e+04,2.400000000000000000e+02,1.800000000000000000e+02,-6.340000000000000000e+02,4.000000000000000000e+01,3.200000000000000000e+01
1.680080646456769228e+09,1.615600000000000000e+04,2.440000000000000000e+02,2.840000000000000000e+02,-6.480000000000000000e+02,5.000000000000000000e+01,4.100000000000000000e+01
1.680080646457499981e+09,1.615600000000000000e+04,2.440000000000000000e+02,2.840000000000000000e+02,-6.360000000000000000e+02,5.600000000000000000e+01,3.300000000000000000e+01
1.680080646458286047e+09,1.614000000000000000e+04,3.440000000000000000e+02,4.080000000000000000e+02,-6.290000000000000000e+02,3.800000000000000000e+01,2.500000000000000000e+01
1.680080646459063768e+09,1.611600000000000000e+04,2.960000000000000000e+02,2.520000000000000000e+02,-6.170000000000000000e+02,3.300000000000000000e+01,2.100000000000000000e+01
1.680080646459885597e+09,1.608800000000000000e+04,2.120000000000000000e+02,2.760000000000000000e+02,-6.170000000000000000e+02,3.100000000000000000e+01,2.000000000000000000e+01
1.680080646460636139e+09,1.615200000000000000e+04,2.400000000000000000e+02,3.680000000000000000e+02,-6.400000000000000000e+02,3.200000000000000000e+01,1.400000000000000000e+01
1.680080646461401463e+09,1.615200000000000000e+04,2.400000000000000000e+02,3.680000000000000000e+02,-6.280000000000000000e+02,3.800000000000000000e+01,9.000000000000000000e+00
1.680080646462237597e+09,1.620400000000000000e+04,1.760000000000000000e+02,3.680000000000000000e+02,-6.100000000000000000e+02,7.200000000000000000e+01,3.300000000000000000e+01
1.680080646462979794e+09,1.614400000000000000e+04,2.520000000000000000e+02,3.040000000000000000e+02,-6.300000000000000000e+02,6.600000000000000000e+01,4.400000000000000000e+01
1.680080646463828564e+09,1.621200000000000000e+04,3.080000000000000000e+02,2.320000000000000000e+02,-6.650000000000000000e+02,2.700000000000000000e+01,3.100000000000000000e+01
1.680080646464572191e+09,1.621200000000000000e+04,3.080000000000000000e+02,2.320000000000000000e+02,-6.570000000000000000e+02,7.000000000000000000e+00,1.700000000000000000e+01
1.680080646465309858e+09,1.616400000000000000e+04,2.440000000000000000e+02,3.640000000000000000e+02,-6.070000000000000000e+02,8.000000000000000000e+00,2.100000000000000000e+01
1.680080646466034412e+09,1.605600000000000000e+04,2.480000000000000000e+02,4.240000000000000000e+02,-6.020000000000000000e+02,3.000000000000000000e+01,3.400000000000000000e+01
1.680080646467213392e+09,1.621600000000000000e+04,2.120000000000000000e+02,5.040000000000000000e+02,-6.330000000000000000e+02,5.500000000000000000e+01,4.800000000000000000e+01
1.680080646468704224e+09,1.618000000000000000e+04,2.480000000000000000e+02,3.560000000000000000e+02,-6.580000000000000000e+02,3.300000000000000000e+01,3.300000000000000000e+01
1.680080646469524622e+09,1.610800000000000000e+04,2.840000000000000000e+02,2.800000000000000000e+02,-5.970000000000000000e+02,1.700000000000000000e+01,3.500000000000000000e+01
1.680080646470324278e+09,1.620800000000000000e+04,2.640000000000000000e+02,3.720000000000000000e+02,-6.090000000000000000e+02,2.800000000000000000e+01,3.300000000000000000e+01
1.680080646471140146e+09,1.613600000000000000e+04,3.240000000000000000e+02,3.920000000000000000e+02,-6.350000000000000000e+02,3.700000000000000000e+01,1.600000000000000000e+01
1.680080646471929073e+09,1.614000000000000000e+04,2.200000000000000000e+02,4.240000000000000000e+02,-6.640000000000000000e+02,2.300000000000000000e+01,8.000000000000000000e+00
1.680080646472737074e+09,1.623200000000000000e+04,2.600000000000000000e+02,3.920000000000000000e+02,-6.530000000000000000e+02,-4.000000000000000000e+00,2.400000000000000000e+01
1.680080646473524332e+09,1.623200000000000000e+04,2.600000000000000000e+02,3.920000000000000000e+02,-6.130000000000000000e+02,4.000000000000000000e+00,4.100000000000000000e+01
1.680080646474349737e+09,1.612000000000000000e+04,3.320000000000000000e+02,3.960000000000000000e+02,-5.900000000000000000e+02,3.100000000000000000e+01,4.700000000000000000e+01
1.680080646475096226e+09,1.612800000000000000e+04,2.920000000000000000e+02,4.240000000000000000e+02,-6.270000000000000000e+02,5.600000000000000000e+01,4.300000000000000000e+01
1.680080646475828409e+09,1.616400000000000000e+04,3.240000000000000000e+02,4.760000000000000000e+02,-6.640000000000000000e+02,6.500000000000000000e+01,2.600000000000000000e+01
1.680080646476721048e+09,1.618400000000000000e+04,2.640000000000000000e+02,3.440000000000000000e+02,-6.630000000000000000e+02,4.100000000000000000e+01,3.200000000000000000e+01
1.680080646477646589e+09,1.623600000000000000e+04,2.760000000000000000e+02,3.520000000000000000e+02,-6.130000000000000000e+02,1.700000000000000000e+01,3.400000000000000000e+01
1.680080646478505611e+09,1.623600000000000000e+04,2.760000000000000000e+02,3.520000000000000000e+02,-5.800000000000000000e+02,1.700000000000000000e+01,3.600000000000000000e+01
1.680080646479244471e+09,1.619600000000000000e+04,2.720000000000000000e+02,3.560000000000000000e+02,-5.970000000000000000e+02,4.600000000000000000e+01,4.800000000000000000e+01
1.680080646479974508e+09,1.619200000000000000e+04,3.080000000000000000e+02,2.840000000000000000e+02,-6.470000000000000000e+02,5.600000000000000000e+01,5.000000000000000000e+01
1.680080646480824471e+09,1.615200000000000000e+04,3.440000000000000000e+02,3.480000000000000000e+02,-6.800000000000000000e+02,4.400000000000000000e+01,4.500000000000000000e+01
1.680080646481587172e+09,1.610400000000000000e+04,3.800000000000000000e+02,2.960000000000000000e+02,-6.510000000000000000e+02,2.500000000000000000e+01,4.200000000000000000e+01
1.680080646482380629e+09,1.610400000000000000e+04,3.800000000000000000e+02,2.960000000000000000e+02,-6.190000000000000000e+02,1.500000000000000000e+01,3.100000000000000000e+01
1.680080646483164310e+09,1.615200000000000000e+04,3.640000000000000000e+02,2.160000000000000000e+02,-6.250000000000000000e+02,2.000000000000000000e+01,2.000000000000000000e+01
1.680080646483988762e+09,1.621200000000000000e+04,3.440000000000000000e+02,1.800000000000000000e+02,-6.510000000000000000e+02,4.200000000000000000e+01,1.300000000000000000e+01
1.680080646484726191e+09,1.630800000000000000e+04,3.200000000000000000e+02,2.840000000000000000e+02,-6.730000000000000000e+02,2.900000000000000000e+01,2.200000000000000000e+01
1.680080646485461235e+09,1.630800000000000000e+04,3.200000000000000000e+02,2.840000000000000000e+02,-6.730000000000000000e+02,7.000000000000000000e+00,3.000000000000000000e+01
1.680080646486532211e+09,1.614800000000000000e+04,3.760000000000000000e+02,2.320000000000000000e+02,-6.140000000000000000e+02,1.100000000000000000e+01,4.800000000000000000e+01
1.680080646487288237e+09,1.614800000000000000e+04,3.760000000000000000e+02,2.320000000000000000e+02,-5.790000000000000000e+02,4.100000000000000000e+01,4.300000000000000000e+01
1.680080646488041162e+09,1.614800000000000000e+04,3.440000000000000000e+02,3.400000000000000000e+02,-5.870000000000000000e+02,4.600000000000000000e+01,3.500000000000000000e+01
1.680080646488823652e+09,1.616800000000000000e+04,2.480000000000000000e+02,3.800000000000000000e+02,-6.280000000000000000e+02,4.000000000000000000e+01,2.000000000000000000e+01
1.680080646489604235e+09,1.614400000000000000e+04,2.000000000000000000e+02,3.720000000000000000e+02,-6.720000000000000000e+02,2.500000000000000000e+01,1.400000000000000000e+01
1.680080646490425110e+09,1.614400000000000000e+04,2.000000000000000000e+02,3.720000000000000000e+02,-6.520000000000000000e+02,1.900000000000000000e+01,1.400000000000000000e+01
1.680080646491207600e+09,1.621600000000000000e+04,2.560000000000000000e+02,3.520000000000000000e+02,-6.100000000000000000e+02,3.500000000000000000e+01,1.400000000000000000e+01
1.680080646492158890e+09,1.630400000000000000e+04,2.920000000000000000e+02,3.320000000000000000e+02,-6.070000000000000000e+02,4.900000000000000000e+01,3.000000000000000000e+01
1.680080646492893457e+09,1.623200000000000000e+04,2.600000000000000000e+02,2.200000000000000000e+02,-6.310000000000000000e+02,5.200000000000000000e+01,3.500000000000000000e+01
1.680080646493668318e+09,1.626000000000000000e+04,3.400000000000000000e+02,3.080000000000000000e+02,-6.710000000000000000e+02,5.200000000000000000e+01,3.300000000000000000e+01
1.680080646494400978e+09,1.626000000000000000e+04,3.400000000000000000e+02,3.080000000000000000e+02,-6.730000000000000000e+02,3.900000000000000000e+01,3.400000000000000000e+01
1.680080646495139599e+09,1.627600000000000000e+04,3.080000000000000000e+02,3.280000000000000000e+02,-6.460000000000000000e+02,3.500000000000000000e+01,2.000000000000000000e+01
1.680080646495900631e+09,1.622800000000000000e+04,2.600000000000000000e+02,2.720000000000000000e+02,-6.340000000000000000e+02,4.900000000000000000e+01,7.000000000000000000e+00
1.680080646496677876e+09,1.608400000000000000e+04,2.480000000000000000e+02,2.880000000000000000e+02,-6.350000000000000000e+02,4.800000000000000000e+01,8.000000000000000000e+00
1.680080646497549772e+09,1.610400000000000000e+04,3.120000000000000000e+02,4.040000000000000000e+02,-6.230000000000000000e+02,3.300000000000000000e+01,2.500000000000000000e+01
1.680080646498289347e+09,1.610400000000000000e+04,3.120000000000000000e+02,4.040000000000000000e+02,-6.200000000000000000e+02,4.500000000000000000e+01,4.200000000000000000e+01
1.680080646499143124e+09,1.620000000000000000e+04,2.920000000000000000e+02,3.400000000000000000e+02,-6.380000000000000000e+02,3.000000000000000000e+01,4.000000000000000000e+01
1.680080646499878883e+09,1.618800000000000000e+04,3.000000000000000000e+02,2.160000000000000000e+02,-6.290000000000000000e+02,2.500000000000000000e+01,2.000000000000000000e+01
1.680080646500937939e+09,1.622000000000000000e+04,2.800000000000000000e+02,3.000000000000000000e+02,-6.220000000000000000e+02,6.100000000000000000e+01,2.800000000000000000e+01
1.680080646501686811e+09,1.616000000000000000e+04,3.480000000000000000e+02,2.360000000000000000e+02,-6.480000000000000000e+02,5.000000000000000000e+01,3.700000000000000000e+01
1.680080646502423286e+09,1.616000000000000000e+04,3.480000000000000000e+02,2.360000000000000000e+02,-6.700000000000000000e+02,2.200000000000000000e+01,4.500000000000000000e+01
1.680080646503161192e+09,1.622800000000000000e+04,3.080000000000000000e+02,2.480000000000000000e+02,-6.370000000000000000e+02,-3.000000000000000000e+00,4.200000000000000000e+01
1.680080646504004002e+09,1.613200000000000000e+04,2.560000000000000000e+02,3.480000000000000000e+02,-5.990000000000000000e+02,2.600000000000000000e+01,2.800000000000000000e+01
1.680080646504740238e+09,1.615600000000000000e+04,3.200000000000000000e+02,5.320000000000000000e+02,-6.080000000000000000e+02,4.700000000000000000e+01,2.100000000000000000e+01
1.680080646505497694e+09,1.610800000000000000e+04,3.800000000000000000e+02,4.080000000000000000e+02,-6.410000000000000000e+02,5.700000000000000000e+01,2.200000000000000000e+01
1.680080646506231070e+09,1.610800000000000000e+04,3.800000000000000000e+02,4.080000000000000000e+02,-6.720000000000000000e+02,4.100000000000000000e+01,1.600000000000000000e+01
1.680080646507195950e+09,1.612400000000000000e+04,3.560000000000000000e+02,3.360000000000000000e+02,-6.390000000000000000e+02,1.200000000000000000e+01,2.600000000000000000e+01
1.680080646507941484e+09,1.622800000000000000e+04,4.080000000000000000e+02,3.200000000000000000e+02,-5.890000000000000000e+02,2.600000000000000000e+01,3.100000000000000000e+01
1.680080646508789778e+09,1.624800000000000000e+04,2.400000000000000000e+02,3.120000000000000000e+02,-6.150000000000000000e+02,5.300000000000000000e+01,3.700000000000000000e+01
1.680080646509537935e+09,1.615200000000000000e+04,2.480000000000000000e+02,4.120000000000000000e+02,-6.440000000000000000e+02,5.500000000000000000e+01,3.800000000000000000e+01
1.680080646510495186e+09,1.623200000000000000e+04,2.560000000000000000e+02,3.520000000000000000e+02,-6.660000000000000000e+02,1.800000000000000000e+01,3.400000000000000000e+01
1.680080646511335850e+09,1.623200000000000000e+04,2.560000000000000000e+02,3.520000000000000000e+02,-6.390000000000000000e+02,0.000000000000000000e+00,3.800000000000000000e+01
1.680080646512071609e+09,1.618800000000000000e+04,3.520000000000000000e+02,3.800000000000000000e+02,-6.240000000000000000e+02,1.600000000000000000e+01,5.100000000000000000e+01
1.680080646512948990e+09,1.630400000000000000e+04,3.000000000000000000e+02,3.720000000000000000e+02,-6.270000000000000000e+02,3.900000000000000000e+01,4.600000000000000000e+01
1.680080646513673306e+09,1.622000000000000000e+04,3.160000000000000000e+02,3.200000000000000000e+02,-6.480000000000000000e+02,5.400000000000000000e+01,3.800000000000000000e+01
1.680080646514587402e+09,1.622000000000000000e+04,4.120000000000000000e+02,3.040000000000000000e+02,-6.660000000000000000e+02,3.000000000000000000e+01,3.800000000000000000e+01
1.680080646515325069e+09,1.622000000000000000e+04,4.120000000000000000e+02,3.040000000000000000e+02,-6.520000000000000000e+02,2.000000000000000000e+01,4.000000000000000000e+01
1.680080646516121626e+09,1.615600000000000000e+04,3.640000000000000000e+02,3.440000000000000000e+02,-6.100000000000000000e+02,2.700000000000000000e+01,3.500000000000000000e+01
1.680080646516912222e+09,1.620000000000000000e+04,2.960000000000000000e+02,3.560000000000000000e+02,-5.930000000000000000e+02,4.500000000000000000e+01,4.900000000000000000e+01
1.680080646517723083e+09,1.615200000000000000e+04,2.880000000000000000e+02,4.240000000000000000e+02,-6.180000000000000000e+02,5.300000000000000000e+01,3.700000000000000000e+01
1.680080646518514156e+09,1.615600000000000000e+04,3.840000000000000000e+02,3.360000000000000000e+02,-6.530000000000000000e+02,4.900000000000000000e+01,2.600000000000000000e+01
1.680080646519333124e+09,1.615600000000000000e+04,3.840000000000000000e+02,3.360000000000000000e+02,-6.640000000000000000e+02,5.100000000000000000e+01,6.000000000000000000e+00
1.680080646520094395e+09,1.618000000000000000e+04,2.800000000000000000e+02,3.440000000000000000e+02,-6.380000000000000000e+02,5.100000000000000000e+01,2.000000000000000000e+01
1.680080646520830870e+09,1.613600000000000000e+04,2.720000000000000000e+02,3.040000000000000000e+02,-6.440000000000000000e+02,4.100000000000000000e+01,4.300000000000000000e+01
1.680080646521667242e+09,1.612000000000000000e+04,1.920000000000000000e+02,2.240000000000000000e+02,-6.570000000000000000e+02,1.800000000000000000e+01,5.100000000000000000e+01
1.680080646522394419e+09,1.615200000000000000e+04,2.320000000000000000e+02,2.280000000000000000e+02,-6.340000000000000000e+02,2.100000000000000000e+01,3.800000000000000000e+01
1.680080646523246765e+09,1.615200000000000000e+04,2.320000000000000000e+02,2.280000000000000000e+02,-6.130000000000000000e+02,2.800000000000000000e+01,2.300000000000000000e+01
1.680080646524021387e+09,1.613600000000000000e+04,2.920000000000000000e+02,1.920000000000000000e+02,-6.100000000000000000e+02,3.900000000000000000e+01,3.000000000000000000e+01
1.680080646524881124e+09,1.614800000000000000e+04,2.600000000000000000e+02,2.960000000000000000e+02,-6.330000000000000000e+02,4.300000000000000000e+01,3.300000000000000000e+01
1.680080646525620937e+09,1.612400000000000000e+04,3.000000000000000000e+02,2.760000000000000000e+02,-6.490000000000000000e+02,2.600000000000000000e+01,3.800000000000000000e+01
1.680080646526585102e+09,1.616400000000000000e+04,3.040000000000000000e+02,3.720000000000000000e+02,-6.260000000000000000e+02,1.900000000000000000e+01,3.900000000000000000e+01
1.680080646527386189e+09,1.618400000000000000e+04,2.960000000000000000e+02,4.120000000000000000e+02,-6.190000000000000000e+02,3.300000000000000000e+01,3.100000000000000000e+01
1.680080646528120756e+09,1.618400000000000000e+04,2.960000000000000000e+02,4.120000000000000000e+02,-6.360000000000000000e+02,3.300000000000000000e+01,3.200000000000000000e+01
1.680080646528864622e+09,1.608800000000000000e+04,3.120000000000000000e+02,2.400000000000000000e+02,-6.380000000000000000e+02,1.300000000000000000e+01,2.300000000000000000e+01
1.680080646529705763e+09,1.606800000000000000e+04,3.120000000000000000e+02,3.360000000000000000e+02,-5.920000000000000000e+02,5.000000000000000000e+00,1.500000000000000000e+01
1.680080646530436754e+09,1.603600000000000000e+04,2.880000000000000000e+02,2.920000000000000000e+02,-5.830000000000000000e+02,1.200000000000000000e+01,3.400000000000000000e+01
1.680080646531194925e+09,1.603600000000000000e+04,2.880000000000000000e+02,2.920000000000000000e+02,-6.170000000000000000e+02,2.800000000000000000e+01,5.600000000000000000e+01
1.680080646531936169e+09,1.599200000000000000e+04,3.240000000000000000e+02,2.200000000000000000e+02,-6.510000000000000000e+02,4.000000000000000000e+01,5.600000000000000000e+01
1.680080646532870293e+09,1.616800000000000000e+04,3.280000000000000000e+02,2.880000000000000000e+02,-6.730000000000000000e+02,5.500000000000000000e+01,5.700000000000000000e+01
1.680080646533607244e+09,1.627200000000000000e+04,3.000000000000000000e+02,5.040000000000000000e+02,-6.320000000000000000e+02,5.000000000000000000e+01,5.100000000000000000e+01
1.680080646534494877e+09,1.624800000000000000e+04,2.520000000000000000e+02,3.160000000000000000e+02,-5.970000000000000000e+02,3.400000000000000000e+01,2.400000000000000000e+01
1.680080646535230875e+09,1.624800000000000000e+04,2.520000000000000000e+02,3.160000000000000000e+02,-6.170000000000000000e+02,2.800000000000000000e+01,1.300000000000000000e+01
1.680080646536169291e+09,1.612000000000000000e+04,2.160000000000000000e+02,3.120000000000000000e+02,-6.550000000000000000e+02,-5.000000000000000000e+00,3.800000000000000000e+01
1.680080646536999941e+09,1.617600000000000000e+04,2.960000000000000000e+02,4.040000000000000000e+02,-6.250000000000000000e+02,-1.000000000000000000e+00,5.000000000000000000e+01
1.680080646537762642e+09,1.618000000000000000e+04,3.080000000000000000e+02,3.880000000000000000e+02,-5.950000000000000000e+02,2.500000000000000000e+01,4.800000000000000000e+01
1.680080646538501978e+09,1.612800000000000000e+04,3.680000000000000000e+02,2.960000000000000000e+02,-6.020000000000000000e+02,4.900000000000000000e+01,5.300000000000000000e+01
1.680080646539379358e+09,1.613200000000000000e+04,3.840000000000000000e+02,3.080000000000000000e+02,-6.680000000000000000e+02,6.700000000000000000e+01,4.600000000000000000e+01
1.680080646540115118e+09,1.613200000000000000e+04,3.840000000000000000e+02,3.080000000000000000e+02,-6.840000000000000000e+02,3.100000000000000000e+01,4.700000000000000000e+01
1.680080646541002750e+09,1.615200000000000000e+04,3.320000000000000000e+02,4.920000000000000000e+02,-6.610000000000000000e+02,0.000000000000000000e+00,3.900000000000000000e+01
1.680080646541776419e+09,1.616400000000000000e+04,3.080000000000000000e+02,3.560000000000000000e+02,-6.090000000000000000e+02,2.100000000000000000e+01,4.500000000000000000e+01
1.680080646542523861e+09,1.619600000000000000e+04,2.800000000000000000e+02,3.160000000000000000e+02,-6.040000000000000000e+02,6.700000000000000000e+01,4.200000000000000000e+01
1.680080646543254852e+09,1.619600000000000000e+04,2.800000000000000000e+02,3.160000000000000000e+02,-6.160000000000000000e+02,8.300000000000000000e+01,2.700000000000000000e+01
1.680080646544071913e+09,1.621200000000000000e+04,2.560000000000000000e+02,3.600000000000000000e+02,-6.530000000000000000e+02,6.700000000000000000e+01,7.000000000000000000e+00
1.680080646544893026e+09,1.622000000000000000e+04,3.200000000000000000e+02,3.080000000000000000e+02,-6.650000000000000000e+02,3.900000000000000000e+01,1.600000000000000000e+01
1.680080646545727491e+09,1.617600000000000000e+04,2.840000000000000000e+02,3.920000000000000000e+02,-6.570000000000000000e+02,2.700000000000000000e+01,3.100000000000000000e+01
1.680080646546500206e+09,1.620400000000000000e+04,2.560000000000000000e+02,4.480000000000000000e+02,-6.530000000000000000e+02,3.000000000000000000e+01,3.800000000000000000e+01
1.680080646547518492e+09,1.614800000000000000e+04,2.920000000000000000e+02,3.480000000000000000e+02,-6.250000000000000000e+02,4.300000000000000000e+01,4.300000000000000000e+01
1.680080646548266172e+09,1.604400000000000000e+04,2.400000000000000000e+02,2.920000000000000000e+02,-6.010000000000000000e+02,4.000000000000000000e+01,3.300000000000000000e+01
1.680080646549025774e+09,1.604400000000000000e+04,2.400000000000000000e+02,2.920000000000000000e+02,-6.040000000000000000e+02,4.900000000000000000e+01,3.200000000000000000e+01
1.680080646549752235e+09,1.619600000000000000e+04,2.440000000000000000e+02,3.560000000000000000e+02,-6.400000000000000000e+02,4.000000000000000000e+01,2.400000000000000000e+01
1.680080646550490141e+09,1.616800000000000000e+04,3.200000000000000000e+02,2.920000000000000000e+02,-6.550000000000000000e+02,6.000000000000000000e+00,1.800000000000000000e+01
1.680080646551222086e+09,1.616800000000000000e+04,3.200000000000000000e+02,2.920000000000000000e+02,-6.330000000000000000e+02,1.600000000000000000e+01,2.000000000000000000e+01
1.680080646552073717e+09,1.614800000000000000e+04,3.720000000000000000e+02,2.320000000000000000e+02,-6.220000000000000000e+02,4.400000000000000000e+01,2.900000000000000000e+01
1.680080646552810431e+09,1.618400000000000000e+04,2.160000000000000000e+02,1.080000000000000000e+02,-6.380000000000000000e+02,5.900000000000000000e+01,2.700000000000000000e+01
1.680080646553558350e+09,1.608400000000000000e+04,2.520000000000000000e+02,1.960000000000000000e+02,-6.480000000000000000e+02,5.200000000000000000e+01,1.700000000000000000e+01
1.680080646554293156e+09,1.616400000000000000e+04,3.160000000000000000e+02,4.240000000000000000e+02,-6.640000000000000000e+02,2.900000000000000000e+01,1.500000000000000000e+01
1.680080646555113316e+09,1.616400000000000000e+04,3.160000000000000000e+02,4.240000000000000000e+02,-6.430000000000000000e+02,2.600000000000000000e+01,1.200000000000000000e+01
1.680080646555920601e+09,1.616000000000000000e+04,2.720000000000000000e+02,5.400000000000000000e+02,-6.260000000000000000e+02,3.700000000000000000e+01,1.500000000000000000e+01
1.680080646556926250e+09,1.626800000000000000e+04,2.840000000000000000e+02,4.440000000000000000e+02,-6.420000000000000000e+02,3.600000000000000000e+01,2.200000000000000000e+01
1.680080646557665110e+09,1.619200000000000000e+04,3.120000000000000000e+02,3.960000000000000000e+02,-6.390000000000000000e+02,2.900000000000000000e+01,2.300000000000000000e+01
1.680080646558423996e+09,1.622400000000000000e+04,2.840000000000000000e+02,3.400000000000000000e+02,-6.250000000000000000e+02,4.400000000000000000e+01,2.100000000000000000e+01
1.680080646559166670e+09,1.622400000000000000e+04,2.840000000000000000e+02,3.400000000000000000e+02,-6.260000000000000000e+02,5.800000000000000000e+01,1.300000000000000000e+01
1.680080646559933662e+09,1.626400000000000000e+04,3.120000000000000000e+02,2.960000000000000000e+02,-6.390000000000000000e+02,6.400000000000000000e+01,8.000000000000000000e+00
1.680080646560689688e+09,1.619200000000000000e+04,3.400000000000000000e+02,1.560000000000000000e+02,-6.520000000000000000e+02,3.000000000000000000e+01,2.300000000000000000e+01
1.680080646561412811e+09,1.620000000000000000e+04,3.600000000000000000e+02,3.160000000000000000e+02,-6.530000000000000000e+02,-6.000000000000000000e+00,3.200000000000000000e+01
1.680080646562164783e+09,1.620000000000000000e+04,3.600000000000000000e+02,3.160000000000000000e+02,-6.200000000000000000e+02,-7.000000000000000000e+00,3.800000000000000000e+01
1.680080646562899351e+09,1.609200000000000000e+04,3.240000000000000000e+02,4.200000000000000000e+02,-6.060000000000000000e+02,1.500000000000000000e+01,3.800000000000000000e+01
1.680080646563831568e+09,1.610800000000000000e+04,2.000000000000000000e+02,3.880000000000000000e+02,-6.180000000000000000e+02,5.100000000000000000e+01,3.600000000000000000e+01
1.680080646564574003e+09,1.622000000000000000e+04,2.200000000000000000e+02,2.920000000000000000e+02,-6.340000000000000000e+02,8.600000000000000000e+01,2.300000000000000000e+01
1.680080646565472841e+09,1.619600000000000000e+04,2.560000000000000000e+02,3.440000000000000000e+02,-6.710000000000000000e+02,6.400000000000000000e+01,9.000000000000000000e+00
1.680080646566205502e+09,1.611600000000000000e+04,2.720000000000000000e+02,3.320000000000000000e+02,-6.510000000000000000e+02,3.200000000000000000e+01,2.200000000000000000e+01
1.680080646567267418e+09,1.622000000000000000e+04,2.840000000000000000e+02,3.200000000000000000e+02,-6.040000000000000000e+02,1.900000000000000000e+01,1.900000000000000000e+01
1.680080646568025589e+09,1.622000000000000000e+04,2.840000000000000000e+02,3.200000000000000000e+02,-6.080000000000000000e+02,2.900000000000000000e+01,4.500000000000000000e+01
1.680080646568753004e+09,1.618400000000000000e+04,3.280000000000000000e+02,3.520000000000000000e+02,-6.300000000000000000e+02,4.500000000000000000e+01,6.100000000000000000e+01
1.680080646569494486e+09,1.617200000000000000e+04,3.560000000000000000e+02,3.760000000000000000e+02,-6.500000000000000000e+02,4.400000000000000000e+01,5.000000000000000000e+01
1.680080646570337772e+09,1.627200000000000000e+04,3.680000000000000000e+02,3.000000000000000000e+02,-6.540000000000000000e+02,2.400000000000000000e+01,3.400000000000000000e+01
1.680080646571088314e+09,1.627200000000000000e+04,3.680000000000000000e+02,3.000000000000000000e+02,-6.350000000000000000e+02,2.700000000000000000e+01,1.800000000000000000e+01
1.680080646571845770e+09,1.620000000000000000e+04,3.720000000000000000e+02,3.040000000000000000e+02,-6.200000000000000000e+02,2.900000000000000000e+01,1.700000000000000000e+01
1.680080646572584152e+09,1.604400000000000000e+04,3.240000000000000000e+02,4.320000000000000000e+02,-6.310000000000000000e+02,1.700000000000000000e+01,2.700000000000000000e+01
1.680080646573518991e+09,1.607600000000000000e+04,2.480000000000000000e+02,2.840000000000000000e+02,-6.380000000000000000e+02,-4.000000000000000000e+00,2.500000000000000000e+01
1.680080646574252844e+09,1.616400000000000000e+04,2.560000000000000000e+02,1.760000000000000000e+02,-6.190000000000000000e+02,8.000000000000000000e+00,2.700000000000000000e+01
1.680080646575154066e+09,1.616400000000000000e+04,2.560000000000000000e+02,1.760000000000000000e+02,-6.090000000000000000e+02,3.300000000000000000e+01,3.600000000000000000e+01
1.680080646575897455e+09,1.622000000000000000e+04,2.760000000000000000e+02,3.040000000000000000e+02,-6.300000000000000000e+02,4.200000000000000000e+01,5.700000000000000000e+01
1.680080646576870441e+09,1.614000000000000000e+04,2.040000000000000000e+02,3.600000000000000000e+02,-6.620000000000000000e+02,2.700000000000000000e+01,5.400000000000000000e+01
1.680080646577666998e+09,1.605600000000000000e+04,2.960000000000000000e+02,4.000000000000000000e+02,-6.690000000000000000e+02,1.000000000000000000e+00,5.200000000000000000e+01
1.680080646578399897e+09,1.615200000000000000e+04,3.360000000000000000e+02,3.240000000000000000e+02,-6.180000000000000000e+02,1.600000000000000000e+01,4.400000000000000000e+01
1.680080646579228163e+09,1.615200000000000000e+04,3.360000000000000000e+02,3.240000000000000000e+02,-6.000000000000000000e+02,2.700000000000000000e+01,3.500000000000000000e+01
1.680080646580002308e+09,1.616400000000000000e+04,3.320000000000000000e+02,3.560000000000000000e+02,-6.240000000000000000e+02,5.200000000000000000e+01,3.300000000000000000e+01
1.680080646580739021e+09,1.613200000000000000e+04,2.760000000000000000e+02,4.280000000000000000e+02,-6.570000000000000000e+02,4.200000000000000000e+01,1.700000000000000000e+01
1.680080646581483364e+09,1.622400000000000000e+04,3.240000000000000000e+02,3.400000000000000000e+02,-6.700000000000000000e+02,4.100000000000000000e+01,8.000000000000000000e+00
1.680080646582224607e+09,1.613600000000000000e+04,3.480000000000000000e+02,3.000000000000000000e+02,-6.620000000000000000e+02,4.700000000000000000e+01,1.900000000000000000e+01
1.680080646583163977e+09,1.621200000000000000e+04,3.880000000000000000e+02,2.560000000000000000e+02,-6.270000000000000000e+02,5.600000000000000000e+01,3.100000000000000000e+01
1.680080646583899021e+09,1.621200000000000000e+04,3.880000000000000000e+02,2.560000000000000000e+02,-6.320000000000000000e+02,5.400000000000000000e+01,2.600000000000000000e+01
1.680080646584758043e+09,1.622000000000000000e+04,2.560000000000000000e+02,2.400000000000000000e+02,-6.500000000000000000e+02,2.500000000000000000e+01,2.200000000000000000e+01
1.680080646585502148e+09,1.616000000000000000e+04,2.640000000000000000e+02,3.200000000000000000e+02,-6.210000000000000000e+02,1.700000000000000000e+01,1.500000000000000000e+01
1.680080646586530924e+09,1.610800000000000000e+04,2.400000000000000000e+02,3.440000000000000000e+02,-6.020000000000000000e+02,3.600000000000000000e+01,3.600000000000000000e+01
1.680080646587316275e+09,1.611200000000000000e+04,3.040000000000000000e+02,3.280000000000000000e+02,-6.190000000000000000e+02,5.900000000000000000e+01,4.900000000000000000e+01
1.680080646588059187e+09,1.611200000000000000e+04,3.040000000000000000e+02,3.280000000000000000e+02,-6.500000000000000000e+02,7.100000000000000000e+01,5.700000000000000000e+01
1.680080646588860989e+09,1.619200000000000000e+04,3.480000000000000000e+02,2.120000000000000000e+02,-6.730000000000000000e+02,4.200000000000000000e+01,4.000000000000000000e+01
1.680080646589659452e+09,1.621200000000000000e+04,3.080000000000000000e+02,2.560000000000000000e+02,-6.510000000000000000e+02,1.500000000000000000e+01,2.500000000000000000e+01
1.680080646590680599e+09,1.624000000000000000e+04,3.040000000000000000e+02,3.520000000000000000e+02,-6.180000000000000000e+02,2.600000000000000000e+01,2.000000000000000000e+01
1.680080646591413021e+09,1.624000000000000000e+04,3.240000000000000000e+02,3.000000000000000000e+02,-6.060000000000000000e+02,5.300000000000000000e+01,3.100000000000000000e+01
1.680080646592164278e+09,1.625200000000000000e+04,3.640000000000000000e+02,3.240000000000000000e+02,-6.250000000000000000e+02,6.900000000000000000e+01,3.000000000000000000e+01
1.680080646592901468e+09,1.625200000000000000e+04,3.640000000000000000e+02,3.240000000000000000e+02,-6.690000000000000000e+02,4.800000000000000000e+01,2.000000000000000000e+01
1.680080646593774796e+09,1.614400000000000000e+04,4.000000000000000000e+02,2.440000000000000000e+02,-6.590000000000000000e+02,5.000000000000000000e+00,3.800000000000000000e+01
1.680080646594665527e+09,1.629200000000000000e+04,2.920000000000000000e+02,3.280000000000000000e+02,-5.970000000000000000e+02,-9.000000000000000000e+00,5.800000000000000000e+01
1.680080646595399380e+09,1.625600000000000000e+04,2.680000000000000000e+02,2.960000000000000000e+02,-5.770000000000000000e+02,3.500000000000000000e+01,4.700000000000000000e+01
1.680080646596126795e+09,1.612400000000000000e+04,2.760000000000000000e+02,2.280000000000000000e+02,-6.090000000000000000e+02,6.300000000000000000e+01,4.700000000000000000e+01
1.680080646596939325e+09,1.612400000000000000e+04,2.760000000000000000e+02,2.280000000000000000e+02,-6.580000000000000000e+02,6.100000000000000000e+01,4.600000000000000000e+01
1.680080646597672224e+09,1.616000000000000000e+04,3.040000000000000000e+02,3.120000000000000000e+02,-6.780000000000000000e+02,3.700000000000000000e+01,2.600000000000000000e+01
1.680080646598407269e+09,1.614400000000000000e+04,3.280000000000000000e+02,2.440000000000000000e+02,-6.660000000000000000e+02,2.500000000000000000e+01,1.900000000000000000e+01
1.680080646599193096e+09,1.612000000000000000e+04,3.160000000000000000e+02,2.120000000000000000e+02,-6.150000000000000000e+02,4.000000000000000000e+01,1.800000000000000000e+01
1.680080646599934578e+09,1.612000000000000000e+04,3.160000000000000000e+02,2.120000000000000000e+02,-6.000000000000000000e+02,6.400000000000000000e+01,2.100000000000000000e+01
1.680080646600784302e+09,1.619600000000000000e+04,2.720000000000000000e+02,3.120000000000000000e+02,-6.430000000000000000e+02,5.500000000000000000e+01,3.100000000000000000e+01
1.680080646601522684e+09,1.629600000000000000e+04,2.840000000000000000e+02,3.560000000000000000e+02,-6.560000000000000000e+02,2.700000000000000000e+01,2.200000000000000000e+01
1.680080646602273703e+09,1.623200000000000000e+04,3.280000000000000000e+02,3.360000000000000000e+02,-6.350000000000000000e+02,2.600000000000000000e+01,2.100000000000000000e+01
1.680080646603004932e+09,1.623200000000000000e+04,3.280000000000000000e+02,3.360000000000000000e+02,-6.140000000000000000e+02,3.700000000000000000e+01,3.700000000000000000e+01
1.680080646603863716e+09,1.614400000000000000e+04,2.800000000000000000e+02,3.400000000000000000e+02,-6.250000000000000000e+02,7.400000000000000000e+01,4.800000000000000000e+01
1.680080646604602098e+09,1.620000000000000000e+04,2.760000000000000000e+02,4.160000000000000000e+02,-6.500000000000000000e+02,8.000000000000000000e+01,1.900000000000000000e+01
1.680080646605339289e+09,1.618400000000000000e+04,2.360000000000000000e+02,4.080000000000000000e+02,-6.590000000000000000e+02,6.200000000000000000e+01,-1.000000000000000000e+00
1.680080646606069803e+09,1.626400000000000000e+04,3.040000000000000000e+02,2.720000000000000000e+02,-6.470000000000000000e+02,5.000000000000000000e+01,6.000000000000000000e+00
1.680080646606829643e+09,1.626400000000000000e+04,3.040000000000000000e+02,2.720000000000000000e+02,-6.340000000000000000e+02,4.600000000000000000e+01,2.000000000000000000e+01
1.680080646607559919e+09,1.622800000000000000e+04,2.920000000000000000e+02,3.120000000000000000e+02,-6.360000000000000000e+02,5.100000000000000000e+01,3.000000000000000000e+01
1.680080646608309746e+09,1.612800000000000000e+04,2.440000000000000000e+02,3.240000000000000000e+02,-6.270000000000000000e+02,5.100000000000000000e+01,2.800000000000000000e+01
1.680080646609042406e+09,1.625200000000000000e+04,2.360000000000000000e+02,3.400000000000000000e+02,-6.190000000000000000e+02,3.700000000000000000e+01,3.400000000000000000e+01
1.680080646609781265e+09,1.625200000000000000e+04,2.360000000000000000e+02,3.400000000000000000e+02,-6.140000000000000000e+02,3.200000000000000000e+01,4.000000000000000000e+01
1.680080646610514879e+09,1.620400000000000000e+04,3.640000000000000000e+02,2.040000000000000000e+02,-6.100000000000000000e+02,2.600000000000000000e+01,3.900000000000000000e+01
1.680080646611523867e+09,1.620800000000000000e+04,3.240000000000000000e+02,3.200000000000000000e+02,-6.300000000000000000e+02,1.900000000000000000e+01,2.600000000000000000e+01
1.680080646612264872e+09,1.619600000000000000e+04,2.400000000000000000e+02,4.240000000000000000e+02,-6.260000000000000000e+02,1.700000000000000000e+01,3.000000000000000000e+00
1.680080646613015413e+09,1.619600000000000000e+04,2.400000000000000000e+02,4.240000000000000000e+02,-5.990000000000000000e+02,3.000000000000000000e+01,-3.000000000000000000e+00
1.680080646613742113e+09,1.614400000000000000e+04,2.920000000000000000e+02,4.040000000000000000e+02,-5.940000000000000000e+02,5.400000000000000000e+01,1.300000000000000000e+01
1.680080646614567280e+09,1.616800000000000000e+04,2.960000000000000000e+02,3.360000000000000000e+02,-6.090000000000000000e+02,5.300000000000000000e+01,4.800000000000000000e+01
1.680080646615345955e+09,1.620800000000000000e+04,2.960000000000000000e+02,3.520000000000000000e+02,-6.540000000000000000e+02,2.800000000000000000e+01,5.600000000000000000e+01
1.680080646616360903e+09,1.611600000000000000e+04,2.360000000000000000e+02,4.160000000000000000e+02,-6.670000000000000000e+02,4.000000000000000000e+00,3.700000000000000000e+01
1.680080646617103577e+09,1.615600000000000000e+04,2.880000000000000000e+02,3.560000000000000000e+02,-6.080000000000000000e+02,9.000000000000000000e+00,2.700000000000000000e+01
1.680080646617967129e+09,1.615600000000000000e+04,2.880000000000000000e+02,3.560000000000000000e+02,-5.930000000000000000e+02,1.600000000000000000e+01,3.800000000000000000e+01
1.680080646618748903e+09,1.618400000000000000e+04,2.760000000000000000e+02,2.080000000000000000e+02,-6.130000000000000000e+02,4.400000000000000000e+01,4.200000000000000000e+01
1.680080646619648457e+09,1.614000000000000000e+04,3.200000000000000000e+02,3.080000000000000000e+02,-6.440000000000000000e+02,5.100000000000000000e+01,3.200000000000000000e+01
1.680080646620394468e+09,1.622000000000000000e+04,2.680000000000000000e+02,3.920000000000000000e+02,-6.530000000000000000e+02,4.900000000000000000e+01,3.200000000000000000e+01
1.680080646621133804e+09,1.609600000000000000e+04,2.560000000000000000e+02,3.920000000000000000e+02,-6.220000000000000000e+02,5.300000000000000000e+01,4.600000000000000000e+01
1.680080646621962547e+09,1.609600000000000000e+04,2.560000000000000000e+02,3.920000000000000000e+02,-6.230000000000000000e+02,4.200000000000000000e+01,2.900000000000000000e+01
1.680080646622762203e+09,1.612000000000000000e+04,2.680000000000000000e+02,3.600000000000000000e+02,-6.410000000000000000e+02,2.600000000000000000e+01,6.000000000000000000e+00
1.680080646623494864e+09,1.614000000000000000e+04,4.120000000000000000e+02,2.720000000000000000e+02,-6.350000000000000000e+02,4.200000000000000000e+01,3.300000000000000000e+01
1.680080646624382973e+09,1.620400000000000000e+04,3.400000000000000000e+02,4.520000000000000000e+02,-6.240000000000000000e+02,5.200000000000000000e+01,4.000000000000000000e+01
1.680080646625115871e+09,1.607600000000000000e+04,2.240000000000000000e+02,3.720000000000000000e+02,-6.240000000000000000e+02,4.900000000000000000e+01,3.800000000000000000e+01
1.680080646626013517e+09,1.607600000000000000e+04,2.240000000000000000e+02,3.720000000000000000e+02,-6.280000000000000000e+02,4.500000000000000000e+01,2.500000000000000000e+01
1.680080646626774311e+09,1.613200000000000000e+04,1.440000000000000000e+02,2.720000000000000000e+02,-6.320000000000000000e+02,4.200000000000000000e+01,1.900000000000000000e+01
1.680080646627530098e+09,1.621600000000000000e+04,2.480000000000000000e+02,2.840000000000000000e+02,-6.250000000000000000e+02,4.000000000000000000e+01,2.200000000000000000e+01
1.680080646628264189e+09,1.620800000000000000e+04,2.840000000000000000e+02,3.640000000000000000e+02,-6.370000000000000000e+02,4.100000000000000000e+01,3.300000000000000000e+01
1.680080646629030943e+09,1.623200000000000000e+04,2.320000000000000000e+02,3.640000000000000000e+02,-6.520000000000000000e+02,4.500000000000000000e+01,2.800000000000000000e+01
1.680080646629784822e+09,1.623200000000000000e+04,2.320000000000000000e+02,3.640000000000000000e+02,-6.330000000000000000e+02,3.900000000000000000e+01,3.000000000000000000e+01
1.680080646630531549e+09,1.624000000000000000e+04,2.800000000000000000e+02,3.960000000000000000e+02,-6.170000000000000000e+02,3.200000000000000000e+01,4.300000000000000000e+01
1.680080646631541491e+09,1.621600000000000000e+04,3.480000000000000000e+02,4.360000000000000000e+02,-6.290000000000000000e+02,1.900000000000000000e+01,4.000000000000000000e+01
1.680080646632308006e+09,1.630800000000000000e+04,3.400000000000000000e+02,3.720000000000000000e+02,-6.510000000000000000e+02,2.200000000000000000e+01,4.100000000000000000e+01
1.680080646633103132e+09,1.627200000000000000e+04,2.840000000000000000e+02,3.360000000000000000e+02,-6.450000000000000000e+02,3.300000000000000000e+01,3.500000000000000000e+01
1.680080646633842707e+09,1.627200000000000000e+04,2.840000000000000000e+02,3.360000000000000000e+02,-6.340000000000000000e+02,4.900000000000000000e+01,3.200000000000000000e+01
1.680080646634634256e+09,1.618800000000000000e+04,3.840000000000000000e+02,4.280000000000000000e+02,-6.200000000000000000e+02,4.600000000000000000e+01,2.600000000000000000e+01
1.680080646635599852e+09,1.618400000000000000e+04,3.400000000000000000e+02,4.400000000000000000e+02,-6.220000000000000000e+02,2.400000000000000000e+01,3.200000000000000000e+01
1.680080646636404276e+09,1.611600000000000000e+04,3.520000000000000000e+02,3.600000000000000000e+02,-6.040000000000000000e+02,8.000000000000000000e+00,2.000000000000000000e+01
1.680080646637172937e+09,1.616400000000000000e+04,3.160000000000000000e+02,4.920000000000000000e+02,-6.010000000000000000e+02,2.300000000000000000e+01,3.200000000000000000e+01
1.680080646637907505e+09,1.616400000000000000e+04,3.160000000000000000e+02,4.920000000000000000e+02,-6.140000000000000000e+02,2.900000000000000000e+01,3.900000000000000000e+01
1.680080646638787508e+09,1.611200000000000000e+04,3.520000000000000000e+02,4.520000000000000000e+02,-6.330000000000000000e+02,5.600000000000000000e+01,3.600000000000000000e+01
1.680080646639630318e+09,1.609200000000000000e+04,2.960000000000000000e+02,2.600000000000000000e+02,-6.520000000000000000e+02,3.600000000000000000e+01,2.100000000000000000e+01
1.680080646640369415e+09,1.622800000000000000e+04,2.760000000000000000e+02,4.920000000000000000e+02,-6.390000000000000000e+02,1.200000000000000000e+01,8.000000000000000000e+00
1.680080646641101837e+09,1.614400000000000000e+04,2.760000000000000000e+02,4.800000000000000000e+02,-6.050000000000000000e+02,2.100000000000000000e+01,1.500000000000000000e+01
1.680080646641885281e+09,1.614400000000000000e+04,2.760000000000000000e+02,4.800000000000000000e+02,-5.990000000000000000e+02,4.500000000000000000e+01,2.700000000000000000e+01
1.680080646642663956e+09,1.604400000000000000e+04,3.240000000000000000e+02,3.640000000000000000e+02,-6.120000000000000000e+02,5.100000000000000000e+01,3.800000000000000000e+01
1.680080646643484831e+09,1.607600000000000000e+04,3.000000000000000000e+02,3.800000000000000000e+02,-6.570000000000000000e+02,4.300000000000000000e+01,3.700000000000000000e+01
1.680080646644422770e+09,1.612000000000000000e+04,3.800000000000000000e+02,3.520000000000000000e+02,-6.760000000000000000e+02,1.900000000000000000e+01,2.200000000000000000e+01
1.680080646645161390e+09,1.621600000000000000e+04,3.640000000000000000e+02,4.840000000000000000e+02,-6.400000000000000000e+02,1.400000000000000000e+01,1.400000000000000000e+01
1.680080646645893335e+09,1.621600000000000000e+04,3.640000000000000000e+02,4.840000000000000000e+02,-5.980000000000000000e+02,1.400000000000000000e+01,2.300000000000000000e+01
1.680080646646722317e+09,1.624800000000000000e+04,3.040000000000000000e+02,2.840000000000000000e+02,-5.860000000000000000e+02,3.500000000000000000e+01,3.000000000000000000e+01
1.680080646647568226e+09,1.629600000000000000e+04,3.440000000000000000e+02,2.960000000000000000e+02,-6.280000000000000000e+02,5.000000000000000000e+01,2.500000000000000000e+01
1.680080646648379564e+09,1.615200000000000000e+04,2.800000000000000000e+02,3.280000000000000000e+02,-6.850000000000000000e+02,5.200000000000000000e+01,2.600000000000000000e+01
1.680080646649113178e+09,1.618400000000000000e+04,2.920000000000000000e+02,5.320000000000000000e+02,-6.650000000000000000e+02,4.200000000000000000e+01,1.800000000000000000e+01
1.680080646649913311e+09,1.618400000000000000e+04,2.920000000000000000e+02,5.320000000000000000e+02,-6.260000000000000000e+02,4.200000000000000000e+01,1.200000000000000000e+01
1.680080646650709867e+09,1.621200000000000000e+04,3.280000000000000000e+02,4.600000000000000000e+02,-6.030000000000000000e+02,4.900000000000000000e+01,2.500000000000000000e+01
1.680080646651769400e+09,1.627200000000000000e+04,2.960000000000000000e+02,5.000000000000000000e+02,-6.220000000000000000e+02,5.700000000000000000e+01,4.600000000000000000e+01
1.680080646652588367e+09,1.626400000000000000e+04,3.520000000000000000e+02,4.560000000000000000e+02,-6.610000000000000000e+02,3.600000000000000000e+01,3.100000000000000000e+01
1.680080646653335571e+09,1.622000000000000000e+04,3.960000000000000000e+02,3.920000000000000000e+02,-6.450000000000000000e+02,3.400000000000000000e+01,2.700000000000000000e+01
1.680080646654285431e+09,1.618000000000000000e+04,3.440000000000000000e+02,4.120000000000000000e+02,-6.220000000000000000e+02,5.400000000000000000e+01,3.500000000000000000e+01
1.680080646655201674e+09,1.619200000000000000e+04,3.880000000000000000e+02,2.600000000000000000e+02,-6.530000000000000000e+02,5.100000000000000000e+01,2.200000000000000000e+01
1.680080646655997276e+09,1.623200000000000000e+04,2.960000000000000000e+02,2.920000000000000000e+02,-6.390000000000000000e+02,3.400000000000000000e+01,3.500000000000000000e+01
1.680080646657193661e+09,1.619600000000000000e+04,2.920000000000000000e+02,4.040000000000000000e+02,-5.850000000000000000e+02,2.700000000000000000e+01,3.200000000000000000e+01
1.680080646658004045e+09,1.620400000000000000e+04,2.840000000000000000e+02,4.640000000000000000e+02,-6.100000000000000000e+02,2.100000000000000000e+01,2.600000000000000000e+01
1.680080646658855438e+09,1.620400000000000000e+04,2.840000000000000000e+02,4.640000000000000000e+02,-6.360000000000000000e+02,2.300000000000000000e+01,1.600000000000000000e+01
1.680080646661140919e+09,1.620000000000000000e+04,2.840000000000000000e+02,3.320000000000000000e+02,-6.760000000000000000e+02,2.600000000000000000e+01,1.300000000000000000e+01
1.680080646662170172e+09,1.616400000000000000e+04,4.000000000000000000e+02,2.240000000000000000e+02,-6.180000000000000000e+02,5.300000000000000000e+01,4.700000000000000000e+01
1.680080646663017273e+09,1.618800000000000000e+04,3.000000000000000000e+02,2.720000000000000000e+02,-6.390000000000000000e+02,5.200000000000000000e+01,4.200000000000000000e+01
1.680080646663947344e+09,1.620400000000000000e+04,3.600000000000000000e+02,3.880000000000000000e+02,-6.560000000000000000e+02,4.600000000000000000e+01,4.300000000000000000e+01
1.680080646664709091e+09,1.620400000000000000e+04,3.600000000000000000e+02,3.880000000000000000e+02,-6.370000000000000000e+02,5.500000000000000000e+01,3.600000000000000000e+01
1.680080646665457249e+09,1.622800000000000000e+04,3.520000000000000000e+02,3.320000000000000000e+02,-6.180000000000000000e+02,6.000000000000000000e+01,3.900000000000000000e+01
1.680080646666203499e+09,1.626400000000000000e+04,4.000000000000000000e+02,3.440000000000000000e+02,-6.090000000000000000e+02,4.500000000000000000e+01,4.800000000000000000e+01
1.680080646667499542e+09,1.630000000000000000e+04,3.320000000000000000e+02,4.280000000000000000e+02,-6.490000000000000000e+02,1.800000000000000000e+01,1.100000000000000000e+01
1.680080646668375492e+09,1.621600000000000000e+04,3.400000000000000000e+02,3.680000000000000000e+02,-6.260000000000000000e+02,2.400000000000000000e+01,-3.000000000000000000e+00
1.680080646669161558e+09,1.623200000000000000e+04,2.680000000000000000e+02,3.920000000000000000e+02,-6.070000000000000000e+02,4.700000000000000000e+01,1.900000000000000000e+01
1.680080646670466900e+09,1.620400000000000000e+04,3.000000000000000000e+02,4.440000000000000000e+02,-6.180000000000000000e+02,5.700000000000000000e+01,3.500000000000000000e+01
1.680080646671495914e+09,1.620400000000000000e+04,3.320000000000000000e+02,3.120000000000000000e+02,-6.600000000000000000e+02,3.600000000000000000e+01,2.600000000000000000e+01
1.680080646672399521e+09,1.625600000000000000e+04,3.480000000000000000e+02,2.600000000000000000e+02,-6.620000000000000000e+02,2.800000000000000000e+01,2.700000000000000000e+01
1.680080646673460245e+09,1.622400000000000000e+04,3.160000000000000000e+02,3.840000000000000000e+02,-6.310000000000000000e+02,4.000000000000000000e+01,2.600000000000000000e+01
1.680080646674243212e+09,1.619600000000000000e+04,3.000000000000000000e+02,2.520000000000000000e+02,-6.310000000000000000e+02,6.200000000000000000e+01,4.000000000000000000e+01
1.680080646675030470e+09,1.622000000000000000e+04,3.240000000000000000e+02,2.000000000000000000e+02,-6.630000000000000000e+02,5.000000000000000000e+01,4.700000000000000000e+01
1.680080646675775528e+09,1.622000000000000000e+04,3.240000000000000000e+02,2.000000000000000000e+02,-6.590000000000000000e+02,3.000000000000000000e+01,5.100000000000000000e+01
1.680080646676736593e+09,1.620000000000000000e+04,3.240000000000000000e+02,4.120000000000000000e+02,-6.240000000000000000e+02,3.500000000000000000e+01,5.800000000000000000e+01
1.680080646677480221e+09,1.614400000000000000e+04,2.800000000000000000e+02,4.040000000000000000e+02,-6.150000000000000000e+02,3.500000000000000000e+01,4.500000000000000000e+01
1.680080646678243399e+09,1.625600000000000000e+04,2.640000000000000000e+02,3.120000000000000000e+02,-6.320000000000000000e+02,3.900000000000000000e+01,4.000000000000000000e+01
1.680080646678978205e+09,1.625200000000000000e+04,2.920000000000000000e+02,3.040000000000000000e+02,-6.660000000000000000e+02,4.000000000000000000e+01,2.600000000000000000e+01
1.680080646679984331e+09,1.625200000000000000e+04,2.920000000000000000e+02,3.040000000000000000e+02,-6.780000000000000000e+02,2.700000000000000000e+01,1.700000000000000000e+01
1.680080646680776596e+09,1.626000000000000000e+04,2.840000000000000000e+02,2.120000000000000000e+02,-6.330000000000000000e+02,7.000000000000000000e+00,2.100000000000000000e+01
1.680080646681537390e+09,1.618400000000000000e+04,2.760000000000000000e+02,3.560000000000000000e+02,-6.130000000000000000e+02,1.700000000000000000e+01,1.500000000000000000e+01
1.680080646682275057e+09,1.618000000000000000e+04,3.280000000000000000e+02,3.880000000000000000e+02,-6.240000000000000000e+02,3.400000000000000000e+01,2.900000000000000000e+01
1.680080646683181047e+09,1.614400000000000000e+04,3.240000000000000000e+02,3.360000000000000000e+02,-6.530000000000000000e+02,4.400000000000000000e+01,3.000000000000000000e+01
1.680080646683920860e+09,1.614400000000000000e+04,2.840000000000000000e+02,1.680000000000000000e+02,-6.590000000000000000e+02,4.300000000000000000e+01,2.000000000000000000e+01
1.680080646684806585e+09,1.614400000000000000e+04,2.840000000000000000e+02,1.680000000000000000e+02,-6.440000000000000000e+02,4.300000000000000000e+01,1.700000000000000000e+01
1.680080646685548306e+09,1.614800000000000000e+04,3.320000000000000000e+02,3.840000000000000000e+02,-6.340000000000000000e+02,4.300000000000000000e+01,2.600000000000000000e+01
1.680080646686528444e+09,1.622800000000000000e+04,2.720000000000000000e+02,3.840000000000000000e+02,-6.410000000000000000e+02,2.000000000000000000e+01,3.700000000000000000e+01
1.680080646687597990e+09,1.620000000000000000e+04,2.840000000000000000e+02,2.960000000000000000e+02,-6.210000000000000000e+02,-3.000000000000000000e+00,3.600000000000000000e+01
1.680080646688514709e+09,1.624800000000000000e+04,3.600000000000000000e+02,2.920000000000000000e+02,-5.920000000000000000e+02,5.000000000000000000e+01,2.500000000000000000e+01
1.680080646689520121e+09,1.619200000000000000e+04,3.240000000000000000e+02,2.560000000000000000e+02,-6.170000000000000000e+02,6.600000000000000000e+01,9.000000000000000000e+00
1.680080646690249443e+09,1.611200000000000000e+04,2.480000000000000000e+02,2.400000000000000000e+02,-6.560000000000000000e+02,3.800000000000000000e+01,2.400000000000000000e+01
1.680080646691172361e+09,1.612800000000000000e+04,2.720000000000000000e+02,2.360000000000000000e+02,-6.550000000000000000e+02,1.500000000000000000e+01,2.600000000000000000e+01
1.680080646691956520e+09,1.610400000000000000e+04,3.600000000000000000e+02,3.200000000000000000e+02,-6.110000000000000000e+02,1.200000000000000000e+01,2.100000000000000000e+01
1.680080646692842484e+09,1.610400000000000000e+04,3.600000000000000000e+02,3.200000000000000000e+02,-5.910000000000000000e+02,2.100000000000000000e+01,3.400000000000000000e+01
1.680080646693583012e+09,1.612000000000000000e+04,3.040000000000000000e+02,3.560000000000000000e+02,-6.020000000000000000e+02,5.800000000000000000e+01,4.100000000000000000e+01
1.680080646694516420e+09,1.624800000000000000e+04,3.240000000000000000e+02,3.560000000000000000e+02,-6.390000000000000000e+02,4.700000000000000000e+01,2.900000000000000000e+01
1.680080646695259333e+09,1.616000000000000000e+04,2.600000000000000000e+02,3.640000000000000000e+02,-6.570000000000000000e+02,1.100000000000000000e+01,1.700000000000000000e+01
1.680080646696207523e+09,1.619200000000000000e+04,2.120000000000000000e+02,3.560000000000000000e+02,-6.400000000000000000e+02,-8.000000000000000000e+00,1.300000000000000000e+01
1.680080646697133780e+09,1.613200000000000000e+04,2.560000000000000000e+02,3.400000000000000000e+02,-6.130000000000000000e+02,1.200000000000000000e+01,3.300000000000000000e+01
1.680080646697916985e+09,1.614000000000000000e+04,2.440000000000000000e+02,2.880000000000000000e+02,-6.270000000000000000e+02,3.500000000000000000e+01,5.400000000000000000e+01
1.680080646698807240e+09,1.614000000000000000e+04,2.440000000000000000e+02,2.880000000000000000e+02,-6.300000000000000000e+02,3.800000000000000000e+01,5.800000000000000000e+01
1.680080646699538708e+09,1.610800000000000000e+04,2.840000000000000000e+02,3.920000000000000000e+02,-6.560000000000000000e+02,2.200000000000000000e+01,2.700000000000000000e+01
1.680080646700484276e+09,1.616400000000000000e+04,2.800000000000000000e+02,3.120000000000000000e+02,-6.470000000000000000e+02,2.400000000000000000e+01,-1.000000000000000000e+00
1.680080646701262236e+09,1.616000000000000000e+04,2.920000000000000000e+02,2.320000000000000000e+02,-6.020000000000000000e+02,2.900000000000000000e+01,-2.000000000000000000e+00
1.680080646702141285e+09,1.614400000000000000e+04,2.760000000000000000e+02,3.720000000000000000e+02,-6.050000000000000000e+02,2.600000000000000000e+01,2.300000000000000000e+01
1.680080646702905416e+09,1.605600000000000000e+04,2.760000000000000000e+02,4.640000000000000000e+02,-6.390000000000000000e+02,3.200000000000000000e+01,4.900000000000000000e+01
1.680080646703777075e+09,1.618400000000000000e+04,3.280000000000000000e+02,3.520000000000000000e+02,-6.640000000000000000e+02,2.400000000000000000e+01,3.300000000000000000e+01
1.680080646704518795e+09,1.618400000000000000e+04,3.280000000000000000e+02,3.520000000000000000e+02,-6.540000000000000000e+02,1.400000000000000000e+01,2.800000000000000000e+01
1.680080646705404997e+09,1.622800000000000000e+04,2.720000000000000000e+02,4.120000000000000000e+02,-6.190000000000000000e+02,2.400000000000000000e+01,3.400000000000000000e+01
1.680080646706135750e+09,1.625600000000000000e+04,2.800000000000000000e+02,3.200000000000000000e+02,-6.020000000000000000e+02,4.000000000000000000e+01,3.200000000000000000e+01
1.680080646707083702e+09,1.624800000000000000e+04,3.400000000000000000e+02,2.000000000000000000e+02,-6.250000000000000000e+02,5.300000000000000000e+01,2.900000000000000000e+01
1.680080646707868576e+09,1.618400000000000000e+04,3.120000000000000000e+02,2.320000000000000000e+02,-6.610000000000000000e+02,4.600000000000000000e+01,2.400000000000000000e+01
1.680080646708815813e+09,1.618400000000000000e+04,3.120000000000000000e+02,2.320000000000000000e+02,-6.700000000000000000e+02,1.500000000000000000e+01,1.600000000000000000e+01
1.680080646709557533e+09,1.628400000000000000e+04,3.400000000000000000e+02,1.840000000000000000e+02,-6.260000000000000000e+02,3.000000000000000000e+00,2.500000000000000000e+01
1.680080646710396767e+09,1.618800000000000000e+04,3.800000000000000000e+02,3.160000000000000000e+02,-5.980000000000000000e+02,3.700000000000000000e+01,3.000000000000000000e+01
1.680080646711182594e+09,1.610800000000000000e+04,3.040000000000000000e+02,3.840000000000000000e+02,-6.020000000000000000e+02,5.600000000000000000e+01,3.700000000000000000e+01
1.680080646712071896e+09,1.620400000000000000e+04,3.120000000000000000e+02,2.200000000000000000e+02,-6.390000000000000000e+02,5.800000000000000000e+01,3.800000000000000000e+01
1.680080646712801218e+09,1.614000000000000000e+04,2.960000000000000000e+02,1.520000000000000000e+02,-6.720000000000000000e+02,5.500000000000000000e+01,4.800000000000000000e+01
1.680080646713559151e+09,1.614000000000000000e+04,2.960000000000000000e+02,1.520000000000000000e+02,-6.580000000000000000e+02,2.900000000000000000e+01,5.400000000000000000e+01
1.680080646714295149e+09,1.618000000000000000e+04,4.280000000000000000e+02,3.920000000000000000e+02,-6.300000000000000000e+02,3.500000000000000000e+01,4.300000000000000000e+01
1.680080646715292931e+09,1.610400000000000000e+04,3.280000000000000000e+02,3.760000000000000000e+02,-6.180000000000000000e+02,5.800000000000000000e+01,3.200000000000000000e+01
1.680080646716073513e+09,1.619600000000000000e+04,2.800000000000000000e+02,3.840000000000000000e+02,-6.460000000000000000e+02,5.400000000000000000e+01,2.800000000000000000e+01
1.680080646716866732e+09,1.611600000000000000e+04,2.120000000000000000e+02,3.240000000000000000e+02,-6.370000000000000000e+02,3.200000000000000000e+01,2.000000000000000000e+01
1.680080646717607021e+09,1.611600000000000000e+04,2.120000000000000000e+02,3.240000000000000000e+02,-6.070000000000000000e+02,2.600000000000000000e+01,1.900000000000000000e+01
1.680080646718645334e+09,1.614400000000000000e+04,3.040000000000000000e+02,3.320000000000000000e+02,-6.070000000000000000e+02,3.900000000000000000e+01,2.800000000000000000e+01
1.680080646719429493e+09,1.619600000000000000e+04,3.800000000000000000e+02,3.560000000000000000e+02,-6.280000000000000000e+02,7.000000000000000000e+01,3.200000000000000000e+01
1.680080646720200539e+09,1.614800000000000000e+04,2.160000000000000000e+02,3.520000000000000000e+02,-6.460000000000000000e+02,4.800000000000000000e+01,3.000000000000000000e+01
1.680080646720944405e+09,1.614400000000000000e+04,1.880000000000000000e+02,3.320000000000000000e+02,-6.520000000000000000e+02,4.300000000000000000e+01,3.000000000000000000e+01
1.680080646721878052e+09,1.620000000000000000e+04,1.960000000000000000e+02,4.440000000000000000e+02,-6.440000000000000000e+02,4.800000000000000000e+01,4.800000000000000000e+01
1.680080646722655535e+09,1.618400000000000000e+04,2.600000000000000000e+02,2.560000000000000000e+02,-6.440000000000000000e+02,3.800000000000000000e+01,6.800000000000000000e+01
1.680080646723517656e+09,1.618400000000000000e+04,2.600000000000000000e+02,2.560000000000000000e+02,-6.350000000000000000e+02,2.000000000000000000e+00,4.600000000000000000e+01
1.680080646724257708e+09,1.618400000000000000e+04,2.200000000000000000e+02,3.400000000000000000e+02,-6.100000000000000000e+02,-1.200000000000000000e+01,3.800000000000000000e+01
1.680080646725291014e+09,1.633600000000000000e+04,2.720000000000000000e+02,3.000000000000000000e+02,-6.170000000000000000e+02,3.200000000000000000e+01,1.900000000000000000e+01
1.680080646726061106e+09,1.613600000000000000e+04,2.480000000000000000e+02,3.040000000000000000e+02,-6.410000000000000000e+02,5.700000000000000000e+01,2.000000000000000000e+01
1.680080646726826668e+09,1.608800000000000000e+04,2.520000000000000000e+02,3.040000000000000000e+02,-6.550000000000000000e+02,7.100000000000000000e+01,2.000000000000000000e+01
1.680080646727798223e+09,1.608800000000000000e+04,2.520000000000000000e+02,3.040000000000000000e+02,-6.650000000000000000e+02,5.100000000000000000e+01,2.500000000000000000e+01
1.680080646728578806e+09,1.618800000000000000e+04,3.240000000000000000e+02,2.000000000000000000e+02,-6.210000000000000000e+02,2.600000000000000000e+01,3.100000000000000000e+01
1.680080646729469299e+09,1.612800000000000000e+04,4.040000000000000000e+02,2.480000000000000000e+02,-5.780000000000000000e+02,4.300000000000000000e+01,3.900000000000000000e+01
1.680080646730202675e+09,1.610000000000000000e+04,3.320000000000000000e+02,2.800000000000000000e+02,-5.920000000000000000e+02,7.000000000000000000e+01,2.900000000000000000e+01
1.680080646731078386e+09,1.620400000000000000e+04,2.760000000000000000e+02,2.760000000000000000e+02,-6.240000000000000000e+02,6.000000000000000000e+01,2.100000000000000000e+01
1.680080646731835842e+09,1.623200000000000000e+04,3.520000000000000000e+02,2.800000000000000000e+02,-6.600000000000000000e+02,2.300000000000000000e+01,2.500000000000000000e+01
1.680080646733168840e+09,1.624000000000000000e+04,3.080000000000000000e+02,3.480000000000000000e+02,-6.460000000000000000e+02,5.000000000000000000e+00,3.300000000000000000e+01
1.680080646733949184e+09,1.616000000000000000e+04,2.240000000000000000e+02,2.360000000000000000e+02,-6.430000000000000000e+02,5.500000000000000000e+01,4.500000000000000000e+01
1.680080646734910965e+09,1.624800000000000000e+04,2.880000000000000000e+02,2.960000000000000000e+02,-6.390000000000000000e+02,3.700000000000000000e+01,2.000000000000000000e+01
1.680080646735817194e+09,1.631600000000000000e+04,2.800000000000000000e+02,3.240000000000000000e+02,-6.150000000000000000e+02,2.700000000000000000e+01,2.000000000000000000e+01
1.680080646736627340e+09,1.618400000000000000e+04,3.080000000000000000e+02,3.400000000000000000e+02,-6.000000000000000000e+02,3.500000000000000000e+01,4.200000000000000000e+01
1.680080646737527132e+09,1.618400000000000000e+04,3.080000000000000000e+02,3.400000000000000000e+02,-5.970000000000000000e+02,4.400000000000000000e+01,6.300000000000000000e+01
1.680080646738364220e+09,1.616000000000000000e+04,3.000000000000000000e+02,4.160000000000000000e+02,-6.200000000000000000e+02,6.700000000000000000e+01,5.100000000000000000e+01
1.680080646739135265e+09,1.606400000000000000e+04,3.560000000000000000e+02,3.640000000000000000e+02,-6.390000000000000000e+02,5.500000000000000000e+01,4.100000000000000000e+01
1.680080646739879370e+09,1.610000000000000000e+04,3.480000000000000000e+02,3.760000000000000000e+02,-6.120000000000000000e+02,3.300000000000000000e+01,3.700000000000000000e+01
1.680080646740757704e+09,1.616800000000000000e+04,2.640000000000000000e+02,3.840000000000000000e+02,-5.930000000000000000e+02,2.300000000000000000e+01,4.200000000000000000e+01
1.680080646741497278e+09,1.616800000000000000e+04,2.640000000000000000e+02,3.840000000000000000e+02,-6.030000000000000000e+02,4.200000000000000000e+01,4.500000000000000000e+01
1.680080646742488384e+09,1.615200000000000000e+04,2.880000000000000000e+02,3.200000000000000000e+02,-6.360000000000000000e+02,3.400000000000000000e+01,3.000000000000000000e+01
1.680080646743257761e+09,1.620800000000000000e+04,2.480000000000000000e+02,3.320000000000000000e+02,-6.630000000000000000e+02,1.300000000000000000e+01,2.700000000000000000e+01
1.680080646744201183e+09,1.614800000000000000e+04,2.480000000000000000e+02,2.440000000000000000e+02,-6.430000000000000000e+02,1.700000000000000000e+01,2.300000000000000000e+01
1.680080646745039940e+09,1.609600000000000000e+04,2.760000000000000000e+02,3.000000000000000000e+02,-6.190000000000000000e+02,4.600000000000000000e+01,2.600000000000000000e+01
1.680080646745807171e+09,1.614800000000000000e+04,2.120000000000000000e+02,4.440000000000000000e+02,-6.350000000000000000e+02,4.800000000000000000e+01,1.800000000000000000e+01
1.680080646746568918e+09,1.616000000000000000e+04,2.920000000000000000e+02,3.800000000000000000e+02,-6.310000000000000000e+02,3.400000000000000000e+01,2.200000000000000000e+01
1.680080646747491837e+09,1.616000000000000000e+04,2.920000000000000000e+02,3.800000000000000000e+02,-6.160000000000000000e+02,3.800000000000000000e+01,2.300000000000000000e+01
1.680080646748273849e+09,1.615200000000000000e+04,3.280000000000000000e+02,3.040000000000000000e+02,-6.450000000000000000e+02,3.200000000000000000e+01,2.900000000000000000e+01
1.680080646749032974e+09,1.618000000000000000e+04,2.320000000000000000e+02,2.840000000000000000e+02,-6.460000000000000000e+02,2.200000000000000000e+01,4.100000000000000000e+01
1.680080646749774218e+09,1.616400000000000000e+04,1.760000000000000000e+02,2.720000000000000000e+02,-6.240000000000000000e+02,2.700000000000000000e+01,4.500000000000000000e+01
1.680080646750692844e+09,1.616400000000000000e+04,1.760000000000000000e+02,2.720000000000000000e+02,-6.180000000000000000e+02,3.200000000000000000e+01,5.300000000000000000e+01
1.680080646751538515e+09,1.622400000000000000e+04,2.720000000000000000e+02,1.880000000000000000e+02,-6.480000000000000000e+02,7.400000000000000000e+01,3.800000000000000000e+01
1.680080646752303839e+09,1.622400000000000000e+04,2.720000000000000000e+02,1.880000000000000000e+02,-6.640000000000000000e+02,5.500000000000000000e+01,1.700000000000000000e+01
1.680080646753037930e+09,1.620400000000000000e+04,2.280000000000000000e+02,2.280000000000000000e+02,-6.490000000000000000e+02,3.000000000000000000e+01,1.800000000000000000e+01
1.680080646754014015e+09,1.607200000000000000e+04,3.000000000000000000e+02,3.080000000000000000e+02,-6.130000000000000000e+02,3.500000000000000000e+01,2.800000000000000000e+01
1.680080646754759789e+09,1.614400000000000000e+04,3.040000000000000000e+02,3.800000000000000000e+02,-6.050000000000000000e+02,5.600000000000000000e+01,3.900000000000000000e+01
1.680080646755507231e+09,1.621200000000000000e+04,2.680000000000000000e+02,3.360000000000000000e+02,-6.340000000000000000e+02,6.800000000000000000e+01,3.300000000000000000e+01
1.680080646756243706e+09,1.621200000000000000e+04,2.680000000000000000e+02,3.360000000000000000e+02,-6.620000000000000000e+02,4.200000000000000000e+01,3.800000000000000000e+01
1.680080646757151127e+09,1.617200000000000000e+04,2.880000000000000000e+02,2.720000000000000000e+02,-6.640000000000000000e+02,-1.000000000000000000e+00,3.500000000000000000e+01
1.680080646757891655e+09,1.611200000000000000e+04,2.080000000000000000e+02,2.440000000000000000e+02,-6.150000000000000000e+02,-3.000000000000000000e+00,1.400000000000000000e+01
1.680080646758826494e+09,1.609200000000000000e+04,3.640000000000000000e+02,3.320000000000000000e+02,-6.100000000000000000e+02,4.700000000000000000e+01,3.600000000000000000e+01
1.680080646759569883e+09,1.614800000000000000e+04,3.080000000000000000e+02,4.080000000000000000e+02,-6.510000000000000000e+02,6.900000000000000000e+01,4.700000000000000000e+01
1.680080646760548115e+09,1.622800000000000000e+04,1.880000000000000000e+02,4.000000000000000000e+02,-6.690000000000000000e+02,4.500000000000000000e+01,2.700000000000000000e+01
1.680080646761439323e+09,1.622800000000000000e+04,1.880000000000000000e+02,4.000000000000000000e+02,-6.570000000000000000e+02,4.000000000000000000e+00,2.000000000000000000e+00
1.680080646762184858e+09,1.615600000000000000e+04,2.280000000000000000e+02,3.400000000000000000e+02,-6.060000000000000000e+02,1.400000000000000000e+01,-1.300000000000000000e+01
1.680080646763096809e+09,1.613600000000000000e+04,2.440000000000000000e+02,3.800000000000000000e+02,-5.850000000000000000e+02,4.800000000000000000e+01,8.000000000000000000e+00
1.680080646763932705e+09,1.615200000000000000e+04,3.440000000000000000e+02,3.200000000000000000e+02,-6.300000000000000000e+02,6.500000000000000000e+01,4.700000000000000000e+01
1.680080646764703751e+09,1.612400000000000000e+04,3.160000000000000000e+02,3.040000000000000000e+02,-6.630000000000000000e+02,5.100000000000000000e+01,4.600000000000000000e+01
1.680080646765446424e+09,1.612400000000000000e+04,3.160000000000000000e+02,3.040000000000000000e+02,-6.820000000000000000e+02,2.100000000000000000e+01,3.600000000000000000e+01
1.680080646766419172e+09,1.617600000000000000e+04,3.560000000000000000e+02,3.040000000000000000e+02,-6.510000000000000000e+02,1.200000000000000000e+01,1.900000000000000000e+01
1.680080646767206669e+09,1.612000000000000000e+04,3.680000000000000000e+02,2.840000000000000000e+02,-6.080000000000000000e+02,4.500000000000000000e+01,2.000000000000000000e+00
1.680080646767974377e+09,1.613600000000000000e+04,3.000000000000000000e+02,3.560000000000000000e+02,-6.290000000000000000e+02,5.700000000000000000e+01,1.600000000000000000e+01
1.680080646768717527e+09,1.619600000000000000e+04,2.520000000000000000e+02,1.720000000000000000e+02,-6.550000000000000000e+02,4.500000000000000000e+01,1.900000000000000000e+01
1.680080646769601822e+09,1.617600000000000000e+04,2.680000000000000000e+02,2.560000000000000000e+02,-6.310000000000000000e+02,4.000000000000000000e+01,1.600000000000000000e+01
1.680080646770439625e+09,1.617600000000000000e+04,2.680000000000000000e+02,2.560000000000000000e+02,-6.300000000000000000e+02,6.700000000000000000e+01,6.000000000000000000e+00
1.680080646771198988e+09,1.620000000000000000e+04,3.400000000000000000e+02,2.960000000000000000e+02,-6.550000000000000000e+02,6.100000000000000000e+01,1.000000000000000000e+01
1.680080646771935940e+09,1.618800000000000000e+04,3.800000000000000000e+02,4.000000000000000000e+02,-6.430000000000000000e+02,5.100000000000000000e+01,2.400000000000000000e+01
1.680080646772894621e+09,1.621600000000000000e+04,3.400000000000000000e+02,4.400000000000000000e+02,-6.070000000000000000e+02,5.300000000000000000e+01,3.600000000000000000e+01
1.680080646773675442e+09,1.622000000000000000e+04,3.560000000000000000e+02,3.640000000000000000e+02,-6.000000000000000000e+02,3.900000000000000000e+01,3.200000000000000000e+01
1.680080646774440289e+09,1.622000000000000000e+04,3.560000000000000000e+02,3.640000000000000000e+02,-6.350000000000000000e+02,2.500000000000000000e+01,4.200000000000000000e+01
1.680080646775177956e+09,1.624000000000000000e+04,2.920000000000000000e+02,4.040000000000000000e+02,-6.430000000000000000e+02,2.300000000000000000e+01,5.200000000000000000e+01
1.680080646776063442e+09,1.618000000000000000e+04,3.520000000000000000e+02,2.880000000000000000e+02,-6.100000000000000000e+02,2.600000000000000000e+01,4.700000000000000000e+01
1.680080646776815653e+09,1.629600000000000000e+04,2.680000000000000000e+02,3.480000000000000000e+02,-6.020000000000000000e+02,4.300000000000000000e+01,3.300000000000000000e+01
1.680080646777732372e+09,1.625600000000000000e+04,2.080000000000000000e+02,4.080000000000000000e+02,-6.220000000000000000e+02,5.300000000000000000e+01,3.700000000000000000e+01
1.680080646778476715e+09,1.609600000000000000e+04,2.120000000000000000e+02,2.960000000000000000e+02,-6.560000000000000000e+02,3.600000000000000000e+01,4.700000000000000000e+01
1.680080646779420376e+09,1.609600000000000000e+04,2.120000000000000000e+02,2.960000000000000000e+02,-6.660000000000000000e+02,1.900000000000000000e+01,4.900000000000000000e+01
1.680080646780152321e+09,1.613200000000000000e+04,2.480000000000000000e+02,2.720000000000000000e+02,-6.160000000000000000e+02,2.500000000000000000e+01,4.600000000000000000e+01
1.680080646781047583e+09,1.617600000000000000e+04,2.440000000000000000e+02,3.880000000000000000e+02,-6.060000000000000000e+02,3.300000000000000000e+01,1.900000000000000000e+01
1.680080646781787395e+09,1.619200000000000000e+04,2.560000000000000000e+02,3.520000000000000000e+02,-6.230000000000000000e+02,4.000000000000000000e+01,2.600000000000000000e+01
1.680080646782817364e+09,1.620000000000000000e+04,2.360000000000000000e+02,4.480000000000000000e+02,-6.600000000000000000e+02,4.400000000000000000e+01,1.700000000000000000e+01
1.680080646783609867e+09,1.610000000000000000e+04,3.080000000000000000e+02,3.920000000000000000e+02,-6.780000000000000000e+02,1.200000000000000000e+01,1.100000000000000000e+01
1.680080646784600496e+09,1.611200000000000000e+04,2.840000000000000000e+02,3.080000000000000000e+02,-6.260000000000000000e+02,6.000000000000000000e+00,3.300000000000000000e+01
1.680080646785539150e+09,1.610400000000000000e+04,2.240000000000000000e+02,3.960000000000000000e+02,-6.080000000000000000e+02,3.000000000000000000e+01,4.100000000000000000e+01
1.680080646786282063e+09,1.610400000000000000e+04,2.240000000000000000e+02,3.960000000000000000e+02,-6.250000000000000000e+02,5.800000000000000000e+01,2.800000000000000000e+01
1.680080646787136793e+09,1.615200000000000000e+04,3.360000000000000000e+02,3.680000000000000000e+02,-6.410000000000000000e+02,4.300000000000000000e+01,1.900000000000000000e+01
1.680080646787876129e+09,1.614400000000000000e+04,3.440000000000000000e+02,4.800000000000000000e+02,-6.420000000000000000e+02,-1.000000000000000000e+00,1.300000000000000000e+01
1.680080646788930893e+09,1.625200000000000000e+04,2.320000000000000000e+02,4.240000000000000000e+02,-5.900000000000000000e+02,3.000000000000000000e+00,2.900000000000000000e+01
1.680080646789666653e+09,1.624000000000000000e+04,3.280000000000000000e+02,3.640000000000000000e+02,-5.900000000000000000e+02,1.200000000000000000e+01,3.600000000000000000e+01
1.680080646790440798e+09,1.627200000000000000e+04,2.600000000000000000e+02,3.440000000000000000e+02,-6.240000000000000000e+02,4.200000000000000000e+01,4.100000000000000000e+01
1.680080646791177511e+09,1.627200000000000000e+04,2.600000000000000000e+02,3.440000000000000000e+02,-6.530000000000000000e+02,6.600000000000000000e+01,4.200000000000000000e+01
1.680080646792216063e+09,1.615200000000000000e+04,2.560000000000000000e+02,3.160000000000000000e+02,-6.450000000000000000e+02,5.900000000000000000e+01,4.100000000000000000e+01
1.680080646792953968e+09,1.618000000000000000e+04,3.040000000000000000e+02,4.640000000000000000e+02,-6.230000000000000000e+02,5.900000000000000000e+01,2.300000000000000000e+01
1.680080646793715954e+09,1.608400000000000000e+04,2.320000000000000000e+02,4.480000000000000000e+02,-6.220000000000000000e+02,4.500000000000000000e+01,2.200000000000000000e+01
1.680080646794457912e+09,1.619600000000000000e+04,2.720000000000000000e+02,2.760000000000000000e+02,-6.340000000000000000e+02,2.900000000000000000e+01,9.000000000000000000e+00
1.680080646795447111e+09,1.619600000000000000e+04,2.720000000000000000e+02,2.760000000000000000e+02,-6.360000000000000000e+02,4.100000000000000000e+01,1.100000000000000000e+01
1.680080646796187401e+09,1.619600000000000000e+04,3.080000000000000000e+02,3.280000000000000000e+02,-6.340000000000000000e+02,5.600000000000000000e+01,3.000000000000000000e+01
1.680080646796980619e+09,1.626000000000000000e+04,2.800000000000000000e+02,3.000000000000000000e+02,-6.550000000000000000e+02,4.300000000000000000e+01,5.900000000000000000e+01
1.680080646797717333e+09,1.623600000000000000e+04,3.200000000000000000e+02,2.040000000000000000e+02,-6.500000000000000000e+02,2.600000000000000000e+01,5.900000000000000000e+01
1.680080646798715353e+09,1.616800000000000000e+04,4.080000000000000000e+02,3.000000000000000000e+02,-6.130000000000000000e+02,4.700000000000000000e+01,5.900000000000000000e+01
1.680080646799453020e+09,1.617600000000000000e+04,3.160000000000000000e+02,4.000000000000000000e+02,-6.130000000000000000e+02,6.200000000000000000e+01,4.100000000000000000e+01
1.680080646800214052e+09,1.617600000000000000e+04,3.160000000000000000e+02,4.000000000000000000e+02,-6.290000000000000000e+02,6.600000000000000000e+01,4.300000000000000000e+01
1.680080646800947428e+09,1.614000000000000000e+04,2.560000000000000000e+02,4.800000000000000000e+02,-6.560000000000000000e+02,5.200000000000000000e+01,5.500000000000000000e+01
1.680080646801922798e+09,1.620800000000000000e+04,3.400000000000000000e+02,3.840000000000000000e+02,-6.740000000000000000e+02,1.500000000000000000e+01,5.500000000000000000e+01
1.680080646802700758e+09,1.614800000000000000e+04,3.120000000000000000e+02,2.880000000000000000e+02,-6.310000000000000000e+02,-1.000000000000000000e+00,4.700000000000000000e+01
1.680080646803473711e+09,1.614400000000000000e+04,2.640000000000000000e+02,3.080000000000000000e+02,-6.020000000000000000e+02,9.000000000000000000e+00,2.300000000000000000e+01
1.680080646804208755e+09,1.614400000000000000e+04,2.640000000000000000e+02,3.080000000000000000e+02,-6.170000000000000000e+02,2.200000000000000000e+01,2.700000000000000000e+01
1.680080646805209160e+09,1.628000000000000000e+04,3.200000000000000000e+02,2.720000000000000000e+02,-6.600000000000000000e+02,3.100000000000000000e+01,4.100000000000000000e+01
1.680080646805946112e+09,1.622000000000000000e+04,2.760000000000000000e+02,2.520000000000000000e+02,-6.830000000000000000e+02,3.200000000000000000e+01,2.900000000000000000e+01
1.680080646806730032e+09,1.614000000000000000e+04,2.080000000000000000e+02,2.920000000000000000e+02,-6.580000000000000000e+02,1.700000000000000000e+01,3.200000000000000000e+01
1.680080646807465792e+09,1.618000000000000000e+04,2.440000000000000000e+02,2.960000000000000000e+02,-6.130000000000000000e+02,3.400000000000000000e+01,5.000000000000000000e+01
1.680080646808465481e+09,1.622400000000000000e+04,2.120000000000000000e+02,3.280000000000000000e+02,-5.870000000000000000e+02,5.100000000000000000e+01,4.200000000000000000e+01
1.680080646809203148e+09,1.622400000000000000e+04,2.120000000000000000e+02,3.280000000000000000e+02,-6.140000000000000000e+02,5.600000000000000000e+01,1.900000000000000000e+01
1.680080646809967518e+09,1.616000000000000000e+04,2.920000000000000000e+02,4.000000000000000000e+02,-6.440000000000000000e+02,4.000000000000000000e+01,1.500000000000000000e+01
1.680080646810706377e+09,1.617600000000000000e+04,2.920000000000000000e+02,2.800000000000000000e+02,-6.390000000000000000e+02,1.500000000000000000e+01,1.400000000000000000e+01
1.680080646811647654e+09,1.620400000000000000e+04,2.840000000000000000e+02,3.120000000000000000e+02,-6.220000000000000000e+02,2.400000000000000000e+01,2.900000000000000000e+01
1.680080646812383175e+09,1.622800000000000000e+04,2.560000000000000000e+02,4.120000000000000000e+02,-6.060000000000000000e+02,5.800000000000000000e+01,3.800000000000000000e+01
1.680080646813150406e+09,1.622800000000000000e+04,2.560000000000000000e+02,4.120000000000000000e+02,-6.100000000000000000e+02,6.800000000000000000e+01,5.100000000000000000e+01
1.680080646813881159e+09,1.617200000000000000e+04,3.440000000000000000e+02,3.320000000000000000e+02,-6.340000000000000000e+02,4.200000000000000000e+01,5.500000000000000000e+01
1.680080646814806938e+09,1.614000000000000000e+04,3.520000000000000000e+02,2.800000000000000000e+02,-6.560000000000000000e+02,1.400000000000000000e+01,3.800000000000000000e+01
1.680080646815583229e+09,1.628000000000000000e+04,3.160000000000000000e+02,2.640000000000000000e+02,-6.090000000000000000e+02,2.100000000000000000e+01,2.100000000000000000e+01
1.680080646816373587e+09,1.616000000000000000e+04,3.600000000000000000e+02,2.240000000000000000e+02,-5.800000000000000000e+02,2.500000000000000000e+01,3.800000000000000000e+01
1.680080646817128658e+09,1.616000000000000000e+04,3.600000000000000000e+02,2.240000000000000000e+02,-6.000000000000000000e+02,2.700000000000000000e+01,4.900000000000000000e+01
1.680080646818151951e+09,1.622400000000000000e+04,3.080000000000000000e+02,3.640000000000000000e+02,-6.420000000000000000e+02,4.400000000000000000e+01,4.900000000000000000e+01
1.680080646818942785e+09,1.615200000000000000e+04,2.640000000000000000e+02,5.400000000000000000e+02,-6.730000000000000000e+02,2.300000000000000000e+01,4.200000000000000000e+01
1.680080646819715023e+09,1.616400000000000000e+04,2.760000000000000000e+02,3.760000000000000000e+02,-6.500000000000000000e+02,2.900000000000000000e+01,4.500000000000000000e+01
1.680080646820454836e+09,1.614400000000000000e+04,3.240000000000000000e+02,3.800000000000000000e+02,-6.250000000000000000e+02,5.800000000000000000e+01,5.000000000000000000e+01
1.680080646821364164e+09,1.614400000000000000e+04,3.240000000000000000e+02,3.800000000000000000e+02,-6.230000000000000000e+02,8.300000000000000000e+01,4.400000000000000000e+01
1.680080646822187185e+09,1.612000000000000000e+04,3.200000000000000000e+02,4.640000000000000000e+02,-6.340000000000000000e+02,7.100000000000000000e+01,2.900000000000000000e+01
1.680080646822947264e+09,1.613600000000000000e+04,2.800000000000000000e+02,3.040000000000000000e+02,-6.580000000000000000e+02,3.600000000000000000e+01,1.500000000000000000e+01
1.680080646823687792e+09,1.617200000000000000e+04,2.920000000000000000e+02,2.800000000000000000e+02,-6.560000000000000000e+02,5.000000000000000000e+00,2.800000000000000000e+01
1.680080646824690580e+09,1.613600000000000000e+04,3.800000000000000000e+02,3.320000000000000000e+02,-6.350000000000000000e+02,1.100000000000000000e+01,3.200000000000000000e+01
1.680080646825440884e+09,1.627200000000000000e+04,2.840000000000000000e+02,4.920000000000000000e+02,-6.240000000000000000e+02,5.700000000000000000e+01,5.500000000000000000e+01
1.680080646826290846e+09,1.618400000000000000e+04,3.840000000000000000e+02,4.000000000000000000e+02,-6.320000000000000000e+02,7.100000000000000000e+01,5.900000000000000000e+01
1.680080646827073336e+09,1.618400000000000000e+04,3.840000000000000000e+02,4.000000000000000000e+02,-6.450000000000000000e+02,4.000000000000000000e+01,4.000000000000000000e+01
1.680080646828180075e+09,1.612000000000000000e+04,3.600000000000000000e+02,3.560000000000000000e+02,-6.160000000000000000e+02,1.600000000000000000e+01,2.900000000000000000e+01
1.680080646828949213e+09,1.626000000000000000e+04,3.480000000000000000e+02,3.000000000000000000e+02,-6.010000000000000000e+02,3.600000000000000000e+01,1.400000000000000000e+01
1.680080646829693556e+09,1.621600000000000000e+04,3.480000000000000000e+02,2.560000000000000000e+02,-5.990000000000000000e+02,5.800000000000000000e+01,2.400000000000000000e+01
1.680080646830587864e+09,1.619600000000000000e+04,3.360000000000000000e+02,3.800000000000000000e+02,-6.180000000000000000e+02,5.900000000000000000e+01,2.500000000000000000e+01
1.680080646831326723e+09,1.615200000000000000e+04,2.560000000000000000e+02,3.800000000000000000e+02,-6.680000000000000000e+02,4.600000000000000000e+01,2.500000000000000000e+01
1.680080646832093000e+09,1.615200000000000000e+04,2.560000000000000000e+02,3.800000000000000000e+02,-6.690000000000000000e+02,2.200000000000000000e+01,2.900000000000000000e+01
1.680080646832832098e+09,1.620000000000000000e+04,3.120000000000000000e+02,3.160000000000000000e+02,-6.230000000000000000e+02,2.100000000000000000e+01,3.800000000000000000e+01
1.680080646833802938e+09,1.626800000000000000e+04,3.280000000000000000e+02,3.880000000000000000e+02,-6.010000000000000000e+02,3.000000000000000000e+01,4.300000000000000000e+01
1.680080646834586859e+09,1.618000000000000000e+04,3.320000000000000000e+02,3.520000000000000000e+02,-6.270000000000000000e+02,4.100000000000000000e+01,5.800000000000000000e+01
1.680080646835358381e+09,1.621200000000000000e+04,3.920000000000000000e+02,3.800000000000000000e+02,-6.610000000000000000e+02,2.600000000000000000e+01,3.700000000000000000e+01
1.680080646836096287e+09,1.621200000000000000e+04,3.920000000000000000e+02,3.800000000000000000e+02,-6.560000000000000000e+02,9.000000000000000000e+00,1.400000000000000000e+01
1.680080646837095737e+09,1.612000000000000000e+04,2.760000000000000000e+02,2.840000000000000000e+02,-6.220000000000000000e+02,1.200000000000000000e+01,1.000000000000000000e+01
1.680080646837878942e+09,1.612400000000000000e+04,2.840000000000000000e+02,2.920000000000000000e+02,-5.880000000000000000e+02,4.800000000000000000e+01,3.000000000000000000e+01
1.680080646838646889e+09,1.616400000000000000e+04,2.960000000000000000e+02,2.080000000000000000e+02,-6.100000000000000000e+02,5.600000000000000000e+01,3.400000000000000000e+01
1.680080646839375019e+09,1.616400000000000000e+04,3.760000000000000000e+02,3.440000000000000000e+02,-6.610000000000000000e+02,4.300000000000000000e+01,3.400000000000000000e+01
1.680080646840276957e+09,1.616400000000000000e+04,3.760000000000000000e+02,3.440000000000000000e+02,-6.770000000000000000e+02,2.600000000000000000e+01,2.100000000000000000e+01
1.680080646841016769e+09,1.614000000000000000e+04,2.760000000000000000e+02,2.640000000000000000e+02,-6.410000000000000000e+02,4.000000000000000000e+01,6.000000000000000000e+00
1.680080646841816902e+09,1.618400000000000000e+04,3.320000000000000000e+02,3.320000000000000000e+02,-6.050000000000000000e+02,5.500000000000000000e+01,2.100000000000000000e+01
1.680080646842563391e+09,1.616400000000000000e+04,2.920000000000000000e+02,3.120000000000000000e+02,-6.070000000000000000e+02,4.000000000000000000e+01,5.100000000000000000e+01
1.680080646843453884e+09,1.614400000000000000e+04,3.800000000000000000e+02,3.880000000000000000e+02,-6.170000000000000000e+02,3.400000000000000000e+01,4.900000000000000000e+01
1.680080646844295502e+09,1.621200000000000000e+04,3.800000000000000000e+02,4.280000000000000000e+02,-6.610000000000000000e+02,4.200000000000000000e+01,4.200000000000000000e+01
1.680080646845074892e+09,1.621200000000000000e+04,3.800000000000000000e+02,4.280000000000000000e+02,-6.460000000000000000e+02,4.800000000000000000e+01,3.100000000000000000e+01
1.680080646845813990e+09,1.620800000000000000e+04,3.720000000000000000e+02,3.600000000000000000e+02,-6.240000000000000000e+02,6.100000000000000000e+01,2.200000000000000000e+01
1.680080646846797228e+09,1.620800000000000000e+04,3.360000000000000000e+02,3.160000000000000000e+02,-6.240000000000000000e+02,5.900000000000000000e+01,1.700000000000000000e+01
1.680080646847584724e+09,1.620800000000000000e+04,3.160000000000000000e+02,2.480000000000000000e+02,-6.490000000000000000e+02,1.200000000000000000e+01,2.900000000000000000e+01
1.680080646848402500e+09,1.621600000000000000e+04,3.240000000000000000e+02,3.520000000000000000e+02,-6.300000000000000000e+02,8.000000000000000000e+00,3.000000000000000000e+01
1.680080646849146605e+09,1.625200000000000000e+04,2.880000000000000000e+02,1.840000000000000000e+02,-6.120000000000000000e+02,2.300000000000000000e+01,2.100000000000000000e+01
1.680080646850033760e+09,1.625200000000000000e+04,2.880000000000000000e+02,1.840000000000000000e+02,-6.130000000000000000e+02,4.100000000000000000e+01,2.100000000000000000e+01
1.680080646850871325e+09,1.614400000000000000e+04,3.520000000000000000e+02,2.440000000000000000e+02,-6.500000000000000000e+02,6.900000000000000000e+01,3.900000000000000000e+01
1.680080646851637602e+09,1.611200000000000000e+04,2.520000000000000000e+02,3.600000000000000000e+02,-6.650000000000000000e+02,5.500000000000000000e+01,4.200000000000000000e+01
1.680080646852378130e+09,1.616400000000000000e+04,2.640000000000000000e+02,3.640000000000000000e+02,-6.370000000000000000e+02,2.500000000000000000e+01,2.300000000000000000e+01
1.680080646853329659e+09,1.616400000000000000e+04,2.640000000000000000e+02,3.640000000000000000e+02,-6.040000000000000000e+02,1.900000000000000000e+01,1.700000000000000000e+01
1.680080646854182959e+09,1.617600000000000000e+04,2.920000000000000000e+02,3.000000000000000000e+02,-6.050000000000000000e+02,4.100000000000000000e+01,6.000000000000000000e+00
1.680080646854962826e+09,1.617600000000000000e+04,2.920000000000000000e+02,3.000000000000000000e+02,-6.420000000000000000e+02,5.400000000000000000e+01,1.300000000000000000e+01
1.680080646855700731e+09,1.612000000000000000e+04,3.400000000000000000e+02,3.840000000000000000e+02,-6.760000000000000000e+02,3.400000000000000000e+01,4.200000000000000000e+01
1.680080646856719732e+09,1.611200000000000000e+04,3.760000000000000000e+02,3.680000000000000000e+02,-6.560000000000000000e+02,9.000000000000000000e+00,3.900000000000000000e+01
1.680080646857522726e+09,1.621600000000000000e+04,3.040000000000000000e+02,4.480000000000000000e+02,-6.100000000000000000e+02,-6.000000000000000000e+00,4.500000000000000000e+01
1.680080646858649969e+09,1.621600000000000000e+04,3.440000000000000000e+02,4.040000000000000000e+02,-6.160000000000000000e+02,4.200000000000000000e+01,5.400000000000000000e+01
1.680080646859743834e+09,1.620800000000000000e+04,2.600000000000000000e+02,3.440000000000000000e+02,-6.700000000000000000e+02,6.600000000000000000e+01,3.000000000000000000e+01
1.680080646860550165e+09,1.618800000000000000e+04,3.160000000000000000e+02,4.360000000000000000e+02,-6.970000000000000000e+02,3.700000000000000000e+01,3.000000000000000000e+00
1.680080646861440182e+09,1.624000000000000000e+04,2.880000000000000000e+02,4.400000000000000000e+02,-6.490000000000000000e+02,1.500000000000000000e+01,1.800000000000000000e+01
1.680080646862185001e+09,1.618400000000000000e+04,3.040000000000000000e+02,3.640000000000000000e+02,-6.330000000000000000e+02,3.400000000000000000e+01,3.100000000000000000e+01
1.680080646863197803e+09,1.618400000000000000e+04,3.040000000000000000e+02,3.640000000000000000e+02,-6.440000000000000000e+02,4.700000000000000000e+01,3.600000000000000000e+01
1.680080646863953829e+09,1.607600000000000000e+04,2.480000000000000000e+02,2.960000000000000000e+02,-6.530000000000000000e+02,3.600000000000000000e+01,4.300000000000000000e+01
1.680080646864883423e+09,1.604800000000000000e+04,2.160000000000000000e+02,1.760000000000000000e+02,-6.430000000000000000e+02,4.300000000000000000e+01,4.300000000000000000e+01
1.680080646865700245e+09,1.618000000000000000e+04,2.600000000000000000e+02,3.080000000000000000e+02,-6.220000000000000000e+02,5.600000000000000000e+01,4.300000000000000000e+01
1.680080646866807461e+09,1.624000000000000000e+04,3.160000000000000000e+02,3.560000000000000000e+02,-6.390000000000000000e+02,1.800000000000000000e+01,6.100000000000000000e+01
1.680080646867581844e+09,1.618800000000000000e+04,3.760000000000000000e+02,3.840000000000000000e+02,-6.040000000000000000e+02,7.000000000000000000e+00,5.000000000000000000e+01
1.680080646868321896e+09,1.614800000000000000e+04,3.440000000000000000e+02,3.320000000000000000e+02,-5.970000000000000000e+02,1.800000000000000000e+01,4.000000000000000000e+01
1.680080646869246960e+09,1.610400000000000000e+04,3.600000000000000000e+02,2.440000000000000000e+02,-6.180000000000000000e+02,2.000000000000000000e+01,3.500000000000000000e+01
1.680080646869987726e+09,1.610400000000000000e+04,3.600000000000000000e+02,2.440000000000000000e+02,-6.600000000000000000e+02,2.000000000000000000e+01,2.400000000000000000e+01
1.680080646870767593e+09,1.616800000000000000e+04,3.160000000000000000e+02,3.560000000000000000e+02,-6.810000000000000000e+02,1.700000000000000000e+01,2.800000000000000000e+01
1.680080646871682882e+09,1.612000000000000000e+04,3.480000000000000000e+02,2.480000000000000000e+02,-6.600000000000000000e+02,1.700000000000000000e+01,3.300000000000000000e+01
1.680080646872822523e+09,1.612800000000000000e+04,2.400000000000000000e+02,3.160000000000000000e+02,-6.120000000000000000e+02,4.700000000000000000e+01,2.700000000000000000e+01
1.680080646873656034e+09,1.613200000000000000e+04,3.480000000000000000e+02,3.480000000000000000e+02,-6.350000000000000000e+02,4.900000000000000000e+01,3.100000000000000000e+01
1.680080646874492407e+09,1.616400000000000000e+04,3.280000000000000000e+02,2.520000000000000000e+02,-6.410000000000000000e+02,3.400000000000000000e+01,3.300000000000000000e+01
1.680080646875318766e+09,1.616000000000000000e+04,3.320000000000000000e+02,4.080000000000000000e+02,-6.230000000000000000e+02,4.400000000000000000e+01,3.900000000000000000e+01
1.680080646876302958e+09,1.621600000000000000e+04,3.800000000000000000e+02,3.720000000000000000e+02,-6.310000000000000000e+02,4.600000000000000000e+01,4.500000000000000000e+01
1.680080646877230167e+09,1.616800000000000000e+04,4.280000000000000000e+02,3.040000000000000000e+02,-6.410000000000000000e+02,4.400000000000000000e+01,2.800000000000000000e+01
1.680080646878220558e+09,1.616800000000000000e+04,4.280000000000000000e+02,3.040000000000000000e+02,-6.280000000000000000e+02,5.800000000000000000e+01,1.900000000000000000e+01
1.680080646879167318e+09,1.616400000000000000e+04,3.240000000000000000e+02,3.320000000000000000e+02,-6.530000000000000000e+02,3.600000000000000000e+01,3.200000000000000000e+01
1.680080646879916906e+09,1.620800000000000000e+04,2.280000000000000000e+02,3.560000000000000000e+02,-6.480000000000000000e+02,2.600000000000000000e+01,4.100000000000000000e+01
1.680080646880780697e+09,1.616400000000000000e+04,2.880000000000000000e+02,3.720000000000000000e+02,-6.270000000000000000e+02,4.900000000000000000e+01,3.600000000000000000e+01
1.680080646881564140e+09,1.614400000000000000e+04,2.720000000000000000e+02,3.560000000000000000e+02,-6.450000000000000000e+02,4.900000000000000000e+01,3.600000000000000000e+01
1.680080646882462502e+09,1.614800000000000000e+04,2.040000000000000000e+02,3.640000000000000000e+02,-6.370000000000000000e+02,5.400000000000000000e+01,3.900000000000000000e+01
1.680080646883210182e+09,1.625200000000000000e+04,3.160000000000000000e+02,2.640000000000000000e+02,-6.200000000000000000e+02,5.100000000000000000e+01,4.600000000000000000e+01
1.680080646884092093e+09,1.622800000000000000e+04,2.400000000000000000e+02,2.240000000000000000e+02,-6.300000000000000000e+02,4.100000000000000000e+01,4.100000000000000000e+01
1.680080646884832144e+09,1.622800000000000000e+04,2.400000000000000000e+02,2.240000000000000000e+02,-6.520000000000000000e+02,2.900000000000000000e+01,3.000000000000000000e+01
1.680080646885761738e+09,1.606400000000000000e+04,2.880000000000000000e+02,3.640000000000000000e+02,-6.420000000000000000e+02,4.000000000000000000e+00,2.900000000000000000e+01
1.680080646886636972e+09,1.612800000000000000e+04,2.400000000000000000e+02,3.080000000000000000e+02,-6.150000000000000000e+02,1.100000000000000000e+01,4.100000000000000000e+01
1.680080646887805462e+09,1.612800000000000000e+04,2.520000000000000000e+02,4.000000000000000000e+02,-6.040000000000000000e+02,4.200000000000000000e+01,2.800000000000000000e+01
1.680080646888769627e+09,1.606800000000000000e+04,2.600000000000000000e+02,3.600000000000000000e+02,-6.440000000000000000e+02,4.800000000000000000e+01,2.700000000000000000e+01
1.680080646889519215e+09,1.608400000000000000e+04,3.440000000000000000e+02,3.320000000000000000e+02,-6.590000000000000000e+02,7.000000000000000000e+00,2.500000000000000000e+01
1.680080646890383005e+09,1.614400000000000000e+04,3.320000000000000000e+02,3.280000000000000000e+02,-6.220000000000000000e+02,-6.000000000000000000e+00,2.700000000000000000e+01
1.680080646891175985e+09,1.613200000000000000e+04,2.000000000000000000e+02,2.520000000000000000e+02,-5.990000000000000000e+02,1.000000000000000000e+01,2.900000000000000000e+01
1.680080646892110109e+09,1.613200000000000000e+04,2.000000000000000000e+02,2.520000000000000000e+02,-6.100000000000000000e+02,3.700000000000000000e+01,2.700000000000000000e+01
1.680080646892974615e+09,1.617600000000000000e+04,2.720000000000000000e+02,2.960000000000000000e+02,-6.540000000000000000e+02,6.500000000000000000e+01,3.200000000000000000e+01
1.680080646893793583e+09,1.619600000000000000e+04,2.280000000000000000e+02,3.720000000000000000e+02,-6.790000000000000000e+02,4.800000000000000000e+01,2.500000000000000000e+01
1.680080646894543171e+09,1.622400000000000000e+04,2.640000000000000000e+02,4.120000000000000000e+02,-6.310000000000000000e+02,3.500000000000000000e+01,2.400000000000000000e+01
1.680080646895484686e+09,1.617200000000000000e+04,3.040000000000000000e+02,2.160000000000000000e+02,-5.850000000000000000e+02,3.400000000000000000e+01,3.100000000000000000e+01
1.680080646896271944e+09,1.616000000000000000e+04,2.680000000000000000e+02,2.560000000000000000e+02,-6.050000000000000000e+02,3.900000000000000000e+01,3.800000000000000000e+01
1.680080646897181511e+09,1.610400000000000000e+04,2.880000000000000000e+02,3.400000000000000000e+02,-6.600000000000000000e+02,3.300000000000000000e+01,3.600000000000000000e+01
1.680080646898081303e+09,1.610400000000000000e+04,2.880000000000000000e+02,3.400000000000000000e+02,-6.900000000000000000e+02,2.700000000000000000e+01,2.500000000000000000e+01
1.680080646898816824e+09,1.617600000000000000e+04,2.800000000000000000e+02,3.640000000000000000e+02,-6.630000000000000000e+02,2.200000000000000000e+01,2.500000000000000000e+01
1.680080646899749041e+09,1.620800000000000000e+04,3.240000000000000000e+02,4.120000000000000000e+02,-6.280000000000000000e+02,3.000000000000000000e+01,2.900000000000000000e+01
1.680080646900532961e+09,1.616800000000000000e+04,3.440000000000000000e+02,3.200000000000000000e+02,-6.260000000000000000e+02,5.000000000000000000e+01,2.900000000000000000e+01
1.680080646901481152e+09,1.617200000000000000e+04,2.560000000000000000e+02,2.200000000000000000e+02,-6.330000000000000000e+02,4.900000000000000000e+01,2.900000000000000000e+01
1.680080646902262449e+09,1.613600000000000000e+04,2.160000000000000000e+02,2.320000000000000000e+02,-6.450000000000000000e+02,3.000000000000000000e+01,3.600000000000000000e+01
1.680080646903150558e+09,1.615200000000000000e+04,2.760000000000000000e+02,3.240000000000000000e+02,-6.350000000000000000e+02,1.100000000000000000e+01,4.800000000000000000e+01
1.680080646903892279e+09,1.615200000000000000e+04,2.760000000000000000e+02,3.240000000000000000e+02,-6.240000000000000000e+02,1.700000000000000000e+01,2.600000000000000000e+01
1.680080646904822350e+09,1.611600000000000000e+04,2.680000000000000000e+02,3.320000000000000000e+02,-6.130000000000000000e+02,3.300000000000000000e+01,1.500000000000000000e+01
1.680080646905603170e+09,1.618800000000000000e+04,2.760000000000000000e+02,2.880000000000000000e+02,-6.340000000000000000e+02,7.500000000000000000e+01,4.400000000000000000e+01
1.680080646906578779e+09,1.630400000000000000e+04,2.920000000000000000e+02,3.160000000000000000e+02,-6.690000000000000000e+02,7.100000000000000000e+01,4.800000000000000000e+01
1.680080646907330275e+09,1.620000000000000000e+04,3.240000000000000000e+02,2.720000000000000000e+02,-6.570000000000000000e+02,5.400000000000000000e+01,4.400000000000000000e+01
1.680080646908258677e+09,1.619600000000000000e+04,3.040000000000000000e+02,3.160000000000000000e+02,-6.270000000000000000e+02,4.800000000000000000e+01,3.200000000000000000e+01
1.680080646909003496e+09,1.615200000000000000e+04,3.040000000000000000e+02,2.480000000000000000e+02,-6.330000000000000000e+02,3.900000000000000000e+01,2.500000000000000000e+01
1.680080646909774542e+09,1.615200000000000000e+04,3.040000000000000000e+02,2.480000000000000000e+02,-6.510000000000000000e+02,4.400000000000000000e+01,1.700000000000000000e+01
1.680080646910508394e+09,1.623600000000000000e+04,3.480000000000000000e+02,3.400000000000000000e+02,-6.420000000000000000e+02,4.700000000000000000e+01,2.600000000000000000e+01
1.680080646911396265e+09,1.627600000000000000e+04,3.640000000000000000e+02,2.800000000000000000e+02,-6.190000000000000000e+02,3.700000000000000000e+01,3.300000000000000000e+01
1.680080646912135124e+09,1.620800000000000000e+04,2.880000000000000000e+02,2.360000000000000000e+02,-6.180000000000000000e+02,2.500000000000000000e+01,4.700000000000000000e+01
1.680080646912897348e+09,1.620800000000000000e+04,2.880000000000000000e+02,2.360000000000000000e+02,-6.340000000000000000e+02,7.000000000000000000e+00,4.000000000000000000e+01
1.680080646913636923e+09,1.618000000000000000e+04,3.240000000000000000e+02,3.720000000000000000e+02,-6.330000000000000000e+02,1.600000000000000000e+01,2.700000000000000000e+01
1.680080646914567471e+09,1.620400000000000000e+04,2.880000000000000000e+02,4.480000000000000000e+02,-6.160000000000000000e+02,2.800000000000000000e+01,1.400000000000000000e+01
1.680080646915415049e+09,1.626400000000000000e+04,2.680000000000000000e+02,2.720000000000000000e+02,-6.180000000000000000e+02,4.200000000000000000e+01,3.800000000000000000e+01
1.680080646916192055e+09,1.632000000000000000e+04,3.160000000000000000e+02,2.400000000000000000e+02,-6.420000000000000000e+02,4.400000000000000000e+01,3.400000000000000000e+01
1.680080646916973352e+09,1.615200000000000000e+04,3.600000000000000000e+02,2.920000000000000000e+02,-6.770000000000000000e+02,2.500000000000000000e+01,2.000000000000000000e+01
1.680080646917923927e+09,1.615200000000000000e+04,3.600000000000000000e+02,2.920000000000000000e+02,-6.460000000000000000e+02,6.000000000000000000e+00,1.500000000000000000e+01
1.680080646918714046e+09,1.618400000000000000e+04,3.160000000000000000e+02,3.360000000000000000e+02,-5.970000000000000000e+02,3.000000000000000000e+01,3.500000000000000000e+01
1.680080646919585228e+09,1.627600000000000000e+04,2.880000000000000000e+02,4.560000000000000000e+02,-6.160000000000000000e+02,4.800000000000000000e+01,1.700000000000000000e+01
1.680080646920329571e+09,1.627600000000000000e+04,2.880000000000000000e+02,4.280000000000000000e+02,-6.450000000000000000e+02,4.900000000000000000e+01,1.500000000000000000e+01
1.680080646921360493e+09,1.618800000000000000e+04,3.120000000000000000e+02,3.200000000000000000e+02,-6.800000000000000000e+02,2.600000000000000000e+01,3.300000000000000000e+01
1.680080646922137499e+09,1.624000000000000000e+04,3.560000000000000000e+02,2.520000000000000000e+02,-6.670000000000000000e+02,1.400000000000000000e+01,2.900000000000000000e+01
1.680080646922882795e+09,1.619600000000000000e+04,3.160000000000000000e+02,2.880000000000000000e+02,-6.310000000000000000e+02,1.700000000000000000e+01,3.800000000000000000e+01
1.680080646923835278e+09,1.619600000000000000e+04,3.160000000000000000e+02,2.880000000000000000e+02,-6.180000000000000000e+02,4.300000000000000000e+01,3.700000000000000000e+01
1.680080646924625635e+09,1.605600000000000000e+04,2.800000000000000000e+02,3.400000000000000000e+02,-6.240000000000000000e+02,7.600000000000000000e+01,4.400000000000000000e+01
1.680080646925392151e+09,1.609600000000000000e+04,3.400000000000000000e+02,3.720000000000000000e+02,-6.440000000000000000e+02,6.400000000000000000e+01,2.800000000000000000e+01
1.680080646926167965e+09,1.616400000000000000e+04,4.200000000000000000e+02,3.160000000000000000e+02,-6.370000000000000000e+02,3.000000000000000000e+01,1.100000000000000000e+01
1.680080646927087069e+09,1.629600000000000000e+04,3.640000000000000000e+02,3.640000000000000000e+02,-6.040000000000000000e+02,2.500000000000000000e+01,2.300000000000000000e+01
1.680080646927926779e+09,1.620800000000000000e+04,3.160000000000000000e+02,3.040000000000000000e+02,-6.060000000000000000e+02,4.400000000000000000e+01,4.500000000000000000e+01
1.680080646928705454e+09,1.620800000000000000e+04,3.160000000000000000e+02,3.040000000000000000e+02,-6.440000000000000000e+02,5.700000000000000000e+01,4.600000000000000000e+01
1.680080646929449558e+09,1.617200000000000000e+04,1.760000000000000000e+02,4.040000000000000000e+02,-6.740000000000000000e+02,5.800000000000000000e+01,4.300000000000000000e+01
1.680080646930388451e+09,1.617600000000000000e+04,2.520000000000000000e+02,4.960000000000000000e+02,-6.860000000000000000e+02,5.100000000000000000e+01,4.000000000000000000e+01
1.680080646931165695e+09,1.615600000000000000e+04,2.080000000000000000e+02,4.160000000000000000e+02,-6.400000000000000000e+02,4.200000000000000000e+01,2.300000000000000000e+01
1.680080646931931973e+09,1.613200000000000000e+04,2.920000000000000000e+02,3.200000000000000000e+02,-6.230000000000000000e+02,5.400000000000000000e+01,2.300000000000000000e+01
1.680080646932673216e+09,1.613200000000000000e+04,2.920000000000000000e+02,3.200000000000000000e+02,-6.500000000000000000e+02,4.800000000000000000e+01,2.000000000000000000e+01
1.680080646933564663e+09,1.617200000000000000e+04,2.960000000000000000e+02,2.680000000000000000e+02,-6.580000000000000000e+02,3.900000000000000000e+01,2.700000000000000000e+01
1.680080646934411526e+09,1.616400000000000000e+04,3.080000000000000000e+02,2.200000000000000000e+02,-6.160000000000000000e+02,4.900000000000000000e+01,4.100000000000000000e+01
1.680080646935320139e+09,1.619200000000000000e+04,3.880000000000000000e+02,2.760000000000000000e+02,-6.010000000000000000e+02,6.800000000000000000e+01,2.900000000000000000e+01
1.680080646936065674e+09,1.621600000000000000e+04,2.600000000000000000e+02,4.080000000000000000e+02,-6.340000000000000000e+02,6.700000000000000000e+01,2.500000000000000000e+01
1.680080646937106848e+09,1.621600000000000000e+04,2.600000000000000000e+02,4.080000000000000000e+02,-6.550000000000000000e+02,4.600000000000000000e+01,3.400000000000000000e+01
1.680080646937901497e+09,1.614000000000000000e+04,2.920000000000000000e+02,3.440000000000000000e+02,-6.420000000000000000e+02,1.000000000000000000e+01,5.400000000000000000e+01
1.680080646938676119e+09,1.614000000000000000e+04,2.920000000000000000e+02,3.440000000000000000e+02,-5.970000000000000000e+02,1.700000000000000000e+01,4.300000000000000000e+01
1.680080646939416170e+09,1.618800000000000000e+04,2.120000000000000000e+02,3.800000000000000000e+02,-5.830000000000000000e+02,2.400000000000000000e+01,4.500000000000000000e+01
1.680080646940305948e+09,1.618000000000000000e+04,4.200000000000000000e+02,3.880000000000000000e+02,-6.060000000000000000e+02,3.400000000000000000e+01,3.500000000000000000e+01
1.680080646941155434e+09,1.623600000000000000e+04,3.520000000000000000e+02,2.680000000000000000e+02,-6.640000000000000000e+02,3.600000000000000000e+01,3.500000000000000000e+01
1.680080646941910505e+09,1.614800000000000000e+04,4.200000000000000000e+02,2.560000000000000000e+02,-6.660000000000000000e+02,2.800000000000000000e+01,4.200000000000000000e+01
1.680080646942648888e+09,1.614800000000000000e+04,4.200000000000000000e+02,2.560000000000000000e+02,-6.220000000000000000e+02,2.500000000000000000e+01,4.100000000000000000e+01
1.680080646943552971e+09,1.615200000000000000e+04,3.360000000000000000e+02,2.480000000000000000e+02,-5.950000000000000000e+02,2.900000000000000000e+01,3.700000000000000000e+01
1.680080646944304228e+09,1.612400000000000000e+04,3.160000000000000000e+02,3.800000000000000000e+02,-6.160000000000000000e+02,3.800000000000000000e+01,4.800000000000000000e+01
1.680080646945073128e+09,1.616000000000000000e+04,2.920000000000000000e+02,3.680000000000000000e+02,-6.410000000000000000e+02,4.100000000000000000e+01,5.100000000000000000e+01
1.680080646945971966e+09,1.607200000000000000e+04,2.960000000000000000e+02,4.640000000000000000e+02,-6.720000000000000000e+02,2.300000000000000000e+01,3.600000000000000000e+01
1.680080646946921587e+09,1.618800000000000000e+04,2.960000000000000000e+02,3.640000000000000000e+02,-6.310000000000000000e+02,1.600000000000000000e+01,3.200000000000000000e+01
1.680080646947927952e+09,1.618800000000000000e+04,2.960000000000000000e+02,3.640000000000000000e+02,-6.000000000000000000e+02,2.500000000000000000e+01,2.400000000000000000e+01
1.680080646948706388e+09,1.618400000000000000e+04,3.240000000000000000e+02,3.560000000000000000e+02,-5.930000000000000000e+02,4.100000000000000000e+01,2.200000000000000000e+01
1.680080646949602604e+09,1.622800000000000000e+04,3.040000000000000000e+02,3.680000000000000000e+02,-6.240000000000000000e+02,4.600000000000000000e+01,2.000000000000000000e+01
1.680080646950347185e+09,1.622400000000000000e+04,3.640000000000000000e+02,3.240000000000000000e+02,-6.640000000000000000e+02,2.800000000000000000e+01,2.400000000000000000e+01
1.680080646951279879e+09,1.612400000000000000e+04,3.440000000000000000e+02,3.360000000000000000e+02,-6.480000000000000000e+02,3.000000000000000000e+00,3.500000000000000000e+01
1.680080646952064037e+09,1.610000000000000000e+04,3.920000000000000000e+02,3.760000000000000000e+02,-6.110000000000000000e+02,1.400000000000000000e+01,3.700000000000000000e+01
1.680080646953007698e+09,1.615200000000000000e+04,4.360000000000000000e+02,4.200000000000000000e+02,-5.970000000000000000e+02,4.300000000000000000e+01,3.600000000000000000e+01
1.680080646953855038e+09,1.618800000000000000e+04,2.880000000000000000e+02,2.960000000000000000e+02,-6.380000000000000000e+02,6.700000000000000000e+01,2.900000000000000000e+01
1.680080646954633474e+09,1.618800000000000000e+04,2.880000000000000000e+02,2.960000000000000000e+02,-6.720000000000000000e+02,5.500000000000000000e+01,3.300000000000000000e+01
1.680080646955370426e+09,1.614800000000000000e+04,2.240000000000000000e+02,4.000000000000000000e+02,-6.570000000000000000e+02,4.500000000000000000e+01,2.700000000000000000e+01
1.680080646956263542e+09,1.616000000000000000e+04,2.880000000000000000e+02,3.560000000000000000e+02,-6.330000000000000000e+02,4.800000000000000000e+01,1.700000000000000000e+01
1.680080646957183838e+09,1.612400000000000000e+04,2.960000000000000000e+02,2.200000000000000000e+02,-6.360000000000000000e+02,4.700000000000000000e+01,1.800000000000000000e+01
1.680080646957941294e+09,1.623600000000000000e+04,3.240000000000000000e+02,2.960000000000000000e+02,-6.570000000000000000e+02,1.100000000000000000e+01,2.200000000000000000e+01
1.680080646958686829e+09,1.623600000000000000e+04,3.240000000000000000e+02,2.960000000000000000e+02,-6.370000000000000000e+02,-7.000000000000000000e+00,3.900000000000000000e+01
1.680080646959728479e+09,1.626400000000000000e+04,3.520000000000000000e+02,3.800000000000000000e+02,-6.170000000000000000e+02,1.000000000000000000e+01,5.800000000000000000e+01
1.680080646960520029e+09,1.610400000000000000e+04,3.320000000000000000e+02,3.560000000000000000e+02,-6.440000000000000000e+02,4.000000000000000000e+01,3.600000000000000000e+01
1.680080646961385727e+09,1.614800000000000000e+04,3.600000000000000000e+02,3.120000000000000000e+02,-6.860000000000000000e+02,4.100000000000000000e+01,3.200000000000000000e+01
1.680080646962408304e+09,1.622400000000000000e+04,3.320000000000000000e+02,4.480000000000000000e+02,-6.990000000000000000e+02,3.300000000000000000e+01,3.000000000000000000e+01
1.680080646963141918e+09,1.612800000000000000e+04,3.480000000000000000e+02,4.040000000000000000e+02,-6.440000000000000000e+02,3.600000000000000000e+01,2.200000000000000000e+01
1.680080646963912249e+09,1.608000000000000000e+04,3.240000000000000000e+02,3.720000000000000000e+02,-6.140000000000000000e+02,4.100000000000000000e+01,2.400000000000000000e+01
1.680080646964652777e+09,1.608000000000000000e+04,3.240000000000000000e+02,3.720000000000000000e+02,-6.090000000000000000e+02,5.500000000000000000e+01,2.700000000000000000e+01
1.680080646965582132e+09,1.607600000000000000e+04,2.280000000000000000e+02,3.040000000000000000e+02,-6.330000000000000000e+02,4.700000000000000000e+01,4.200000000000000000e+01
1.680080646966494322e+09,1.612000000000000000e+04,3.160000000000000000e+02,3.840000000000000000e+02,-6.610000000000000000e+02,2.000000000000000000e+01,4.000000000000000000e+01
1.680080646967276812e+09,1.623200000000000000e+04,3.120000000000000000e+02,4.080000000000000000e+02,-6.220000000000000000e+02,1.000000000000000000e+00,3.600000000000000000e+01
1.680080646968018293e+09,1.620000000000000000e+04,2.920000000000000000e+02,3.440000000000000000e+02,-5.930000000000000000e+02,-1.000000000000000000e+00,3.000000000000000000e+01
1.680080646968964338e+09,1.616000000000000000e+04,3.120000000000000000e+02,3.640000000000000000e+02,-6.090000000000000000e+02,3.400000000000000000e+01,3.600000000000000000e+01
1.680080646969749451e+09,1.628000000000000000e+04,3.000000000000000000e+02,3.640000000000000000e+02,-6.460000000000000000e+02,5.900000000000000000e+01,3.600000000000000000e+01
1.680080646970514536e+09,1.628000000000000000e+04,3.000000000000000000e+02,3.640000000000000000e+02,-6.640000000000000000e+02,4.700000000000000000e+01,2.900000000000000000e+01
1.680080646971260071e+09,1.618000000000000000e+04,2.720000000000000000e+02,3.320000000000000000e+02,-6.650000000000000000e+02,3.500000000000000000e+01,3.700000000000000000e+01
1.680080646972154856e+09,1.611200000000000000e+04,2.680000000000000000e+02,2.160000000000000000e+02,-6.440000000000000000e+02,3.900000000000000000e+01,5.800000000000000000e+01
1.680080646972981453e+09,1.612800000000000000e+04,3.080000000000000000e+02,2.680000000000000000e+02,-6.360000000000000000e+02,4.000000000000000000e+01,4.000000000000000000e+01
1.680080646973792791e+09,1.609200000000000000e+04,3.320000000000000000e+02,2.600000000000000000e+02,-6.540000000000000000e+02,4.200000000000000000e+01,2.200000000000000000e+01
1.680080646974530458e+09,1.609200000000000000e+04,3.320000000000000000e+02,2.600000000000000000e+02,-6.710000000000000000e+02,3.100000000000000000e+01,1.100000000000000000e+01
1.680080646975494385e+09,1.617600000000000000e+04,3.440000000000000000e+02,2.200000000000000000e+02,-6.450000000000000000e+02,9.000000000000000000e+00,1.400000000000000000e+01
1.680080646976233959e+09,1.619600000000000000e+04,2.600000000000000000e+02,2.800000000000000000e+02,-6.060000000000000000e+02,2.300000000000000000e+01,3.200000000000000000e+01
1.680080646977126360e+09,1.619600000000000000e+04,2.160000000000000000e+02,3.240000000000000000e+02,-6.000000000000000000e+02,6.900000000000000000e+01,3.500000000000000000e+01
1.680080646977872610e+09,1.614400000000000000e+04,2.920000000000000000e+02,3.480000000000000000e+02,-6.360000000000000000e+02,9.800000000000000000e+01,2.500000000000000000e+01
1.680080646978821039e+09,1.614400000000000000e+04,2.920000000000000000e+02,3.480000000000000000e+02,-6.730000000000000000e+02,8.900000000000000000e+01,2.800000000000000000e+01
1.680080646979666233e+09,1.614400000000000000e+04,2.720000000000000000e+02,3.800000000000000000e+02,-6.660000000000000000e+02,5.200000000000000000e+01,3.600000000000000000e+01
1.680080646980426311e+09,1.614400000000000000e+04,2.720000000000000000e+02,3.800000000000000000e+02,-6.120000000000000000e+02,3.900000000000000000e+01,3.200000000000000000e+01
1.680080646981168985e+09,1.618000000000000000e+04,1.840000000000000000e+02,4.120000000000000000e+02,-6.040000000000000000e+02,3.600000000000000000e+01,3.800000000000000000e+01
1.680080646982112408e+09,1.619200000000000000e+04,2.320000000000000000e+02,3.960000000000000000e+02,-6.310000000000000000e+02,3.200000000000000000e+01,4.100000000000000000e+01
1.680080646982955694e+09,1.616400000000000000e+04,2.400000000000000000e+02,3.440000000000000000e+02,-6.240000000000000000e+02,1.800000000000000000e+01,3.400000000000000000e+01
1.680080646983830214e+09,1.618800000000000000e+04,3.240000000000000000e+02,4.520000000000000000e+02,-6.140000000000000000e+02,2.500000000000000000e+01,4.600000000000000000e+01
1.680080646984577417e+09,1.618800000000000000e+04,3.240000000000000000e+02,4.520000000000000000e+02,-6.230000000000000000e+02,4.900000000000000000e+01,3.600000000000000000e+01
1.680080646986083746e+09,1.610800000000000000e+04,2.240000000000000000e+02,4.840000000000000000e+02,-6.680000000000000000e+02,6.100000000000000000e+01,2.200000000000000000e+01
1.680080646987282038e+09,1.615200000000000000e+04,3.040000000000000000e+02,4.360000000000000000e+02,-6.420000000000000000e+02,3.600000000000000000e+01,2.000000000000000000e+01
1.680080646988373280e+09,1.628000000000000000e+04,2.800000000000000000e+02,5.080000000000000000e+02,-6.170000000000000000e+02,5.300000000000000000e+01,4.000000000000000000e+01
1.680080646990332603e+09,1.629600000000000000e+04,3.360000000000000000e+02,4.760000000000000000e+02,-6.390000000000000000e+02,5.600000000000000000e+01,4.700000000000000000e+01
1.680080646991488934e+09,1.613200000000000000e+04,2.120000000000000000e+02,3.280000000000000000e+02,-6.570000000000000000e+02,1.900000000000000000e+01,3.400000000000000000e+01
1.680080646992264271e+09,1.610800000000000000e+04,3.240000000000000000e+02,3.680000000000000000e+02,-6.120000000000000000e+02,1.700000000000000000e+01,3.100000000000000000e+01
1.680080646993058205e+09,1.624000000000000000e+04,3.240000000000000000e+02,3.320000000000000000e+02,-6.140000000000000000e+02,4.000000000000000000e+01,2.500000000000000000e+01
1.680080646993813276e+09,1.621600000000000000e+04,2.720000000000000000e+02,2.640000000000000000e+02,-6.480000000000000000e+02,5.200000000000000000e+01,2.200000000000000000e+01
1.680080646994831324e+09,1.623600000000000000e+04,2.640000000000000000e+02,3.520000000000000000e+02,-6.700000000000000000e+02,4.100000000000000000e+01,2.000000000000000000e+01
1.680080646995581388e+09,1.623600000000000000e+04,2.640000000000000000e+02,3.520000000000000000e+02,-6.500000000000000000e+02,3.000000000000000000e+01,2.600000000000000000e+01
1.680080646996388197e+09,1.617600000000000000e+04,3.040000000000000000e+02,2.920000000000000000e+02,-6.270000000000000000e+02,3.100000000000000000e+01,3.500000000000000000e+01
1.680080646997143507e+09,1.620000000000000000e+04,3.960000000000000000e+02,4.160000000000000000e+02,-6.400000000000000000e+02,2.900000000000000000e+01,3.900000000000000000e+01
1.680080646998050928e+09,1.627200000000000000e+04,3.240000000000000000e+02,3.720000000000000000e+02,-6.470000000000000000e+02,2.500000000000000000e+01,4.600000000000000000e+01
1.680080646998932123e+09,1.616800000000000000e+04,2.920000000000000000e+02,2.000000000000000000e+02,-6.140000000000000000e+02,2.800000000000000000e+01,6.000000000000000000e+01
1.680080646999992371e+09,1.616800000000000000e+04,2.480000000000000000e+02,1.320000000000000000e+02,-6.100000000000000000e+02,4.900000000000000000e+01,4.200000000000000000e+01
1.680080647000904560e+09,1.622000000000000000e+04,2.160000000000000000e+02,3.440000000000000000e+02,-6.260000000000000000e+02,7.100000000000000000e+01,2.100000000000000000e+01
1.680080647001645088e+09,1.614800000000000000e+04,2.000000000000000000e+02,2.840000000000000000e+02,-6.500000000000000000e+02,6.200000000000000000e+01,0.000000000000000000e+00
1.680080647002538919e+09,1.614800000000000000e+04,2.000000000000000000e+02,2.840000000000000000e+02,-6.510000000000000000e+02,2.800000000000000000e+01,3.000000000000000000e+00
1.680080647003376722e+09,1.607200000000000000e+04,2.600000000000000000e+02,1.960000000000000000e+02,-6.180000000000000000e+02,1.600000000000000000e+01,2.100000000000000000e+01
1.680080647004325867e+09,1.616000000000000000e+04,2.600000000000000000e+02,1.840000000000000000e+02,-6.130000000000000000e+02,3.300000000000000000e+01,3.600000000000000000e+01
1.680080647005110741e+09,1.614800000000000000e+04,2.680000000000000000e+02,2.560000000000000000e+02,-6.390000000000000000e+02,3.500000000000000000e+01,4.500000000000000000e+01
1.680080647005901814e+09,1.624800000000000000e+04,2.400000000000000000e+02,3.840000000000000000e+02,-6.110000000000000000e+02,2.500000000000000000e+01,4.100000000000000000e+01
1.680080647006675482e+09,1.615200000000000000e+04,2.640000000000000000e+02,3.080000000000000000e+02,-5.720000000000000000e+02,2.600000000000000000e+01,3.500000000000000000e+01
1.680080647007788897e+09,1.615200000000000000e+04,2.640000000000000000e+02,3.080000000000000000e+02,-5.940000000000000000e+02,4.500000000000000000e+01,2.900000000000000000e+01
1.680080647008588791e+09,1.623200000000000000e+04,3.520000000000000000e+02,2.200000000000000000e+02,-6.380000000000000000e+02,5.300000000000000000e+01,1.300000000000000000e+01
1.680080647009373426e+09,1.623200000000000000e+04,3.520000000000000000e+02,2.200000000000000000e+02,-6.750000000000000000e+02,3.100000000000000000e+01,1.000000000000000000e+01
1.680080647010123968e+09,1.617600000000000000e+04,2.440000000000000000e+02,1.720000000000000000e+02,-6.730000000000000000e+02,5.000000000000000000e+00,2.300000000000000000e+01
1.680080647011127949e+09,1.615200000000000000e+04,2.960000000000000000e+02,2.320000000000000000e+02,-6.150000000000000000e+02,9.000000000000000000e+00,2.500000000000000000e+01
1.680080647011976957e+09,1.616000000000000000e+04,3.160000000000000000e+02,2.160000000000000000e+02,-5.960000000000000000e+02,3.400000000000000000e+01,4.300000000000000000e+01
1.680080647012819290e+09,1.617600000000000000e+04,3.560000000000000000e+02,3.880000000000000000e+02,-6.440000000000000000e+02,4.300000000000000000e+01,3.700000000000000000e+01
1.680080647013834000e+09,1.615600000000000000e+04,3.240000000000000000e+02,3.760000000000000000e+02,-6.750000000000000000e+02,3.000000000000000000e+01,4.700000000000000000e+01
1.680080647014620781e+09,1.614400000000000000e+04,3.080000000000000000e+02,3.800000000000000000e+02,-6.610000000000000000e+02,2.100000000000000000e+01,4.700000000000000000e+01
1.680080647015403032e+09,1.614400000000000000e+04,3.080000000000000000e+02,3.800000000000000000e+02,-6.270000000000000000e+02,3.400000000000000000e+01,3.900000000000000000e+01
1.680080647016191483e+09,1.619200000000000000e+04,3.800000000000000000e+02,2.920000000000000000e+02,-6.130000000000000000e+02,4.400000000000000000e+01,1.900000000000000000e+01
1.680080647017130136e+09,1.622400000000000000e+04,4.200000000000000000e+02,3.080000000000000000e+02,-6.180000000000000000e+02,3.500000000000000000e+01,1.300000000000000000e+01
1.680080647017879486e+09,1.606800000000000000e+04,3.280000000000000000e+02,3.280000000000000000e+02,-5.800000000000000000e+02,2.200000000000000000e+01,4.000000000000000000e+01
1.680080647018659830e+09,1.606400000000000000e+04,3.120000000000000000e+02,2.760000000000000000e+02,-5.770000000000000000e+02,3.000000000000000000e+01,4.600000000000000000e+01
1.680080647019405365e+09,1.606400000000000000e+04,3.120000000000000000e+02,2.760000000000000000e+02,-6.130000000000000000e+02,3.200000000000000000e+01,3.600000000000000000e+01
1.680080647020319700e+09,1.614800000000000000e+04,3.320000000000000000e+02,2.680000000000000000e+02,-6.460000000000000000e+02,3.800000000000000000e+01,4.200000000000000000e+01
1.680080647021069527e+09,1.627200000000000000e+04,3.800000000000000000e+02,3.720000000000000000e+02,-6.770000000000000000e+02,2.700000000000000000e+01,3.400000000000000000e+01
1.680080647021852493e+09,1.613200000000000000e+04,3.360000000000000000e+02,3.240000000000000000e+02,-6.710000000000000000e+02,1.800000000000000000e+01,4.300000000000000000e+01
1.680080647022601843e+09,1.604000000000000000e+04,3.200000000000000000e+02,2.560000000000000000e+02,-6.280000000000000000e+02,2.700000000000000000e+01,4.900000000000000000e+01
1.680080647023517132e+09,1.604000000000000000e+04,3.200000000000000000e+02,2.560000000000000000e+02,-6.060000000000000000e+02,4.400000000000000000e+01,6.000000000000000000e+01
1.680080647024515390e+09,1.614400000000000000e+04,3.360000000000000000e+02,2.680000000000000000e+02,-6.110000000000000000e+02,6.800000000000000000e+01,7.900000000000000000e+01
1.680080647025314093e+09,1.614800000000000000e+04,4.000000000000000000e+02,2.000000000000000000e+02,-6.370000000000000000e+02,6.800000000000000000e+01,6.200000000000000000e+01
1.680080647026061773e+09,1.611200000000000000e+04,4.280000000000000000e+02,1.800000000000000000e+02,-6.380000000000000000e+02,5.100000000000000000e+01,3.400000000000000000e+01
1.680080647027081251e+09,1.614400000000000000e+04,4.160000000000000000e+02,2.960000000000000000e+02,-6.210000000000000000e+02,5.900000000000000000e+01,1.600000000000000000e+01
1.680080647027883053e+09,1.614400000000000000e+04,3.400000000000000000e+02,2.960000000000000000e+02,-6.400000000000000000e+02,7.100000000000000000e+01,-4.000000000000000000e+00
1.680080647028647423e+09,1.616400000000000000e+04,3.280000000000000000e+02,3.120000000000000000e+02,-6.510000000000000000e+02,5.100000000000000000e+01,-4.000000000000000000e+00
1.680080647029390812e+09,1.616400000000000000e+04,3.280000000000000000e+02,3.120000000000000000e+02,-6.400000000000000000e+02,3.400000000000000000e+01,-2.000000000000000000e+00
1.680080647030321121e+09,1.616000000000000000e+04,3.080000000000000000e+02,4.360000000000000000e+02,-6.260000000000000000e+02,3.100000000000000000e+01,1.300000000000000000e+01
1.680080647031174421e+09,1.623600000000000000e+04,3.720000000000000000e+02,3.640000000000000000e+02,-6.330000000000000000e+02,2.200000000000000000e+01,2.800000000000000000e+01
1.680080647032089710e+09,1.630400000000000000e+04,2.720000000000000000e+02,3.520000000000000000e+02,-6.390000000000000000e+02,1.900000000000000000e+01,3.000000000000000000e+01
1.680080647033054829e+09,1.625200000000000000e+04,3.680000000000000000e+02,4.120000000000000000e+02,-6.310000000000000000e+02,2.900000000000000000e+01,3.400000000000000000e+01
1.680080647033906460e+09,1.613200000000000000e+04,3.800000000000000000e+02,3.960000000000000000e+02,-6.370000000000000000e+02,4.000000000000000000e+01,3.700000000000000000e+01
1.680080647034799576e+09,1.614800000000000000e+04,3.360000000000000000e+02,2.480000000000000000e+02,-6.580000000000000000e+02,2.700000000000000000e+01,3.800000000000000000e+01
1.680080647035551071e+09,1.622800000000000000e+04,3.600000000000000000e+02,2.960000000000000000e+02,-6.600000000000000000e+02,2.100000000000000000e+01,3.300000000000000000e+01
1.680080647036474943e+09,1.622800000000000000e+04,3.600000000000000000e+02,2.960000000000000000e+02,-6.440000000000000000e+02,3.000000000000000000e+01,3.500000000000000000e+01
1.680080647037322998e+09,1.619600000000000000e+04,3.960000000000000000e+02,2.920000000000000000e+02,-6.360000000000000000e+02,4.000000000000000000e+01,3.200000000000000000e+01
1.680080647038102865e+09,1.619600000000000000e+04,3.440000000000000000e+02,2.240000000000000000e+02,-6.380000000000000000e+02,3.500000000000000000e+01,2.500000000000000000e+01
1.680080647038853407e+09,1.626400000000000000e+04,3.280000000000000000e+02,2.840000000000000000e+02,-6.360000000000000000e+02,3.600000000000000000e+01,1.700000000000000000e+01
1.680080647039813280e+09,1.627200000000000000e+04,3.000000000000000000e+02,4.080000000000000000e+02,-6.180000000000000000e+02,3.800000000000000000e+01,3.000000000000000000e+01
1.680080647040677786e+09,1.624000000000000000e+04,3.040000000000000000e+02,3.200000000000000000e+02,-6.360000000000000000e+02,2.900000000000000000e+01,4.100000000000000000e+01
1.680080647041522026e+09,1.617600000000000000e+04,3.160000000000000000e+02,2.200000000000000000e+02,-6.170000000000000000e+02,8.000000000000000000e+00,5.700000000000000000e+01
1.680080647042325020e+09,1.617600000000000000e+04,3.160000000000000000e+02,2.200000000000000000e+02,-6.000000000000000000e+02,1.500000000000000000e+01,5.400000000000000000e+01
1.680080647043318510e+09,1.623600000000000000e+04,2.400000000000000000e+02,2.840000000000000000e+02,-6.200000000000000000e+02,3.500000000000000000e+01,5.100000000000000000e+01
1.680080647044072390e+09,1.605600000000000000e+04,2.720000000000000000e+02,2.920000000000000000e+02,-6.510000000000000000e+02,6.300000000000000000e+01,3.900000000000000000e+01
1.680080647044946194e+09,1.616000000000000000e+04,3.240000000000000000e+02,2.760000000000000000e+02,-6.650000000000000000e+02,3.600000000000000000e+01,2.500000000000000000e+01
1.680080647045845509e+09,1.618800000000000000e+04,3.720000000000000000e+02,3.320000000000000000e+02,-6.410000000000000000e+02,2.200000000000000000e+01,2.400000000000000000e+01
1.680080647046717167e+09,1.618400000000000000e+04,3.680000000000000000e+02,2.640000000000000000e+02,-6.090000000000000000e+02,1.900000000000000000e+01,1.800000000000000000e+01
1.680080647047498941e+09,1.622000000000000000e+04,3.080000000000000000e+02,3.440000000000000000e+02,-6.170000000000000000e+02,3.300000000000000000e+01,3.800000000000000000e+01
1.680080647048247337e+09,1.622000000000000000e+04,3.080000000000000000e+02,3.440000000000000000e+02,-6.350000000000000000e+02,4.500000000000000000e+01,4.000000000000000000e+01
1.680080647049193621e+09,1.612400000000000000e+04,2.800000000000000000e+02,3.600000000000000000e+02,-6.570000000000000000e+02,4.300000000000000000e+01,4.100000000000000000e+01
1.680080647050041914e+09,1.612000000000000000e+04,3.320000000000000000e+02,3.960000000000000000e+02,-6.580000000000000000e+02,1.900000000000000000e+01,2.900000000000000000e+01
1.680080647050832033e+09,1.612400000000000000e+04,2.720000000000000000e+02,3.760000000000000000e+02,-6.390000000000000000e+02,-2.000000000000000000e+00,3.100000000000000000e+01
1.680080647051589489e+09,1.616800000000000000e+04,3.000000000000000000e+02,2.760000000000000000e+02,-6.260000000000000000e+02,1.000000000000000000e+01,2.300000000000000000e+01
1.680080647052528858e+09,1.619600000000000000e+04,2.840000000000000000e+02,3.600000000000000000e+02,-6.280000000000000000e+02,3.400000000000000000e+01,2.600000000000000000e+01
1.680080647053271532e+09,1.619600000000000000e+04,2.840000000000000000e+02,3.600000000000000000e+02,-6.560000000000000000e+02,3.800000000000000000e+01,2.400000000000000000e+01
1.680080647054168224e+09,1.615600000000000000e+04,2.520000000000000000e+02,2.400000000000000000e+02,-6.320000000000000000e+02,2.100000000000000000e+01,3.200000000000000000e+01
1.680080647054957151e+09,1.625600000000000000e+04,2.600000000000000000e+02,2.360000000000000000e+02,-5.900000000000000000e+02,1.700000000000000000e+01,4.500000000000000000e+01
1.680080647055908442e+09,1.629200000000000000e+04,3.520000000000000000e+02,2.800000000000000000e+02,-6.010000000000000000e+02,2.800000000000000000e+01,6.100000000000000000e+01
1.680080647056674480e+09,1.619200000000000000e+04,3.120000000000000000e+02,2.600000000000000000e+02,-6.500000000000000000e+02,4.500000000000000000e+01,4.500000000000000000e+01
1.680080647057554722e+09,1.607200000000000000e+04,2.720000000000000000e+02,2.760000000000000000e+02,-6.860000000000000000e+02,3.300000000000000000e+01,2.200000000000000000e+01
1.680080647058701277e+09,1.607200000000000000e+04,2.720000000000000000e+02,2.760000000000000000e+02,-6.630000000000000000e+02,1.500000000000000000e+01,1.500000000000000000e+01
1.680080647059452057e+09,1.611600000000000000e+04,2.840000000000000000e+02,2.560000000000000000e+02,-6.320000000000000000e+02,2.900000000000000000e+01,3.400000000000000000e+01
1.680080647060328245e+09,1.611600000000000000e+04,2.840000000000000000e+02,2.560000000000000000e+02,-6.370000000000000000e+02,4.400000000000000000e+01,4.000000000000000000e+01
1.680080647061125517e+09,1.614400000000000000e+04,3.440000000000000000e+02,3.320000000000000000e+02,-6.400000000000000000e+02,4.700000000000000000e+01,5.000000000000000000e+01
1.680080647062031269e+09,1.626800000000000000e+04,2.960000000000000000e+02,4.840000000000000000e+02,-6.300000000000000000e+02,6.000000000000000000e+01,4.100000000000000000e+01
1.680080647062776804e+09,1.616000000000000000e+04,3.000000000000000000e+02,3.920000000000000000e+02,-6.340000000000000000e+02,6.100000000000000000e+01,2.700000000000000000e+01
1.680080647063542366e+09,1.624800000000000000e+04,3.120000000000000000e+02,3.080000000000000000e+02,-6.380000000000000000e+02,5.700000000000000000e+01,1.800000000000000000e+01
1.680080647064292192e+09,1.624800000000000000e+04,3.120000000000000000e+02,3.080000000000000000e+02,-6.370000000000000000e+02,4.000000000000000000e+01,2.500000000000000000e+01
1.680080647065342426e+09,1.621200000000000000e+04,3.040000000000000000e+02,4.520000000000000000e+02,-6.290000000000000000e+02,3.100000000000000000e+01,4.100000000000000000e+01
1.680080647066085815e+09,1.630400000000000000e+04,2.880000000000000000e+02,3.720000000000000000e+02,-6.390000000000000000e+02,3.200000000000000000e+01,3.400000000000000000e+01
1.680080647067197323e+09,1.615200000000000000e+04,2.960000000000000000e+02,3.560000000000000000e+02,-6.470000000000000000e+02,1.100000000000000000e+01,3.800000000000000000e+01
1.680080647068001032e+09,1.619200000000000000e+04,2.880000000000000000e+02,3.400000000000000000e+02,-6.110000000000000000e+02,2.100000000000000000e+01,5.500000000000000000e+01
1.680080647068905115e+09,1.616000000000000000e+04,2.600000000000000000e+02,2.600000000000000000e+02,-5.910000000000000000e+02,2.800000000000000000e+01,3.700000000000000000e+01
1.680080647069756746e+09,1.616000000000000000e+04,2.200000000000000000e+02,2.760000000000000000e+02,-6.150000000000000000e+02,2.600000000000000000e+01,3.300000000000000000e+01
1.680080647070632458e+09,1.627200000000000000e+04,2.600000000000000000e+02,2.920000000000000000e+02,-6.470000000000000000e+02,2.800000000000000000e+01,2.700000000000000000e+01
1.680080647071412802e+09,1.624800000000000000e+04,2.680000000000000000e+02,3.080000000000000000e+02,-6.420000000000000000e+02,2.700000000000000000e+01,2.700000000000000000e+01
1.680080647072326422e+09,1.621600000000000000e+04,2.840000000000000000e+02,3.520000000000000000e+02,-6.100000000000000000e+02,5.100000000000000000e+01,3.500000000000000000e+01
1.680080647073244095e+09,1.621600000000000000e+04,2.840000000000000000e+02,3.520000000000000000e+02,-6.010000000000000000e+02,6.200000000000000000e+01,3.400000000000000000e+01
1.680080647074034452e+09,1.614000000000000000e+04,2.880000000000000000e+02,2.720000000000000000e+02,-6.360000000000000000e+02,7.200000000000000000e+01,2.800000000000000000e+01
1.680080647074933290e+09,1.620000000000000000e+04,3.040000000000000000e+02,4.840000000000000000e+02,-6.730000000000000000e+02,4.100000000000000000e+01,2.600000000000000000e+01
1.680080647075885773e+09,1.616000000000000000e+04,3.120000000000000000e+02,4.280000000000000000e+02,-6.700000000000000000e+02,3.300000000000000000e+01,2.600000000000000000e+01
1.680080647076764345e+09,1.622400000000000000e+04,2.680000000000000000e+02,3.560000000000000000e+02,-6.330000000000000000e+02,6.000000000000000000e+01,3.500000000000000000e+01
1.680080647077530384e+09,1.619200000000000000e+04,2.840000000000000000e+02,3.880000000000000000e+02,-6.340000000000000000e+02,4.700000000000000000e+01,4.700000000000000000e+01
1.680080647078478575e+09,1.614800000000000000e+04,3.120000000000000000e+02,2.880000000000000000e+02,-6.330000000000000000e+02,2.600000000000000000e+01,4.100000000000000000e+01
1.680080647079339504e+09,1.615200000000000000e+04,3.240000000000000000e+02,3.400000000000000000e+02,-6.180000000000000000e+02,3.900000000000000000e+01,4.000000000000000000e+01
1.680080647080198288e+09,1.615200000000000000e+04,3.240000000000000000e+02,3.400000000000000000e+02,-6.440000000000000000e+02,4.700000000000000000e+01,3.300000000000000000e+01
1.680080647080953360e+09,1.620400000000000000e+04,3.400000000000000000e+02,2.840000000000000000e+02,-6.650000000000000000e+02,2.400000000000000000e+01,3.500000000000000000e+01
1.680080647081871986e+09,1.618000000000000000e+04,3.520000000000000000e+02,3.640000000000000000e+02,-6.280000000000000000e+02,1.700000000000000000e+01,3.400000000000000000e+01
1.680080647082794905e+09,1.627600000000000000e+04,3.000000000000000000e+02,4.280000000000000000e+02,-6.070000000000000000e+02,4.700000000000000000e+01,8.000000000000000000e+00
1.680080647083585978e+09,1.625200000000000000e+04,3.400000000000000000e+02,1.560000000000000000e+02,-6.290000000000000000e+02,5.700000000000000000e+01,2.300000000000000000e+01
1.680080647084533215e+09,1.628400000000000000e+04,3.600000000000000000e+02,2.480000000000000000e+02,-6.410000000000000000e+02,4.100000000000000000e+01,4.300000000000000000e+01
1.680080647085323095e+09,1.622800000000000000e+04,2.800000000000000000e+02,3.320000000000000000e+02,-6.560000000000000000e+02,7.000000000000000000e+00,5.400000000000000000e+01
1.680080647086102009e+09,1.622800000000000000e+04,2.800000000000000000e+02,3.320000000000000000e+02,-6.340000000000000000e+02,1.000000000000000000e+01,3.900000000000000000e+01
1.680080647086942434e+09,1.626800000000000000e+04,3.440000000000000000e+02,3.560000000000000000e+02,-6.010000000000000000e+02,2.600000000000000000e+01,3.200000000000000000e+01
1.680080647087972879e+09,1.624000000000000000e+04,3.080000000000000000e+02,4.200000000000000000e+02,-6.090000000000000000e+02,3.300000000000000000e+01,1.400000000000000000e+01
1.680080647088823557e+09,1.623600000000000000e+04,1.880000000000000000e+02,3.400000000000000000e+02,-6.720000000000000000e+02,2.600000000000000000e+01,2.400000000000000000e+01
1.680080647089746475e+09,1.624800000000000000e+04,3.240000000000000000e+02,4.240000000000000000e+02,-6.680000000000000000e+02,2.000000000000000000e+01,2.700000000000000000e+01
1.680080647090501070e+09,1.626000000000000000e+04,3.680000000000000000e+02,3.920000000000000000e+02,-6.180000000000000000e+02,2.600000000000000000e+01,1.700000000000000000e+01
1.680080647091508627e+09,1.622800000000000000e+04,3.800000000000000000e+02,3.720000000000000000e+02,-6.150000000000000000e+02,4.800000000000000000e+01,2.400000000000000000e+01
1.680080647092400789e+09,1.620000000000000000e+04,4.200000000000000000e+02,3.400000000000000000e+02,-6.430000000000000000e+02,5.100000000000000000e+01,4.300000000000000000e+01
1.680080647093190193e+09,1.620000000000000000e+04,4.200000000000000000e+02,3.400000000000000000e+02,-6.460000000000000000e+02,4.900000000000000000e+01,3.900000000000000000e+01
1.680080647094284534e+09,1.606400000000000000e+04,3.640000000000000000e+02,2.840000000000000000e+02,-6.300000000000000000e+02,4.800000000000000000e+01,4.200000000000000000e+01
1.680080647095034122e+09,1.614000000000000000e+04,3.320000000000000000e+02,3.520000000000000000e+02,-6.380000000000000000e+02,3.700000000000000000e+01,3.900000000000000000e+01
1.680080647095810652e+09,1.614000000000000000e+04,2.400000000000000000e+02,3.560000000000000000e+02,-6.580000000000000000e+02,1.000000000000000000e+00,2.500000000000000000e+01
1.680080647096581221e+09,1.610400000000000000e+04,2.560000000000000000e+02,4.800000000000000000e+02,-6.340000000000000000e+02,-5.000000000000000000e+00,2.500000000000000000e+01
1.680080647097596645e+09,1.619600000000000000e+04,3.520000000000000000e+02,3.280000000000000000e+02,-5.940000000000000000e+02,1.800000000000000000e+01,3.600000000000000000e+01
1.680080647098341942e+09,1.619600000000000000e+04,3.080000000000000000e+02,4.200000000000000000e+02,-5.930000000000000000e+02,4.900000000000000000e+01,4.100000000000000000e+01
1.680080647099127293e+09,1.619600000000000000e+04,3.080000000000000000e+02,4.200000000000000000e+02,-6.210000000000000000e+02,5.900000000000000000e+01,4.600000000000000000e+01
1.680080647099866629e+09,1.611600000000000000e+04,3.680000000000000000e+02,4.560000000000000000e+02,-6.760000000000000000e+02,3.900000000000000000e+01,2.700000000000000000e+01
1.680080647100867510e+09,1.610400000000000000e+04,3.440000000000000000e+02,4.360000000000000000e+02,-6.660000000000000000e+02,2.000000000000000000e+01,8.000000000000000000e+00
1.680080647101612806e+09,1.606400000000000000e+04,3.520000000000000000e+02,4.280000000000000000e+02,-6.190000000000000000e+02,1.300000000000000000e+01,1.300000000000000000e+01
1.680080647102379084e+09,1.611600000000000000e+04,3.680000000000000000e+02,4.240000000000000000e+02,-5.970000000000000000e+02,3.500000000000000000e+01,2.000000000000000000e+01
1.680080647103131056e+09,1.611600000000000000e+04,3.680000000000000000e+02,4.240000000000000000e+02,-6.150000000000000000e+02,5.700000000000000000e+01,3.400000000000000000e+01
1.680080647104152679e+09,1.604400000000000000e+04,3.320000000000000000e+02,3.360000000000000000e+02,-6.550000000000000000e+02,5.600000000000000000e+01,6.700000000000000000e+01
1.680080647104903698e+09,1.608800000000000000e+04,3.360000000000000000e+02,3.880000000000000000e+02,-6.570000000000000000e+02,2.300000000000000000e+01,6.300000000000000000e+01
1.680080647105695248e+09,1.620400000000000000e+04,2.960000000000000000e+02,3.720000000000000000e+02,-6.160000000000000000e+02,2.200000000000000000e+01,3.200000000000000000e+01
1.680080647106575251e+09,1.615200000000000000e+04,2.440000000000000000e+02,3.320000000000000000e+02,-6.040000000000000000e+02,3.400000000000000000e+01,2.600000000000000000e+01
1.680080647107480764e+09,1.615200000000000000e+04,3.520000000000000000e+02,3.040000000000000000e+02,-6.160000000000000000e+02,5.300000000000000000e+01,4.300000000000000000e+01
1.680080647108232021e+09,1.611600000000000000e+04,3.120000000000000000e+02,3.520000000000000000e+02,-6.550000000000000000e+02,7.000000000000000000e+01,3.300000000000000000e+01
1.680080647108992338e+09,1.611600000000000000e+04,3.120000000000000000e+02,3.520000000000000000e+02,-6.730000000000000000e+02,3.400000000000000000e+01,2.400000000000000000e+01
1.680080647109731913e+09,1.614400000000000000e+04,3.120000000000000000e+02,3.960000000000000000e+02,-6.360000000000000000e+02,4.000000000000000000e+00,1.900000000000000000e+01
1.680080647110769033e+09,1.625200000000000000e+04,3.440000000000000000e+02,2.640000000000000000e+02,-5.910000000000000000e+02,-6.000000000000000000e+00,3.000000000000000000e+01
1.680080647111517429e+09,1.626000000000000000e+04,3.680000000000000000e+02,3.680000000000000000e+02,-6.090000000000000000e+02,2.400000000000000000e+01,3.400000000000000000e+01
1.680080647112387657e+09,1.627600000000000000e+04,3.160000000000000000e+02,3.640000000000000000e+02,-6.390000000000000000e+02,3.300000000000000000e+01,3.900000000000000000e+01
1.680080647113148928e+09,1.623200000000000000e+04,3.440000000000000000e+02,4.400000000000000000e+02,-6.450000000000000000e+02,3.100000000000000000e+01,3.800000000000000000e+01
1.680080647114273310e+09,1.622000000000000000e+04,3.280000000000000000e+02,4.120000000000000000e+02,-6.060000000000000000e+02,2.700000000000000000e+01,3.800000000000000000e+01
1.680080647115057707e+09,1.622000000000000000e+04,3.280000000000000000e+02,4.120000000000000000e+02,-6.080000000000000000e+02,3.700000000000000000e+01,2.900000000000000000e+01
1.680080647115911245e+09,1.613600000000000000e+04,3.200000000000000000e+02,3.040000000000000000e+02,-6.310000000000000000e+02,6.400000000000000000e+01,2.200000000000000000e+01
1.680080647116985559e+09,1.614400000000000000e+04,3.640000000000000000e+02,3.600000000000000000e+02,-6.640000000000000000e+02,6.800000000000000000e+01,2.100000000000000000e+01
1.680080647117859602e+09,1.622000000000000000e+04,2.760000000000000000e+02,2.920000000000000000e+02,-6.510000000000000000e+02,1.300000000000000000e+01,3.500000000000000000e+01
1.680080647118775606e+09,1.616400000000000000e+04,2.720000000000000000e+02,2.600000000000000000e+02,-6.020000000000000000e+02,0.000000000000000000e+00,4.100000000000000000e+01
1.680080647119542599e+09,1.618400000000000000e+04,2.680000000000000000e+02,2.480000000000000000e+02,-6.020000000000000000e+02,1.600000000000000000e+01,4.000000000000000000e+01
1.680080647120533228e+09,1.614800000000000000e+04,2.760000000000000000e+02,2.760000000000000000e+02,-6.400000000000000000e+02,4.800000000000000000e+01,2.300000000000000000e+01
1.680080647121385098e+09,1.623200000000000000e+04,4.000000000000000000e+02,3.360000000000000000e+02,-6.890000000000000000e+02,5.000000000000000000e+01,3.500000000000000000e+01
1.680080647122167826e+09,1.626400000000000000e+04,3.400000000000000000e+02,3.560000000000000000e+02,-6.850000000000000000e+02,3.500000000000000000e+01,4.700000000000000000e+01
1.680080647123163462e+09,1.626400000000000000e+04,3.400000000000000000e+02,3.560000000000000000e+02,-6.510000000000000000e+02,2.100000000000000000e+01,4.500000000000000000e+01
1.680080647126293659e+09,1.626400000000000000e+04,2.800000000000000000e+02,3.880000000000000000e+02,-6.220000000000000000e+02,3.300000000000000000e+01,2.800000000000000000e+01
1.680080647127251148e+09,1.619200000000000000e+04,3.760000000000000000e+02,3.640000000000000000e+02,-6.030000000000000000e+02,4.300000000000000000e+01,3.400000000000000000e+01
1.680080647128207445e+09,1.615200000000000000e+04,3.520000000000000000e+02,3.720000000000000000e+02,-6.340000000000000000e+02,6.000000000000000000e+01,3.000000000000000000e+01
1.680080647129112005e+09,1.615200000000000000e+04,3.520000000000000000e+02,3.720000000000000000e+02,-6.610000000000000000e+02,6.000000000000000000e+01,2.200000000000000000e+01
1.680080647129995108e+09,1.616800000000000000e+04,3.480000000000000000e+02,3.840000000000000000e+02,-6.420000000000000000e+02,4.100000000000000000e+01,3.900000000000000000e+01
1.680080647130915403e+09,1.614400000000000000e+04,2.960000000000000000e+02,3.280000000000000000e+02,-6.200000000000000000e+02,2.700000000000000000e+01,4.400000000000000000e+01
1.680080647131755352e+09,1.627600000000000000e+04,2.800000000000000000e+02,3.480000000000000000e+02,-6.240000000000000000e+02,2.400000000000000000e+01,3.700000000000000000e+01
1.680080647132585764e+09,1.625200000000000000e+04,2.960000000000000000e+02,3.200000000000000000e+02,-6.410000000000000000e+02,3.300000000000000000e+01,3.900000000000000000e+01
1.680080647133342743e+09,1.618000000000000000e+04,3.640000000000000000e+02,2.240000000000000000e+02,-6.410000000000000000e+02,5.700000000000000000e+01,4.200000000000000000e+01
1.680080647134256601e+09,1.618000000000000000e+04,2.280000000000000000e+02,2.600000000000000000e+02,-6.480000000000000000e+02,7.000000000000000000e+01,2.800000000000000000e+01
1.680080647135110140e+09,1.618800000000000000e+04,2.640000000000000000e+02,2.880000000000000000e+02,-6.380000000000000000e+02,6.200000000000000000e+01,8.000000000000000000e+00
1.680080647136020899e+09,1.618800000000000000e+04,2.640000000000000000e+02,2.880000000000000000e+02,-6.200000000000000000e+02,5.900000000000000000e+01,1.800000000000000000e+01
1.680080647136798620e+09,1.615600000000000000e+04,3.640000000000000000e+02,3.600000000000000000e+02,-6.410000000000000000e+02,2.500000000000000000e+01,3.400000000000000000e+01
1.680080647137798548e+09,1.611600000000000000e+04,2.920000000000000000e+02,2.840000000000000000e+02,-6.400000000000000000e+02,1.300000000000000000e+01,3.500000000000000000e+01
1.680080647138595343e+09,1.607600000000000000e+04,2.560000000000000000e+02,2.520000000000000000e+02,-6.290000000000000000e+02,4.500000000000000000e+01,2.600000000000000000e+01
1.680080647139470339e+09,1.620400000000000000e+04,3.320000000000000000e+02,4.400000000000000000e+02,-6.280000000000000000e+02,4.600000000000000000e+01,2.300000000000000000e+01
1.680080647140223503e+09,1.618400000000000000e+04,3.640000000000000000e+02,3.400000000000000000e+02,-6.290000000000000000e+02,2.800000000000000000e+01,2.300000000000000000e+01
1.680080647141327858e+09,1.615600000000000000e+04,2.840000000000000000e+02,2.160000000000000000e+02,-6.140000000000000000e+02,4.500000000000000000e+01,1.500000000000000000e+01
1.680080647142117023e+09,1.614400000000000000e+04,2.160000000000000000e+02,2.680000000000000000e+02,-6.210000000000000000e+02,4.300000000000000000e+01,7.000000000000000000e+00
1.680080647142873049e+09,1.614400000000000000e+04,2.160000000000000000e+02,2.680000000000000000e+02,-6.350000000000000000e+02,2.800000000000000000e+01,1.000000000000000000e+01
1.680080647143876076e+09,1.610000000000000000e+04,2.320000000000000000e+02,2.280000000000000000e+02,-6.190000000000000000e+02,2.900000000000000000e+01,2.300000000000000000e+01
1.680080647144626856e+09,1.619200000000000000e+04,3.320000000000000000e+02,2.560000000000000000e+02,-6.380000000000000000e+02,3.800000000000000000e+01,3.500000000000000000e+01
1.680080647145413876e+09,1.608800000000000000e+04,2.360000000000000000e+02,3.480000000000000000e+02,-6.590000000000000000e+02,3.200000000000000000e+01,4.900000000000000000e+01
1.680080647146159172e+09,1.617600000000000000e+04,2.280000000000000000e+02,4.440000000000000000e+02,-6.590000000000000000e+02,2.500000000000000000e+01,5.100000000000000000e+01
1.680080647147194624e+09,1.624000000000000000e+04,2.640000000000000000e+02,4.560000000000000000e+02,-6.400000000000000000e+02,2.300000000000000000e+01,4.000000000000000000e+01
1.680080647147944212e+09,1.624000000000000000e+04,2.640000000000000000e+02,4.560000000000000000e+02,-6.150000000000000000e+02,3.000000000000000000e+01,3.800000000000000000e+01
1.680080647148723125e+09,1.620400000000000000e+04,2.320000000000000000e+02,4.200000000000000000e+02,-6.220000000000000000e+02,3.700000000000000000e+01,3.600000000000000000e+01
1.680080647149472237e+09,1.620800000000000000e+04,2.720000000000000000e+02,5.880000000000000000e+02,-6.360000000000000000e+02,4.200000000000000000e+01,4.200000000000000000e+01
1.680080647150483131e+09,1.621200000000000000e+04,2.840000000000000000e+02,4.080000000000000000e+02,-6.290000000000000000e+02,5.500000000000000000e+01,3.300000000000000000e+01
1.680080647151233196e+09,1.615600000000000000e+04,3.240000000000000000e+02,2.760000000000000000e+02,-6.320000000000000000e+02,5.500000000000000000e+01,2.000000000000000000e+01
1.680080647152015209e+09,1.618800000000000000e+04,3.760000000000000000e+02,3.000000000000000000e+02,-6.530000000000000000e+02,3.000000000000000000e+01,1.900000000000000000e+01
1.680080647152864456e+09,1.618800000000000000e+04,3.760000000000000000e+02,3.000000000000000000e+02,-6.520000000000000000e+02,2.000000000000000000e+00,1.600000000000000000e+01
1.680080647153774738e+09,1.626400000000000000e+04,2.840000000000000000e+02,3.080000000000000000e+02,-5.950000000000000000e+02,7.000000000000000000e+00,2.800000000000000000e+01
1.680080647154527903e+09,1.619200000000000000e+04,2.360000000000000000e+02,2.840000000000000000e+02,-5.850000000000000000e+02,2.600000000000000000e+01,1.900000000000000000e+01
1.680080647155537605e+09,1.622400000000000000e+04,1.720000000000000000e+02,2.800000000000000000e+02,-6.150000000000000000e+02,5.000000000000000000e+01,2.100000000000000000e+01
1.680080647156517029e+09,1.611600000000000000e+04,2.320000000000000000e+02,4.000000000000000000e+02,-6.670000000000000000e+02,5.000000000000000000e+01,2.500000000000000000e+01
1.680080647157271624e+09,1.607200000000000000e+04,2.840000000000000000e+02,3.800000000000000000e+02,-6.700000000000000000e+02,3.000000000000000000e+01,3.500000000000000000e+01
1.680080647158307791e+09,1.614400000000000000e+04,3.360000000000000000e+02,3.200000000000000000e+02,-6.100000000000000000e+02,4.000000000000000000e+01,4.400000000000000000e+01
1.680080647159097910e+09,1.616800000000000000e+04,3.080000000000000000e+02,3.240000000000000000e+02,-6.010000000000000000e+02,4.400000000000000000e+01,4.900000000000000000e+01
1.680080647160047531e+09,1.616800000000000000e+04,3.080000000000000000e+02,3.240000000000000000e+02,-6.320000000000000000e+02,5.100000000000000000e+01,3.700000000000000000e+01
1.680080647160887957e+09,1.615600000000000000e+04,2.840000000000000000e+02,3.520000000000000000e+02,-6.590000000000000000e+02,3.000000000000000000e+01,1.600000000000000000e+01
1.680080647161684752e+09,1.625600000000000000e+04,3.280000000000000000e+02,3.920000000000000000e+02,-6.440000000000000000e+02,1.900000000000000000e+01,3.000000000000000000e+01
1.680080647162435770e+09,1.617200000000000000e+04,2.840000000000000000e+02,2.560000000000000000e+02,-6.050000000000000000e+02,2.100000000000000000e+01,2.800000000000000000e+01
1.680080647163410425e+09,1.613600000000000000e+04,3.440000000000000000e+02,3.040000000000000000e+02,-5.850000000000000000e+02,3.700000000000000000e+01,2.800000000000000000e+01
1.680080647164201260e+09,1.621600000000000000e+04,3.520000000000000000e+02,2.280000000000000000e+02,-6.080000000000000000e+02,6.700000000000000000e+01,2.600000000000000000e+01
1.680080647164975166e+09,1.622800000000000000e+04,2.400000000000000000e+02,2.120000000000000000e+02,-6.520000000000000000e+02,6.800000000000000000e+01,1.600000000000000000e+01
1.680080647165730000e+09,1.622800000000000000e+04,2.400000000000000000e+02,2.120000000000000000e+02,-6.810000000000000000e+02,3.400000000000000000e+01,1.400000000000000000e+01
1.680080647166662455e+09,1.617600000000000000e+04,3.040000000000000000e+02,1.800000000000000000e+02,-6.610000000000000000e+02,3.400000000000000000e+01,3.200000000000000000e+01
1.680080647167419195e+09,1.620800000000000000e+04,2.680000000000000000e+02,1.400000000000000000e+02,-6.170000000000000000e+02,4.100000000000000000e+01,4.600000000000000000e+01
1.680080647168477535e+09,1.613200000000000000e+04,2.840000000000000000e+02,3.000000000000000000e+02,-6.120000000000000000e+02,5.500000000000000000e+01,4.500000000000000000e+01
1.680080647169513702e+09,1.622400000000000000e+04,3.520000000000000000e+02,2.200000000000000000e+02,-6.370000000000000000e+02,5.000000000000000000e+01,2.700000000000000000e+01
1.680080647170318842e+09,1.616000000000000000e+04,2.760000000000000000e+02,3.840000000000000000e+02,-6.530000000000000000e+02,3.100000000000000000e+01,3.600000000000000000e+01
1.680080647171126366e+09,1.616400000000000000e+04,2.840000000000000000e+02,3.120000000000000000e+02,-6.180000000000000000e+02,4.400000000000000000e+01,4.000000000000000000e+01
1.680080647171879053e+09,1.616400000000000000e+04,2.840000000000000000e+02,3.120000000000000000e+02,-6.130000000000000000e+02,3.900000000000000000e+01,3.400000000000000000e+01
1.680080647172780752e+09,1.615200000000000000e+04,3.440000000000000000e+02,3.480000000000000000e+02,-6.300000000000000000e+02,2.600000000000000000e+01,2.400000000000000000e+01
1.680080647173632145e+09,1.616400000000000000e+04,2.640000000000000000e+02,4.240000000000000000e+02,-6.340000000000000000e+02,1.700000000000000000e+01,2.100000000000000000e+01
1.680080647174410582e+09,1.622400000000000000e+04,3.120000000000000000e+02,3.680000000000000000e+02,-6.270000000000000000e+02,7.000000000000000000e+00,6.000000000000000000e+00
1.680080647175160885e+09,1.628400000000000000e+04,3.440000000000000000e+02,1.560000000000000000e+02,-6.130000000000000000e+02,1.700000000000000000e+01,4.000000000000000000e+00
1.680080647176074266e+09,1.617600000000000000e+04,3.320000000000000000e+02,2.560000000000000000e+02,-6.230000000000000000e+02,3.400000000000000000e+01,2.000000000000000000e+01
1.680080647176845074e+09,1.617600000000000000e+04,3.320000000000000000e+02,2.560000000000000000e+02,-6.500000000000000000e+02,3.200000000000000000e+01,3.200000000000000000e+01
1.680080647177738190e+09,1.616400000000000000e+04,3.280000000000000000e+02,3.280000000000000000e+02,-6.380000000000000000e+02,3.100000000000000000e+01,4.500000000000000000e+01
1.680080647178493261e+09,1.611600000000000000e+04,2.480000000000000000e+02,2.680000000000000000e+02,-6.140000000000000000e+02,5.200000000000000000e+01,5.100000000000000000e+01
1.680080647179464817e+09,1.614000000000000000e+04,2.560000000000000000e+02,2.000000000000000000e+02,-6.160000000000000000e+02,6.700000000000000000e+01,3.800000000000000000e+01
1.680080647180318117e+09,1.614400000000000000e+04,3.040000000000000000e+02,4.240000000000000000e+02,-6.500000000000000000e+02,5.600000000000000000e+01,1.800000000000000000e+01
1.680080647181124449e+09,1.608400000000000000e+04,2.360000000000000000e+02,2.920000000000000000e+02,-6.750000000000000000e+02,2.600000000000000000e+01,2.400000000000000000e+01
1.680080647181888103e+09,1.624000000000000000e+04,2.960000000000000000e+02,3.600000000000000000e+02,-6.550000000000000000e+02,4.000000000000000000e+00,3.200000000000000000e+01
1.680080647182792664e+09,1.624000000000000000e+04,2.960000000000000000e+02,3.600000000000000000e+02,-6.040000000000000000e+02,1.800000000000000000e+01,4.800000000000000000e+01
1.680080647183642387e+09,1.620800000000000000e+04,3.280000000000000000e+02,3.600000000000000000e+02,-5.960000000000000000e+02,5.000000000000000000e+01,3.300000000000000000e+01
1.680080647184593201e+09,1.615200000000000000e+04,3.800000000000000000e+02,2.480000000000000000e+02,-6.440000000000000000e+02,6.400000000000000000e+01,1.400000000000000000e+01
1.680080647185503244e+09,1.616000000000000000e+04,3.920000000000000000e+02,2.800000000000000000e+02,-6.670000000000000000e+02,4.400000000000000000e+01,1.100000000000000000e+01
1.680080647186371803e+09,1.614000000000000000e+04,3.160000000000000000e+02,2.720000000000000000e+02,-6.370000000000000000e+02,2.200000000000000000e+01,1.900000000000000000e+01
1.680080647187157154e+09,1.608400000000000000e+04,2.600000000000000000e+02,2.880000000000000000e+02,-6.210000000000000000e+02,3.600000000000000000e+01,2.900000000000000000e+01
1.680080647187918186e+09,1.618800000000000000e+04,2.760000000000000000e+02,4.000000000000000000e+02,-6.390000000000000000e+02,4.700000000000000000e+01,2.800000000000000000e+01
1.680080647188829422e+09,1.618800000000000000e+04,2.760000000000000000e+02,4.000000000000000000e+02,-6.650000000000000000e+02,4.500000000000000000e+01,7.000000000000000000e+00
1.680080647189574003e+09,1.610000000000000000e+04,3.520000000000000000e+02,3.800000000000000000e+02,-6.890000000000000000e+02,3.300000000000000000e+01,-1.000000000000000000e+00
1.680080647190555334e+09,1.615200000000000000e+04,3.520000000000000000e+02,2.080000000000000000e+02,-6.680000000000000000e+02,4.300000000000000000e+01,1.700000000000000000e+01
1.680080647191353798e+09,1.616800000000000000e+04,2.960000000000000000e+02,3.480000000000000000e+02,-6.340000000000000000e+02,5.300000000000000000e+01,2.300000000000000000e+01
1.680080647192564487e+09,1.612000000000000000e+04,2.600000000000000000e+02,3.880000000000000000e+02,-6.260000000000000000e+02,3.400000000000000000e+01,3.800000000000000000e+01
1.680080647193481207e+09,1.618800000000000000e+04,3.800000000000000000e+02,3.040000000000000000e+02,-5.980000000000000000e+02,3.000000000000000000e+01,4.700000000000000000e+01
1.680080647194542408e+09,1.617200000000000000e+04,3.800000000000000000e+02,4.160000000000000000e+02,-6.070000000000000000e+02,3.100000000000000000e+01,3.200000000000000000e+01
1.680080647196295500e+09,1.622000000000000000e+04,3.560000000000000000e+02,3.640000000000000000e+02,-6.250000000000000000e+02,2.400000000000000000e+01,1.400000000000000000e+01
1.680080647197169304e+09,1.619600000000000000e+04,2.520000000000000000e+02,3.120000000000000000e+02,-6.050000000000000000e+02,3.200000000000000000e+01,1.000000000000000000e+01
1.680080647197973490e+09,1.619200000000000000e+04,3.280000000000000000e+02,3.160000000000000000e+02,-6.350000000000000000e+02,3.900000000000000000e+01,5.000000000000000000e+00
1.680080647198915243e+09,1.619200000000000000e+04,3.280000000000000000e+02,3.160000000000000000e+02,-6.590000000000000000e+02,4.200000000000000000e+01,5.000000000000000000e+00
1.680080647199993610e+09,1.615200000000000000e+04,2.720000000000000000e+02,3.520000000000000000e+02,-6.390000000000000000e+02,3.700000000000000000e+01,2.400000000000000000e+01
1.680080647200829268e+09,1.620400000000000000e+04,2.600000000000000000e+02,3.320000000000000000e+02,-6.170000000000000000e+02,3.700000000000000000e+01,2.000000000000000000e+01
1.680080647201757908e+09,1.620400000000000000e+04,2.600000000000000000e+02,3.320000000000000000e+02,-6.280000000000000000e+02,5.100000000000000000e+01,1.600000000000000000e+01
1.680080647202511072e+09,1.625600000000000000e+04,2.240000000000000000e+02,3.440000000000000000e+02,-6.640000000000000000e+02,3.900000000000000000e+01,2.000000000000000000e+01
1.680080647203323364e+09,1.617200000000000000e+04,3.000000000000000000e+02,5.600000000000000000e+02,-6.380000000000000000e+02,2.500000000000000000e+01,3.100000000000000000e+01
1.680080647204079390e+09,1.619600000000000000e+04,2.920000000000000000e+02,3.760000000000000000e+02,-5.870000000000000000e+02,3.400000000000000000e+01,4.900000000000000000e+01
1.680080647205312967e+09,1.626000000000000000e+04,3.760000000000000000e+02,2.400000000000000000e+02,-5.760000000000000000e+02,5.900000000000000000e+01,3.900000000000000000e+01
1.680080647206685066e+09,1.622000000000000000e+04,3.800000000000000000e+02,2.800000000000000000e+02,-6.730000000000000000e+02,4.300000000000000000e+01,3.000000000000000000e+01
1.680080647207490444e+09,1.624800000000000000e+04,3.600000000000000000e+02,2.440000000000000000e+02,-6.480000000000000000e+02,1.600000000000000000e+01,4.500000000000000000e+01
1.680080647226870060e+09,1.628000000000000000e+04,3.520000000000000000e+02,3.160000000000000000e+02,-6.070000000000000000e+02,1.800000000000000000e+01,4.200000000000000000e+01
1.680080647227894545e+09,1.620800000000000000e+04,4.280000000000000000e+02,2.960000000000000000e+02,-5.880000000000000000e+02,1.800000000000000000e+01,2.500000000000000000e+01
1.680080647228770494e+09,1.614800000000000000e+04,3.320000000000000000e+02,3.520000000000000000e+02,-6.160000000000000000e+02,5.600000000000000000e+01,2.200000000000000000e+01
1.680080647229635000e+09,1.614800000000000000e+04,3.320000000000000000e+02,3.520000000000000000e+02,-6.530000000000000000e+02,5.300000000000000000e+01,2.900000000000000000e+01
1.680080647230504274e+09,1.621600000000000000e+04,2.440000000000000000e+02,4.880000000000000000e+02,-6.360000000000000000e+02,2.000000000000000000e+01,4.200000000000000000e+01
1.680080647231286287e+09,1.618000000000000000e+04,3.240000000000000000e+02,3.480000000000000000e+02,-5.980000000000000000e+02,2.700000000000000000e+01,4.800000000000000000e+01
1.680080647232081413e+09,1.620800000000000000e+04,2.800000000000000000e+02,2.800000000000000000e+02,-6.110000000000000000e+02,4.400000000000000000e+01,3.800000000000000000e+01
1.680080647232834101e+09,1.628000000000000000e+04,3.080000000000000000e+02,4.120000000000000000e+02,-6.340000000000000000e+02,5.600000000000000000e+01,3.000000000000000000e+01
1.680080647246646166e+09,1.615200000000000000e+04,2.400000000000000000e+02,4.560000000000000000e+02,-6.740000000000000000e+02,4.100000000000000000e+01,4.100000000000000000e+01
1.680080647247915745e+09,1.618000000000000000e+04,2.440000000000000000e+02,3.720000000000000000e+02,-6.860000000000000000e+02,3.300000000000000000e+01,4.100000000000000000e+01
1.680080647249474525e+09,1.614000000000000000e+04,3.400000000000000000e+02,4.000000000000000000e+02,-6.170000000000000000e+02,3.000000000000000000e+01,3.800000000000000000e+01
1.680080647257001877e+09,1.618800000000000000e+04,3.040000000000000000e+02,3.160000000000000000e+02,-6.160000000000000000e+02,6.200000000000000000e+01,4.200000000000000000e+01
1.680080647258191109e+09,1.622800000000000000e+04,2.640000000000000000e+02,2.040000000000000000e+02,-6.050000000000000000e+02,4.900000000000000000e+01,4.700000000000000000e+01
1.680080647258981705e+09,1.614800000000000000e+04,3.440000000000000000e+02,3.600000000000000000e+02,-6.140000000000000000e+02,6.200000000000000000e+01,3.800000000000000000e+01
1.680080647259768009e+09,1.618800000000000000e+04,2.840000000000000000e+02,3.680000000000000000e+02,-6.570000000000000000e+02,5.800000000000000000e+01,2.100000000000000000e+01
1.680080647264469147e+09,1.620800000000000000e+04,3.600000000000000000e+02,4.120000000000000000e+02,-6.750000000000000000e+02,2.500000000000000000e+01,2.000000000000000000e+01
1.680080647268683195e+09,1.621600000000000000e+04,2.720000000000000000e+02,5.640000000000000000e+02,-6.420000000000000000e+02,7.000000000000000000e+00,2.800000000000000000e+01
1.680080647269813299e+09,1.608000000000000000e+04,2.720000000000000000e+02,5.000000000000000000e+02,-6.400000000000000000e+02,1.700000000000000000e+01,3.200000000000000000e+01
1.680080647272778034e+09,1.628400000000000000e+04,3.600000000000000000e+02,3.640000000000000000e+02,-6.000000000000000000e+02,2.300000000000000000e+01,5.500000000000000000e+01
1.680080647273645401e+09,1.624800000000000000e+04,3.240000000000000000e+02,3.040000000000000000e+02,-6.860000000000000000e+02,2.700000000000000000e+01,2.700000000000000000e+01
1.680080647276049137e+09,1.624800000000000000e+04,3.240000000000000000e+02,3.040000000000000000e+02,-6.550000000000000000e+02,3.300000000000000000e+01,1.800000000000000000e+01
1.680080647277089357e+09,1.620400000000000000e+04,2.680000000000000000e+02,4.000000000000000000e+02,-6.340000000000000000e+02,4.000000000000000000e+01,4.800000000000000000e+01
1.680080647285912991e+09,1.616000000000000000e+04,2.600000000000000000e+02,3.520000000000000000e+02,-6.390000000000000000e+02,2.500000000000000000e+01,3.600000000000000000e+01
1.680080647286819935e+09,1.610800000000000000e+04,2.400000000000000000e+02,3.040000000000000000e+02,-6.250000000000000000e+02,4.500000000000000000e+01,4.400000000000000000e+01
1.680080647287681818e+09,1.610400000000000000e+04,3.040000000000000000e+02,4.080000000000000000e+02,-6.490000000000000000e+02,3.500000000000000000e+01,2.100000000000000000e+01
1.680080647288488388e+09,1.617200000000000000e+04,2.760000000000000000e+02,2.680000000000000000e+02,-6.310000000000000000e+02,2.100000000000000000e+01,1.700000000000000000e+01
1.680080647289283991e+09,1.617200000000000000e+04,2.760000000000000000e+02,2.680000000000000000e+02,-6.200000000000000000e+02,2.400000000000000000e+01,2.800000000000000000e+01
1.680080647290055752e+09,1.620400000000000000e+04,2.120000000000000000e+02,2.880000000000000000e+02,-6.250000000000000000e+02,5.300000000000000000e+01,2.400000000000000000e+01
1.680080647290837765e+09,1.613200000000000000e+04,2.320000000000000000e+02,1.280000000000000000e+02,-6.490000000000000000e+02,5.800000000000000000e+01,2.300000000000000000e+01
1.680080647291637421e+09,1.610400000000000000e+04,2.960000000000000000e+02,2.240000000000000000e+02,-6.650000000000000000e+02,4.000000000000000000e+01,4.100000000000000000e+01
1.680080647294514894e+09,1.612400000000000000e+04,3.400000000000000000e+02,2.120000000000000000e+02,-6.240000000000000000e+02,2.900000000000000000e+01,5.200000000000000000e+01
1.680080647295352936e+09,1.612400000000000000e+04,3.400000000000000000e+02,2.120000000000000000e+02,-6.490000000000000000e+02,1.500000000000000000e+01,5.300000000000000000e+01
1.680080647296153545e+09,1.615200000000000000e+04,3.160000000000000000e+02,1.720000000000000000e+02,-6.370000000000000000e+02,8.000000000000000000e+00,5.200000000000000000e+01
1.680080647297826052e+09,1.616800000000000000e+04,3.280000000000000000e+02,1.680000000000000000e+02,-6.120000000000000000e+02,3.000000000000000000e+01,4.100000000000000000e+01
1.680080647298661947e+09,1.626400000000000000e+04,3.000000000000000000e+02,2.480000000000000000e+02,-6.390000000000000000e+02,6.000000000000000000e+01,2.800000000000000000e+01
1.680080647300071716e+09,1.616800000000000000e+04,2.800000000000000000e+02,2.120000000000000000e+02,-6.730000000000000000e+02,2.000000000000000000e+01,2.200000000000000000e+01
1.680080647300941467e+09,1.614000000000000000e+04,2.880000000000000000e+02,3.440000000000000000e+02,-6.240000000000000000e+02,6.000000000000000000e+00,3.900000000000000000e+01
1.680080647301734686e+09,1.620800000000000000e+04,3.160000000000000000e+02,3.240000000000000000e+02,-5.960000000000000000e+02,2.200000000000000000e+01,4.200000000000000000e+01
1.680080647302504301e+09,1.617600000000000000e+04,2.240000000000000000e+02,3.880000000000000000e+02,-6.050000000000000000e+02,4.800000000000000000e+01,4.100000000000000000e+01
1.680080647303282022e+09,1.617600000000000000e+04,2.240000000000000000e+02,3.880000000000000000e+02,-6.300000000000000000e+02,5.600000000000000000e+01,3.200000000000000000e+01
1.680080647305829048e+09,1.619200000000000000e+04,2.360000000000000000e+02,4.720000000000000000e+02,-6.550000000000000000e+02,4.400000000000000000e+01,2.300000000000000000e+01
1.680080647309813023e+09,1.613200000000000000e+04,2.960000000000000000e+02,3.440000000000000000e+02,-6.240000000000000000e+02,4.700000000000000000e+01,2.300000000000000000e+01
1.680080647310708046e+09,1.616400000000000000e+04,3.440000000000000000e+02,3.400000000000000000e+02,-6.570000000000000000e+02,5.000000000000000000e+00,2.100000000000000000e+01
1.680080647311733246e+09,1.615600000000000000e+04,3.040000000000000000e+02,2.720000000000000000e+02,-6.130000000000000000e+02,0.000000000000000000e+00,4.300000000000000000e+01
1.680080647314424276e+09,1.622000000000000000e+04,3.080000000000000000e+02,2.520000000000000000e+02,-6.490000000000000000e+02,3.700000000000000000e+01,3.600000000000000000e+01
1.680080647315244913e+09,1.622000000000000000e+04,3.080000000000000000e+02,2.520000000000000000e+02,-6.600000000000000000e+02,3.300000000000000000e+01,3.100000000000000000e+01
1.680080647319436789e+09,1.619600000000000000e+04,3.160000000000000000e+02,2.240000000000000000e+02,-6.320000000000000000e+02,4.600000000000000000e+01,3.200000000000000000e+01
1.680080647321089983e+09,1.618800000000000000e+04,3.160000000000000000e+02,3.920000000000000000e+02,-6.360000000000000000e+02,1.600000000000000000e+01,4.800000000000000000e+01
1.680080647322089434e+09,1.623600000000000000e+04,4.320000000000000000e+02,2.760000000000000000e+02,-6.520000000000000000e+02,4.600000000000000000e+01,4.200000000000000000e+01
1.680080647322903872e+09,1.612400000000000000e+04,3.480000000000000000e+02,3.280000000000000000e+02,-6.310000000000000000e+02,3.000000000000000000e+01,2.400000000000000000e+01
1.680080647324237823e+09,1.613600000000000000e+04,3.480000000000000000e+02,3.240000000000000000e+02,-5.870000000000000000e+02,2.800000000000000000e+01,2.300000000000000000e+01
1.680080647325200558e+09,1.619200000000000000e+04,2.960000000000000000e+02,4.120000000000000000e+02,-6.280000000000000000e+02,3.000000000000000000e+01,4.800000000000000000e+01
1.680080647337029219e+09,1.612800000000000000e+04,2.800000000000000000e+02,4.640000000000000000e+02,-6.750000000000000000e+02,3.600000000000000000e+01,3.700000000000000000e+01
1.680080647337922812e+09,1.617200000000000000e+04,3.080000000000000000e+02,2.240000000000000000e+02,-6.300000000000000000e+02,2.700000000000000000e+01,3.400000000000000000e+01
1.680080647338739872e+09,1.617200000000000000e+04,3.040000000000000000e+02,1.920000000000000000e+02,-6.170000000000000000e+02,2.100000000000000000e+01,3.400000000000000000e+01
1.680080647339549303e+09,1.627200000000000000e+04,3.520000000000000000e+02,3.200000000000000000e+02,-6.100000000000000000e+02,2.900000000000000000e+01,4.800000000000000000e+01
1.680080647347090244e+09,1.622400000000000000e+04,3.200000000000000000e+02,3.680000000000000000e+02,-6.380000000000000000e+02,3.500000000000000000e+01,4.900000000000000000e+01
1.680080647347947121e+09,1.613200000000000000e+04,2.520000000000000000e+02,2.720000000000000000e+02,-6.400000000000000000e+02,7.000000000000000000e+01,1.000000000000000000e+01
1.680080647348750830e+09,1.626800000000000000e+04,3.000000000000000000e+02,3.000000000000000000e+02,-6.490000000000000000e+02,7.000000000000000000e+01,1.600000000000000000e+01
1.680080647349537373e+09,1.629200000000000000e+04,3.000000000000000000e+02,1.920000000000000000e+02,-6.270000000000000000e+02,6.000000000000000000e+01,2.500000000000000000e+01
1.680080647356894016e+09,1.619600000000000000e+04,2.760000000000000000e+02,1.720000000000000000e+02,-5.950000000000000000e+02,4.700000000000000000e+01,3.000000000000000000e+01
1.680080647357885599e+09,1.618800000000000000e+04,3.480000000000000000e+02,4.000000000000000000e+02,-6.330000000000000000e+02,2.700000000000000000e+01,2.700000000000000000e+01
1.680080647358706951e+09,1.621600000000000000e+04,2.880000000000000000e+02,3.440000000000000000e+02,-6.380000000000000000e+02,1.300000000000000000e+01,2.600000000000000000e+01
1.680080647359519482e+09,1.622400000000000000e+04,3.000000000000000000e+02,3.080000000000000000e+02,-6.320000000000000000e+02,2.600000000000000000e+01,2.100000000000000000e+01
1.680080647366514206e+09,1.615200000000000000e+04,3.160000000000000000e+02,1.600000000000000000e+02,-6.160000000000000000e+02,4.300000000000000000e+01,2.100000000000000000e+01
1.680080647367949724e+09,1.621600000000000000e+04,4.280000000000000000e+02,4.320000000000000000e+02,-6.250000000000000000e+02,3.200000000000000000e+01,2.600000000000000000e+01
1.680080647374987602e+09,1.616800000000000000e+04,3.520000000000000000e+02,3.280000000000000000e+02,-6.700000000000000000e+02,5.200000000000000000e+01,3.200000000000000000e+01
1.680080647376271248e+09,1.617600000000000000e+04,2.840000000000000000e+02,2.640000000000000000e+02,-6.500000000000000000e+02,3.700000000000000000e+01,2.100000000000000000e+01
1.680080647377219439e+09,1.624400000000000000e+04,2.680000000000000000e+02,2.640000000000000000e+02,-6.440000000000000000e+02,2.000000000000000000e+01,2.100000000000000000e+01
1.680080647378105640e+09,1.618000000000000000e+04,3.800000000000000000e+02,2.960000000000000000e+02,-6.210000000000000000e+02,3.700000000000000000e+01,2.800000000000000000e+01
1.680080647378907681e+09,1.618000000000000000e+04,3.800000000000000000e+02,2.960000000000000000e+02,-6.250000000000000000e+02,5.000000000000000000e+01,1.400000000000000000e+01
1.680080647379733801e+09,1.614000000000000000e+04,3.680000000000000000e+02,3.000000000000000000e+02,-6.420000000000000000e+02,7.700000000000000000e+01,2.300000000000000000e+01
1.680080647380507946e+09,1.619200000000000000e+04,3.280000000000000000e+02,3.440000000000000000e+02,-6.650000000000000000e+02,5.900000000000000000e+01,3.600000000000000000e+01
1.680080647381472588e+09,1.624400000000000000e+04,3.800000000000000000e+02,4.360000000000000000e+02,-6.540000000000000000e+02,3.400000000000000000e+01,3.700000000000000000e+01
1.680080647382409811e+09,1.621600000000000000e+04,3.360000000000000000e+02,4.760000000000000000e+02,-6.090000000000000000e+02,4.300000000000000000e+01,3.800000000000000000e+01
1.680080647383239508e+09,1.618800000000000000e+04,3.360000000000000000e+02,3.680000000000000000e+02,-6.150000000000000000e+02,3.500000000000000000e+01,2.700000000000000000e+01
1.680080647384112597e+09,1.616400000000000000e+04,2.840000000000000000e+02,2.760000000000000000e+02,-6.420000000000000000e+02,1.600000000000000000e+01,2.800000000000000000e+01
1.680080647384899139e+09,1.616400000000000000e+04,2.840000000000000000e+02,2.760000000000000000e+02,-6.170000000000000000e+02,2.900000000000000000e+01,3.600000000000000000e+01
1.680080647385805845e+09,1.618400000000000000e+04,3.000000000000000000e+02,4.280000000000000000e+02,-6.150000000000000000e+02,5.700000000000000000e+01,3.100000000000000000e+01
1.680080647386608839e+09,1.622000000000000000e+04,3.200000000000000000e+02,3.920000000000000000e+02,-6.250000000000000000e+02,6.100000000000000000e+01,2.900000000000000000e+01
1.680080647387400866e+09,1.616400000000000000e+04,3.320000000000000000e+02,3.560000000000000000e+02,-6.610000000000000000e+02,4.900000000000000000e+01,1.900000000000000000e+01
1.680080647388172150e+09,1.613200000000000000e+04,3.000000000000000000e+02,4.400000000000000000e+02,-6.820000000000000000e+02,1.700000000000000000e+01,2.000000000000000000e+01
1.680080647388938904e+09,1.613200000000000000e+04,3.000000000000000000e+02,4.400000000000000000e+02,-6.420000000000000000e+02,3.000000000000000000e+00,2.900000000000000000e+01
1.680080647389794588e+09,1.608000000000000000e+04,2.920000000000000000e+02,3.480000000000000000e+02,-6.020000000000000000e+02,9.000000000000000000e+00,3.400000000000000000e+01
1.680080647390625477e+09,1.615600000000000000e+04,2.120000000000000000e+02,2.720000000000000000e+02,-6.020000000000000000e+02,5.700000000000000000e+01,1.700000000000000000e+01
1.680080647391405821e+09,1.622800000000000000e+04,2.360000000000000000e+02,2.720000000000000000e+02,-6.410000000000000000e+02,7.900000000000000000e+01,5.000000000000000000e+00
1.680080647392205477e+09,1.616400000000000000e+04,2.920000000000000000e+02,2.920000000000000000e+02,-6.870000000000000000e+02,7.000000000000000000e+01,1.300000000000000000e+01
1.680080647393105745e+09,1.618400000000000000e+04,2.200000000000000000e+02,2.120000000000000000e+02,-6.610000000000000000e+02,3.900000000000000000e+01,3.600000000000000000e+01
1.680080647394091606e+09,1.610400000000000000e+04,2.640000000000000000e+02,4.040000000000000000e+02,-6.130000000000000000e+02,3.000000000000000000e+01,4.500000000000000000e+01
1.680080647395066977e+09,1.616800000000000000e+04,4.000000000000000000e+02,3.240000000000000000e+02,-6.230000000000000000e+02,3.000000000000000000e+01,4.900000000000000000e+01
1.680080647396045208e+09,1.617600000000000000e+04,3.680000000000000000e+02,3.160000000000000000e+02,-6.190000000000000000e+02,3.400000000000000000e+01,3.700000000000000000e+01
1.680080647397037506e+09,1.614400000000000000e+04,3.640000000000000000e+02,2.640000000000000000e+02,-6.140000000000000000e+02,2.100000000000000000e+01,4.400000000000000000e+01
1.680080647397907019e+09,1.614400000000000000e+04,3.640000000000000000e+02,2.640000000000000000e+02,-6.200000000000000000e+02,1.200000000000000000e+01,5.400000000000000000e+01
1.680080647398720980e+09,1.611200000000000000e+04,3.920000000000000000e+02,4.240000000000000000e+02,-6.150000000000000000e+02,3.900000000000000000e+01,4.300000000000000000e+01
1.680080647399545670e+09,1.620000000000000000e+04,3.160000000000000000e+02,4.320000000000000000e+02,-6.180000000000000000e+02,5.300000000000000000e+01,2.400000000000000000e+01
1.680080647400370121e+09,1.622800000000000000e+04,3.240000000000000000e+02,3.400000000000000000e+02,-6.450000000000000000e+02,2.700000000000000000e+01,2.600000000000000000e+01
1.680080647401180983e+09,1.615600000000000000e+04,3.440000000000000000e+02,2.120000000000000000e+02,-6.420000000000000000e+02,8.000000000000000000e+00,4.000000000000000000e+01
1.680080647401975155e+09,1.609200000000000000e+04,3.680000000000000000e+02,2.240000000000000000e+02,-6.300000000000000000e+02,3.000000000000000000e+01,3.900000000000000000e+01
1.680080647402778387e+09,1.609200000000000000e+04,3.680000000000000000e+02,2.240000000000000000e+02,-6.250000000000000000e+02,5.200000000000000000e+01,4.400000000000000000e+01
1.680080647403587580e+09,1.612000000000000000e+04,2.840000000000000000e+02,1.960000000000000000e+02,-6.510000000000000000e+02,4.500000000000000000e+01,4.600000000000000000e+01
1.680080647404402018e+09,1.609200000000000000e+04,3.240000000000000000e+02,4.040000000000000000e+02,-6.230000000000000000e+02,2.100000000000000000e+01,2.500000000000000000e+01
1.680080647405206442e+09,1.618800000000000000e+04,3.760000000000000000e+02,4.960000000000000000e+02,-5.910000000000000000e+02,2.900000000000000000e+01,1.400000000000000000e+01
1.680080647406014681e+09,1.617600000000000000e+04,3.280000000000000000e+02,4.360000000000000000e+02,-5.970000000000000000e+02,4.000000000000000000e+01,3.700000000000000000e+01
1.680080647416912317e+09,1.617600000000000000e+04,3.280000000000000000e+02,4.360000000000000000e+02,-6.420000000000000000e+02,5.500000000000000000e+01,5.700000000000000000e+01
1.680080647417728424e+09,1.619600000000000000e+04,3.400000000000000000e+02,2.120000000000000000e+02,-6.430000000000000000e+02,1.300000000000000000e+01,1.600000000000000000e+01
1.680080647419346094e+09,1.621600000000000000e+04,2.960000000000000000e+02,2.120000000000000000e+02,-6.130000000000000000e+02,2.000000000000000000e+00,3.100000000000000000e+01
1.680080647421454430e+09,1.622800000000000000e+04,3.040000000000000000e+02,3.240000000000000000e+02,-6.560000000000000000e+02,3.900000000000000000e+01,4.700000000000000000e+01
1.680080647422263861e+09,1.611600000000000000e+04,2.800000000000000000e+02,4.600000000000000000e+02,-6.240000000000000000e+02,3.700000000000000000e+01,5.600000000000000000e+01
1.680080647423737288e+09,1.613200000000000000e+04,2.480000000000000000e+02,3.800000000000000000e+02,-6.210000000000000000e+02,3.900000000000000000e+01,4.000000000000000000e+01
1.680080647425768614e+09,1.624400000000000000e+04,2.000000000000000000e+02,2.840000000000000000e+02,-6.450000000000000000e+02,7.000000000000000000e+00,2.700000000000000000e+01
1.680080647427487850e+09,1.628400000000000000e+04,3.000000000000000000e+02,2.720000000000000000e+02,-6.250000000000000000e+02,4.200000000000000000e+01,5.000000000000000000e+01
1.680080647429600716e+09,1.616400000000000000e+04,2.640000000000000000e+02,3.640000000000000000e+02,-6.760000000000000000e+02,2.700000000000000000e+01,1.600000000000000000e+01
1.680080647430465698e+09,1.610000000000000000e+04,3.280000000000000000e+02,3.280000000000000000e+02,-6.170000000000000000e+02,7.100000000000000000e+01,4.700000000000000000e+01
1.680080647433044434e+09,1.602400000000000000e+04,2.640000000000000000e+02,4.800000000000000000e+02,-6.470000000000000000e+02,4.900000000000000000e+01,3.500000000000000000e+01
1.680080647433843136e+09,1.624000000000000000e+04,2.720000000000000000e+02,3.000000000000000000e+02,-6.090000000000000000e+02,1.800000000000000000e+01,4.000000000000000000e+01
1.680080647435969114e+09,1.624000000000000000e+04,2.720000000000000000e+02,3.000000000000000000e+02,-6.470000000000000000e+02,3.800000000000000000e+01,4.300000000000000000e+01
1.680080647436821222e+09,1.614400000000000000e+04,2.520000000000000000e+02,4.200000000000000000e+02,-6.470000000000000000e+02,5.600000000000000000e+01,1.700000000000000000e+01
1.680080647438590050e+09,1.612400000000000000e+04,3.680000000000000000e+02,3.000000000000000000e+02,-6.250000000000000000e+02,6.300000000000000000e+01,1.800000000000000000e+01
1.680080647440098763e+09,1.624000000000000000e+04,2.560000000000000000e+02,2.440000000000000000e+02,-6.160000000000000000e+02,3.200000000000000000e+01,2.900000000000000000e+01
1.680080647441736460e+09,1.630000000000000000e+04,3.960000000000000000e+02,1.920000000000000000e+02,-6.420000000000000000e+02,6.100000000000000000e+01,3.900000000000000000e+01
1.680080647443206310e+09,1.619600000000000000e+04,3.520000000000000000e+02,2.040000000000000000e+02,-6.490000000000000000e+02,4.000000000000000000e+01,4.900000000000000000e+01
1.680080647444866657e+09,1.621200000000000000e+04,3.040000000000000000e+02,4.160000000000000000e+02,-6.310000000000000000e+02,4.600000000000000000e+01,4.500000000000000000e+01
1.680080647446471453e+09,1.618800000000000000e+04,2.960000000000000000e+02,2.680000000000000000e+02,-6.160000000000000000e+02,1.800000000000000000e+01,2.400000000000000000e+01
1.680080647447453499e+09,1.618400000000000000e+04,3.600000000000000000e+02,1.640000000000000000e+02,-5.950000000000000000e+02,2.800000000000000000e+01,3.300000000000000000e+01
1.680080647448218584e+09,1.618800000000000000e+04,2.640000000000000000e+02,2.200000000000000000e+02,-6.130000000000000000e+02,5.200000000000000000e+01,3.800000000000000000e+01
1.680080647448989868e+09,1.612000000000000000e+04,1.920000000000000000e+02,3.640000000000000000e+02,-6.450000000000000000e+02,3.100000000000000000e+01,4.400000000000000000e+01
1.680080647449741840e+09,1.612000000000000000e+04,1.920000000000000000e+02,3.640000000000000000e+02,-6.370000000000000000e+02,-1.000000000000000000e+00,3.800000000000000000e+01
1.680080647450801134e+09,1.618400000000000000e+04,3.240000000000000000e+02,3.520000000000000000e+02,-5.870000000000000000e+02,3.100000000000000000e+01,4.600000000000000000e+01
1.680080647451563120e+09,1.620000000000000000e+04,2.760000000000000000e+02,2.480000000000000000e+02,-5.810000000000000000e+02,6.300000000000000000e+01,4.100000000000000000e+01
1.680080647452348709e+09,1.612000000000000000e+04,3.720000000000000000e+02,2.520000000000000000e+02,-6.030000000000000000e+02,7.100000000000000000e+01,3.900000000000000000e+01
1.680080647453214407e+09,1.617600000000000000e+04,3.520000000000000000e+02,2.760000000000000000e+02,-6.550000000000000000e+02,4.100000000000000000e+01,2.300000000000000000e+01
1.680080647454119921e+09,1.613600000000000000e+04,3.120000000000000000e+02,4.480000000000000000e+02,-6.620000000000000000e+02,-3.000000000000000000e+00,4.200000000000000000e+01
1.680080647454871655e+09,1.618800000000000000e+04,2.840000000000000000e+02,3.640000000000000000e+02,-6.280000000000000000e+02,1.000000000000000000e+00,4.200000000000000000e+01
1.680080647455826759e+09,1.613600000000000000e+04,3.160000000000000000e+02,3.720000000000000000e+02,-6.240000000000000000e+02,4.600000000000000000e+01,2.900000000000000000e+01
1.680080647456645727e+09,1.613600000000000000e+04,3.160000000000000000e+02,3.720000000000000000e+02,-6.350000000000000000e+02,5.700000000000000000e+01,2.500000000000000000e+01
1.680080647457553864e+09,1.620800000000000000e+04,3.280000000000000000e+02,4.000000000000000000e+02,-6.570000000000000000e+02,2.500000000000000000e+01,9.000000000000000000e+00
1.680080647458311796e+09,1.624000000000000000e+04,2.800000000000000000e+02,3.000000000000000000e+02,-6.510000000000000000e+02,5.000000000000000000e+00,6.000000000000000000e+00
1.680080647459209919e+09,1.621200000000000000e+04,2.920000000000000000e+02,3.000000000000000000e+02,-6.020000000000000000e+02,1.500000000000000000e+01,1.300000000000000000e+01
1.680080647460116386e+09,1.618000000000000000e+04,2.440000000000000000e+02,2.960000000000000000e+02,-6.020000000000000000e+02,5.200000000000000000e+01,2.900000000000000000e+01
1.680080647460896492e+09,1.613600000000000000e+04,3.640000000000000000e+02,3.520000000000000000e+02,-6.120000000000000000e+02,7.800000000000000000e+01,4.500000000000000000e+01
1.680080647461799622e+09,1.615200000000000000e+04,3.000000000000000000e+02,3.720000000000000000e+02,-6.470000000000000000e+02,8.200000000000000000e+01,5.100000000000000000e+01
1.680080647462586641e+09,1.615200000000000000e+04,3.000000000000000000e+02,3.720000000000000000e+02,-6.690000000000000000e+02,5.700000000000000000e+01,4.200000000000000000e+01
1.680080647463634014e+09,1.620800000000000000e+04,3.280000000000000000e+02,4.200000000000000000e+02,-6.440000000000000000e+02,4.100000000000000000e+01,3.800000000000000000e+01
1.680080647464498997e+09,1.622000000000000000e+04,3.280000000000000000e+02,2.240000000000000000e+02,-6.410000000000000000e+02,1.800000000000000000e+01,3.500000000000000000e+01
1.680080647465286255e+09,1.617200000000000000e+04,3.040000000000000000e+02,2.240000000000000000e+02,-6.580000000000000000e+02,1.000000000000000000e+00,3.100000000000000000e+01
1.680080647466037512e+09,1.613600000000000000e+04,3.320000000000000000e+02,2.280000000000000000e+02,-6.200000000000000000e+02,2.300000000000000000e+01,2.800000000000000000e+01
1.680080647467621803e+09,1.619200000000000000e+04,2.800000000000000000e+02,3.640000000000000000e+02,-5.980000000000000000e+02,4.300000000000000000e+01,2.900000000000000000e+01
1.680080647468737364e+09,1.613600000000000000e+04,3.000000000000000000e+02,2.000000000000000000e+02,-6.590000000000000000e+02,5.600000000000000000e+01,2.900000000000000000e+01
1.680080647469527721e+09,1.613600000000000000e+04,3.000000000000000000e+02,2.000000000000000000e+02,-6.620000000000000000e+02,3.600000000000000000e+01,4.400000000000000000e+01
1.680080647471915007e+09,1.622400000000000000e+04,2.560000000000000000e+02,2.720000000000000000e+02,-6.420000000000000000e+02,3.400000000000000000e+01,1.300000000000000000e+01
1.680080647472744465e+09,1.625600000000000000e+04,2.760000000000000000e+02,3.640000000000000000e+02,-6.290000000000000000e+02,3.500000000000000000e+01,5.000000000000000000e+00
1.680080647473519564e+09,1.625600000000000000e+04,2.760000000000000000e+02,3.640000000000000000e+02,-6.260000000000000000e+02,3.700000000000000000e+01,1.900000000000000000e+01
1.680080647474447250e+09,1.629600000000000000e+04,3.400000000000000000e+02,4.160000000000000000e+02,-6.310000000000000000e+02,4.000000000000000000e+01,4.300000000000000000e+01
1.680080647475210905e+09,1.617600000000000000e+04,3.080000000000000000e+02,3.720000000000000000e+02,-6.340000000000000000e+02,3.800000000000000000e+01,4.200000000000000000e+01
1.680080647475988388e+09,1.622000000000000000e+04,2.840000000000000000e+02,3.400000000000000000e+02,-6.290000000000000000e+02,3.500000000000000000e+01,2.600000000000000000e+01
1.680080647476768255e+09,1.621200000000000000e+04,3.280000000000000000e+02,3.040000000000000000e+02,-6.170000000000000000e+02,2.500000000000000000e+01,2.500000000000000000e+01
1.680080647477795601e+09,1.621200000000000000e+04,3.280000000000000000e+02,3.040000000000000000e+02,-6.370000000000000000e+02,3.100000000000000000e+01,3.500000000000000000e+01
1.680080647478559256e+09,1.618800000000000000e+04,3.080000000000000000e+02,2.200000000000000000e+02,-6.430000000000000000e+02,1.100000000000000000e+01,1.900000000000000000e+01
1.680080647479339600e+09,1.619200000000000000e+04,2.560000000000000000e+02,2.960000000000000000e+02,-6.180000000000000000e+02,1.800000000000000000e+01,7.000000000000000000e+00
1.680080647480180740e+09,1.612800000000000000e+04,2.640000000000000000e+02,3.160000000000000000e+02,-6.070000000000000000e+02,4.300000000000000000e+01,2.700000000000000000e+01
1.680080647481113434e+09,1.615200000000000000e+04,2.840000000000000000e+02,1.880000000000000000e+02,-6.230000000000000000e+02,6.300000000000000000e+01,3.300000000000000000e+01
1.680080647481871367e+09,1.618400000000000000e+04,2.720000000000000000e+02,2.800000000000000000e+02,-6.590000000000000000e+02,3.800000000000000000e+01,3.500000000000000000e+01
1.680080647482648849e+09,1.615200000000000000e+04,2.880000000000000000e+02,4.040000000000000000e+02,-6.610000000000000000e+02,2.700000000000000000e+01,2.600000000000000000e+01
1.680080647483392477e+09,1.615200000000000000e+04,2.880000000000000000e+02,4.040000000000000000e+02,-6.310000000000000000e+02,1.900000000000000000e+01,2.500000000000000000e+01
1.680080647484457493e+09,1.618800000000000000e+04,3.360000000000000000e+02,2.200000000000000000e+02,-6.240000000000000000e+02,3.100000000000000000e+01,4.000000000000000000e+01
1.680080647485210657e+09,1.609200000000000000e+04,3.760000000000000000e+02,3.720000000000000000e+02,-6.480000000000000000e+02,4.000000000000000000e+01,4.800000000000000000e+01
1.680080647486009598e+09,1.615600000000000000e+04,3.400000000000000000e+02,4.040000000000000000e+02,-6.310000000000000000e+02,3.200000000000000000e+01,4.000000000000000000e+01
1.680080647486785889e+09,1.613200000000000000e+04,2.440000000000000000e+02,2.960000000000000000e+02,-5.960000000000000000e+02,3.600000000000000000e+01,3.100000000000000000e+01
1.680080647487869263e+09,1.616000000000000000e+04,3.000000000000000000e+02,4.040000000000000000e+02,-6.050000000000000000e+02,6.000000000000000000e+01,2.800000000000000000e+01
1.680080647488705635e+09,1.617600000000000000e+04,1.960000000000000000e+02,5.160000000000000000e+02,-6.410000000000000000e+02,6.700000000000000000e+01,2.700000000000000000e+01
1.680080647489628315e+09,1.617600000000000000e+04,1.960000000000000000e+02,5.160000000000000000e+02,-6.630000000000000000e+02,4.800000000000000000e+01,9.000000000000000000e+00
1.680080647490639925e+09,1.620400000000000000e+04,1.720000000000000000e+02,4.760000000000000000e+02,-6.370000000000000000e+02,2.200000000000000000e+01,1.900000000000000000e+01
1.680080647491401672e+09,1.626400000000000000e+04,2.520000000000000000e+02,3.600000000000000000e+02,-6.120000000000000000e+02,4.500000000000000000e+01,3.700000000000000000e+01
1.680080647492331982e+09,1.624400000000000000e+04,3.160000000000000000e+02,2.760000000000000000e+02,-6.320000000000000000e+02,5.700000000000000000e+01,4.600000000000000000e+01
1.680080647493126631e+09,1.616000000000000000e+04,3.720000000000000000e+02,3.000000000000000000e+02,-6.500000000000000000e+02,4.600000000000000000e+01,4.500000000000000000e+01
1.680080647494047403e+09,1.618400000000000000e+04,3.960000000000000000e+02,2.360000000000000000e+02,-6.350000000000000000e+02,3.700000000000000000e+01,4.200000000000000000e+01
1.680080647494804621e+09,1.619200000000000000e+04,2.680000000000000000e+02,3.800000000000000000e+02,-6.200000000000000000e+02,2.900000000000000000e+01,3.100000000000000000e+01
1.680080647495682001e+09,1.619600000000000000e+04,4.480000000000000000e+02,3.040000000000000000e+02,-6.320000000000000000e+02,8.000000000000000000e+00,2.200000000000000000e+01
1.680080647496465683e+09,1.619600000000000000e+04,4.480000000000000000e+02,3.040000000000000000e+02,-6.270000000000000000e+02,4.000000000000000000e+00,2.800000000000000000e+01
1.680080647497392654e+09,1.611200000000000000e+04,3.520000000000000000e+02,2.280000000000000000e+02,-5.970000000000000000e+02,1.700000000000000000e+01,3.900000000000000000e+01
1.680080647498148918e+09,1.619600000000000000e+04,3.480000000000000000e+02,3.160000000000000000e+02,-6.030000000000000000e+02,5.100000000000000000e+01,4.400000000000000000e+01
1.680080647499190331e+09,1.626800000000000000e+04,4.080000000000000000e+02,3.760000000000000000e+02,-6.410000000000000000e+02,7.000000000000000000e+01,5.200000000000000000e+01
1.680080647500118732e+09,1.612000000000000000e+04,2.480000000000000000e+02,3.680000000000000000e+02,-6.690000000000000000e+02,4.700000000000000000e+01,4.800000000000000000e+01
1.680080647500877619e+09,1.609200000000000000e+04,2.480000000000000000e+02,2.840000000000000000e+02,-6.390000000000000000e+02,2.400000000000000000e+01,3.000000000000000000e+01
1.680080647501631260e+09,1.609600000000000000e+04,3.560000000000000000e+02,3.160000000000000000e+02,-6.030000000000000000e+02,2.500000000000000000e+01,1.100000000000000000e+01
1.680080647502391815e+09,1.609600000000000000e+04,3.560000000000000000e+02,3.160000000000000000e+02,-5.920000000000000000e+02,5.100000000000000000e+01,-1.100000000000000000e+01
1.680080647503458500e+09,1.614800000000000000e+04,2.680000000000000000e+02,4.040000000000000000e+02,-6.270000000000000000e+02,8.500000000000000000e+01,-1.300000000000000000e+01
1.680080647504224539e+09,1.616000000000000000e+04,3.440000000000000000e+02,2.880000000000000000e+02,-6.650000000000000000e+02,6.200000000000000000e+01,6.000000000000000000e+00
1.680080647505002499e+09,1.615200000000000000e+04,3.360000000000000000e+02,2.600000000000000000e+02,-6.510000000000000000e+02,1.800000000000000000e+01,2.200000000000000000e+01
1.680080647505857706e+09,1.614800000000000000e+04,3.080000000000000000e+02,3.200000000000000000e+02,-6.040000000000000000e+02,1.800000000000000000e+01,4.900000000000000000e+01
1.680080647506906271e+09,1.624400000000000000e+04,3.640000000000000000e+02,2.640000000000000000e+02,-6.000000000000000000e+02,3.700000000000000000e+01,5.900000000000000000e+01
1.680080647507767200e+09,1.623600000000000000e+04,4.200000000000000000e+02,3.080000000000000000e+02,-6.510000000000000000e+02,4.700000000000000000e+01,3.900000000000000000e+01
1.680080647508532524e+09,1.615600000000000000e+04,3.440000000000000000e+02,2.640000000000000000e+02,-6.630000000000000000e+02,3.200000000000000000e+01,2.700000000000000000e+01
1.680080647509292603e+09,1.615600000000000000e+04,3.440000000000000000e+02,2.640000000000000000e+02,-6.490000000000000000e+02,2.900000000000000000e+01,3.000000000000000000e+01
1.680080647510196447e+09,1.616000000000000000e+04,4.280000000000000000e+02,3.840000000000000000e+02,-6.210000000000000000e+02,5.000000000000000000e+01,3.700000000000000000e+01
1.680080647510940790e+09,1.616000000000000000e+04,3.120000000000000000e+02,4.800000000000000000e+02,-6.160000000000000000e+02,4.800000000000000000e+01,3.600000000000000000e+01
1.680080647511860132e+09,1.618400000000000000e+04,3.560000000000000000e+02,4.000000000000000000e+02,-6.400000000000000000e+02,6.000000000000000000e+00,3.000000000000000000e+01
1.680080647512618303e+09,1.612000000000000000e+04,3.760000000000000000e+02,3.440000000000000000e+02,-6.140000000000000000e+02,9.000000000000000000e+00,3.400000000000000000e+01
1.680080647513636112e+09,1.608800000000000000e+04,3.120000000000000000e+02,2.120000000000000000e+02,-5.980000000000000000e+02,4.400000000000000000e+01,4.400000000000000000e+01
1.680080647514498234e+09,1.608800000000000000e+04,3.120000000000000000e+02,2.120000000000000000e+02,-6.270000000000000000e+02,6.100000000000000000e+01,1.500000000000000000e+01
1.680080647515256166e+09,1.612800000000000000e+04,3.560000000000000000e+02,3.920000000000000000e+02,-6.540000000000000000e+02,4.400000000000000000e+01,7.000000000000000000e+00
1.680080647516155958e+09,1.614400000000000000e+04,3.520000000000000000e+02,4.440000000000000000e+02,-6.550000000000000000e+02,2.100000000000000000e+01,1.200000000000000000e+01
1.680080647516944408e+09,1.617600000000000000e+04,2.600000000000000000e+02,3.200000000000000000e+02,-6.260000000000000000e+02,1.700000000000000000e+01,4.400000000000000000e+01
1.680080647517813921e+09,1.603200000000000000e+04,2.400000000000000000e+02,2.600000000000000000e+02,-6.150000000000000000e+02,4.600000000000000000e+01,4.600000000000000000e+01
1.680080647518598318e+09,1.616000000000000000e+04,2.680000000000000000e+02,4.120000000000000000e+02,-6.460000000000000000e+02,4.500000000000000000e+01,4.000000000000000000e+01
1.680080647519513130e+09,1.616000000000000000e+04,2.680000000000000000e+02,4.120000000000000000e+02,-6.670000000000000000e+02,2.900000000000000000e+01,2.500000000000000000e+01
1.680080647520270348e+09,1.626000000000000000e+04,3.560000000000000000e+02,3.560000000000000000e+02,-6.310000000000000000e+02,2.500000000000000000e+01,7.000000000000000000e+00
1.680080647521146774e+09,1.621200000000000000e+04,3.040000000000000000e+02,3.760000000000000000e+02,-6.120000000000000000e+02,3.300000000000000000e+01,9.000000000000000000e+00
1.680080647521910667e+09,1.617600000000000000e+04,3.000000000000000000e+02,2.960000000000000000e+02,-6.140000000000000000e+02,4.200000000000000000e+01,3.200000000000000000e+01
1.680080647522807837e+09,1.620800000000000000e+04,3.840000000000000000e+02,2.440000000000000000e+02,-6.380000000000000000e+02,5.900000000000000000e+01,3.400000000000000000e+01
1.680080647523675442e+09,1.627600000000000000e+04,3.520000000000000000e+02,2.720000000000000000e+02,-6.610000000000000000e+02,4.300000000000000000e+01,3.400000000000000000e+01
1.680080647524494171e+09,1.625600000000000000e+04,3.600000000000000000e+02,2.920000000000000000e+02,-6.370000000000000000e+02,3.700000000000000000e+01,4.200000000000000000e+01
1.680080647525254726e+09,1.625600000000000000e+04,3.600000000000000000e+02,2.920000000000000000e+02,-6.400000000000000000e+02,3.800000000000000000e+01,4.400000000000000000e+01
1.680080647526220322e+09,1.608400000000000000e+04,3.360000000000000000e+02,2.960000000000000000e+02,-6.560000000000000000e+02,2.900000000000000000e+01,3.600000000000000000e+01
1.680080647527127504e+09,1.611200000000000000e+04,2.680000000000000000e+02,2.840000000000000000e+02,-6.390000000000000000e+02,2.200000000000000000e+01,2.500000000000000000e+01
1.680080647527991295e+09,1.611200000000000000e+04,2.760000000000000000e+02,3.760000000000000000e+02,-6.210000000000000000e+02,3.400000000000000000e+01,2.600000000000000000e+01
1.680080647528744221e+09,1.620400000000000000e+04,4.040000000000000000e+02,3.880000000000000000e+02,-6.390000000000000000e+02,3.600000000000000000e+01,2.600000000000000000e+01
1.680080647529850483e+09,1.620400000000000000e+04,3.440000000000000000e+02,3.440000000000000000e+02,-6.410000000000000000e+02,2.400000000000000000e+01,2.800000000000000000e+01
1.680080647530627012e+09,1.630400000000000000e+04,3.600000000000000000e+02,2.120000000000000000e+02,-6.280000000000000000e+02,3.800000000000000000e+01,2.700000000000000000e+01
1.680080647531378746e+09,1.630400000000000000e+04,3.600000000000000000e+02,2.120000000000000000e+02,-6.240000000000000000e+02,4.200000000000000000e+01,3.500000000000000000e+01
1.680080647532303333e+09,1.616000000000000000e+04,3.480000000000000000e+02,2.040000000000000000e+02,-6.380000000000000000e+02,2.600000000000000000e+01,4.700000000000000000e+01
1.680080647533082724e+09,1.615600000000000000e+04,3.120000000000000000e+02,1.680000000000000000e+02,-6.260000000000000000e+02,2.700000000000000000e+01,4.000000000000000000e+01
1.680080647533857346e+09,1.615200000000000000e+04,3.120000000000000000e+02,2.280000000000000000e+02,-6.120000000000000000e+02,4.700000000000000000e+01,3.500000000000000000e+01
1.680080647534608364e+09,1.618800000000000000e+04,3.320000000000000000e+02,3.440000000000000000e+02,-6.170000000000000000e+02,6.900000000000000000e+01,3.500000000000000000e+01
1.680080647535509109e+09,1.618800000000000000e+04,3.320000000000000000e+02,3.440000000000000000e+02,-6.500000000000000000e+02,5.300000000000000000e+01,3.800000000000000000e+01
1.680080647536300182e+09,1.613600000000000000e+04,3.800000000000000000e+02,4.720000000000000000e+02,-6.510000000000000000e+02,4.500000000000000000e+01,3.700000000000000000e+01
1.680080647537118435e+09,1.617200000000000000e+04,2.320000000000000000e+02,3.200000000000000000e+02,-6.350000000000000000e+02,6.100000000000000000e+01,4.600000000000000000e+01
1.680080647537883043e+09,1.622400000000000000e+04,2.720000000000000000e+02,3.640000000000000000e+02,-6.510000000000000000e+02,5.300000000000000000e+01,5.300000000000000000e+01
1.680080647538781643e+09,1.617600000000000000e+04,3.400000000000000000e+02,3.160000000000000000e+02,-6.550000000000000000e+02,2.400000000000000000e+01,4.700000000000000000e+01
1.680080647539643764e+09,1.614800000000000000e+04,3.520000000000000000e+02,2.280000000000000000e+02,-6.000000000000000000e+02,1.900000000000000000e+01,4.200000000000000000e+01
1.680080647540417910e+09,1.618000000000000000e+04,3.160000000000000000e+02,2.720000000000000000e+02,-5.750000000000000000e+02,4.700000000000000000e+01,5.100000000000000000e+01
1.680080647541167259e+09,1.618000000000000000e+04,3.160000000000000000e+02,2.720000000000000000e+02,-6.030000000000000000e+02,5.900000000000000000e+01,5.200000000000000000e+01
1.680080647542062759e+09,1.627600000000000000e+04,3.560000000000000000e+02,3.600000000000000000e+02,-6.600000000000000000e+02,5.100000000000000000e+01,5.000000000000000000e+01
1.680080647542951584e+09,1.622000000000000000e+04,2.640000000000000000e+02,3.240000000000000000e+02,-6.700000000000000000e+02,3.900000000000000000e+01,5.800000000000000000e+01
1.680080647543736458e+09,1.619200000000000000e+04,3.080000000000000000e+02,3.360000000000000000e+02,-6.210000000000000000e+02,4.200000000000000000e+01,4.200000000000000000e+01
1.680080647544485092e+09,1.615600000000000000e+04,2.600000000000000000e+02,3.240000000000000000e+02,-6.010000000000000000e+02,4.800000000000000000e+01,2.700000000000000000e+01
1.680080647545385361e+09,1.615600000000000000e+04,2.600000000000000000e+02,3.240000000000000000e+02,-6.210000000000000000e+02,5.400000000000000000e+01,1.700000000000000000e+01
1.680080647546855211e+09,1.618800000000000000e+04,2.680000000000000000e+02,3.440000000000000000e+02,-6.550000000000000000e+02,3.600000000000000000e+01,4.000000000000000000e+01
1.680080647547772169e+09,1.626400000000000000e+04,3.160000000000000000e+02,3.160000000000000000e+02,-6.190000000000000000e+02,4.400000000000000000e+01,3.800000000000000000e+01
1.680080647548611879e+09,1.624000000000000000e+04,2.720000000000000000e+02,2.720000000000000000e+02,-6.150000000000000000e+02,5.200000000000000000e+01,3.900000000000000000e+01
1.680080647549407959e+09,1.617600000000000000e+04,3.400000000000000000e+02,3.880000000000000000e+02,-6.340000000000000000e+02,3.700000000000000000e+01,3.400000000000000000e+01
1.680080647550381422e+09,1.614800000000000000e+04,3.320000000000000000e+02,2.560000000000000000e+02,-6.240000000000000000e+02,1.400000000000000000e+01,2.000000000000000000e+01
1.680080647551271200e+09,1.614800000000000000e+04,3.320000000000000000e+02,2.560000000000000000e+02,-5.950000000000000000e+02,1.900000000000000000e+01,2.600000000000000000e+01
1.680080647552053213e+09,1.613600000000000000e+04,2.920000000000000000e+02,3.320000000000000000e+02,-6.010000000000000000e+02,3.200000000000000000e+01,3.800000000000000000e+01
1.680080647552814007e+09,1.608000000000000000e+04,3.360000000000000000e+02,3.560000000000000000e+02,-6.280000000000000000e+02,5.000000000000000000e+01,5.700000000000000000e+01
1.680080647553565025e+09,1.621200000000000000e+04,2.920000000000000000e+02,3.760000000000000000e+02,-6.630000000000000000e+02,4.400000000000000000e+01,5.800000000000000000e+01
1.680080647554320097e+09,1.621200000000000000e+04,2.920000000000000000e+02,3.760000000000000000e+02,-6.760000000000000000e+02,2.800000000000000000e+01,4.800000000000000000e+01
1.680080647555084944e+09,1.615200000000000000e+04,2.000000000000000000e+02,2.840000000000000000e+02,-6.280000000000000000e+02,2.900000000000000000e+01,3.400000000000000000e+01
1.680080647555946589e+09,1.608400000000000000e+04,2.560000000000000000e+02,3.280000000000000000e+02,-6.080000000000000000e+02,3.600000000000000000e+01,3.300000000000000000e+01
1.680080647556749582e+09,1.608800000000000000e+04,3.200000000000000000e+02,3.320000000000000000e+02,-6.280000000000000000e+02,4.700000000000000000e+01,2.500000000000000000e+01
1.680080647557512760e+09,1.603600000000000000e+04,3.240000000000000000e+02,4.160000000000000000e+02,-6.470000000000000000e+02,4.800000000000000000e+01,2.400000000000000000e+01
1.680080647558277130e+09,1.603600000000000000e+04,3.240000000000000000e+02,4.160000000000000000e+02,-6.670000000000000000e+02,2.700000000000000000e+01,2.200000000000000000e+01
1.680080647559034348e+09,1.619600000000000000e+04,3.840000000000000000e+02,4.920000000000000000e+02,-6.330000000000000000e+02,2.500000000000000000e+01,1.300000000000000000e+01
1.680080647559893608e+09,1.632000000000000000e+04,3.320000000000000000e+02,3.800000000000000000e+02,-5.930000000000000000e+02,3.800000000000000000e+01,1.700000000000000000e+01
1.680080647560756683e+09,1.623200000000000000e+04,3.080000000000000000e+02,5.240000000000000000e+02,-6.000000000000000000e+02,3.900000000000000000e+01,2.900000000000000000e+01
1.680080647561527729e+09,1.619600000000000000e+04,3.760000000000000000e+02,3.840000000000000000e+02,-6.370000000000000000e+02,4.600000000000000000e+01,3.400000000000000000e+01
1.680080647562278748e+09,1.619600000000000000e+04,3.760000000000000000e+02,3.840000000000000000e+02,-6.800000000000000000e+02,4.500000000000000000e+01,1.600000000000000000e+01
1.680080647563045740e+09,1.618400000000000000e+04,3.560000000000000000e+02,4.160000000000000000e+02,-6.900000000000000000e+02,3.700000000000000000e+01,0.000000000000000000e+00
1.680080647563939333e+09,1.621600000000000000e+04,3.720000000000000000e+02,3.640000000000000000e+02,-6.420000000000000000e+02,3.900000000000000000e+01,5.000000000000000000e+00
1.680080647564716101e+09,1.620400000000000000e+04,3.880000000000000000e+02,3.680000000000000000e+02,-6.120000000000000000e+02,3.700000000000000000e+01,3.200000000000000000e+01
1.680080647565469980e+09,1.622800000000000000e+04,2.640000000000000000e+02,2.720000000000000000e+02,-6.070000000000000000e+02,4.200000000000000000e+01,4.400000000000000000e+01
1.680080647566420078e+09,1.622800000000000000e+04,2.640000000000000000e+02,2.720000000000000000e+02,-6.380000000000000000e+02,4.200000000000000000e+01,4.500000000000000000e+01
1.680080647567334652e+09,1.627200000000000000e+04,4.120000000000000000e+02,4.560000000000000000e+02,-6.660000000000000000e+02,3.500000000000000000e+01,2.600000000000000000e+01
1.680080647568100214e+09,1.627200000000000000e+04,4.120000000000000000e+02,4.560000000000000000e+02,-6.310000000000000000e+02,2.000000000000000000e+01,1.900000000000000000e+01
1.680080647568858862e+09,1.630400000000000000e+04,3.600000000000000000e+02,3.440000000000000000e+02,-6.190000000000000000e+02,3.000000000000000000e+01,2.400000000000000000e+01
1.680080647569606543e+09,1.623600000000000000e+04,2.600000000000000000e+02,4.120000000000000000e+02,-6.350000000000000000e+02,4.700000000000000000e+01,2.900000000000000000e+01
1.680080647570366859e+09,1.617600000000000000e+04,2.720000000000000000e+02,3.040000000000000000e+02,-6.220000000000000000e+02,5.500000000000000000e+01,3.800000000000000000e+01
1.680080647571321011e+09,1.617600000000000000e+04,2.720000000000000000e+02,3.040000000000000000e+02,-6.030000000000000000e+02,4.700000000000000000e+01,3.200000000000000000e+01
1.680080647572213650e+09,1.624400000000000000e+04,3.400000000000000000e+02,3.240000000000000000e+02,-6.270000000000000000e+02,2.700000000000000000e+01,4.300000000000000000e+01
1.680080647572985172e+09,1.619200000000000000e+04,4.120000000000000000e+02,4.240000000000000000e+02,-6.280000000000000000e+02,1.400000000000000000e+01,3.800000000000000000e+01
1.680080647573752165e+09,1.624400000000000000e+04,3.520000000000000000e+02,2.560000000000000000e+02,-6.150000000000000000e+02,2.900000000000000000e+01,3.200000000000000000e+01
1.680080647574516773e+09,1.628800000000000000e+04,3.440000000000000000e+02,2.720000000000000000e+02,-6.270000000000000000e+02,3.200000000000000000e+01,4.000000000000000000e+01
1.680080647575274229e+09,1.632000000000000000e+04,3.000000000000000000e+02,3.480000000000000000e+02,-6.590000000000000000e+02,2.700000000000000000e+01,4.100000000000000000e+01
1.680080647576509953e+09,1.632000000000000000e+04,3.000000000000000000e+02,3.480000000000000000e+02,-6.380000000000000000e+02,5.000000000000000000e+01,4.300000000000000000e+01
1.680080647577414036e+09,1.626000000000000000e+04,2.400000000000000000e+02,3.240000000000000000e+02,-6.410000000000000000e+02,5.300000000000000000e+01,4.000000000000000000e+01
1.680080647578322172e+09,1.626000000000000000e+04,2.400000000000000000e+02,3.240000000000000000e+02,-6.700000000000000000e+02,3.700000000000000000e+01,2.900000000000000000e+01
1.680080647579320431e+09,1.630000000000000000e+04,3.640000000000000000e+02,1.400000000000000000e+02,-6.300000000000000000e+02,2.700000000000000000e+01,2.400000000000000000e+01
1.680080647580151081e+09,1.622400000000000000e+04,2.920000000000000000e+02,2.840000000000000000e+02,-5.820000000000000000e+02,4.300000000000000000e+01,3.200000000000000000e+01
1.680080647580931664e+09,1.622800000000000000e+04,2.640000000000000000e+02,3.120000000000000000e+02,-5.940000000000000000e+02,5.300000000000000000e+01,4.100000000000000000e+01
1.680080647581696033e+09,1.610800000000000000e+04,3.320000000000000000e+02,2.440000000000000000e+02,-6.360000000000000000e+02,4.200000000000000000e+01,4.000000000000000000e+01
1.680080647582759857e+09,1.612800000000000000e+04,3.080000000000000000e+02,3.040000000000000000e+02,-6.680000000000000000e+02,2.200000000000000000e+01,3.600000000000000000e+01
1.680080647583563328e+09,1.610400000000000000e+04,2.800000000000000000e+02,4.680000000000000000e+02,-6.280000000000000000e+02,1.500000000000000000e+01,4.400000000000000000e+01
1.680080647584333420e+09,1.617200000000000000e+04,3.680000000000000000e+02,3.800000000000000000e+02,-5.970000000000000000e+02,1.800000000000000000e+01,3.800000000000000000e+01
1.680080647585095167e+09,1.617200000000000000e+04,3.680000000000000000e+02,3.800000000000000000e+02,-6.040000000000000000e+02,2.400000000000000000e+01,4.100000000000000000e+01
1.680080647585846424e+09,1.626800000000000000e+04,3.320000000000000000e+02,3.120000000000000000e+02,-6.370000000000000000e+02,2.200000000000000000e+01,3.500000000000000000e+01
1.680080647586620331e+09,1.619600000000000000e+04,2.960000000000000000e+02,3.400000000000000000e+02,-6.500000000000000000e+02,1.800000000000000000e+01,2.300000000000000000e+01
1.680080647587529182e+09,1.624000000000000000e+04,3.440000000000000000e+02,2.720000000000000000e+02,-6.320000000000000000e+02,4.900000000000000000e+01,1.000000000000000000e+01
1.680080647588293552e+09,1.615200000000000000e+04,3.280000000000000000e+02,2.200000000000000000e+02,-6.220000000000000000e+02,5.100000000000000000e+01,1.300000000000000000e+01
1.680080647589057446e+09,1.615200000000000000e+04,3.280000000000000000e+02,2.200000000000000000e+02,-6.000000000000000000e+02,4.100000000000000000e+01,2.700000000000000000e+01
1.680080647589807034e+09,1.616400000000000000e+04,3.440000000000000000e+02,2.920000000000000000e+02,-6.010000000000000000e+02,3.200000000000000000e+01,1.800000000000000000e+01
1.680080647590569258e+09,1.604400000000000000e+04,3.200000000000000000e+02,4.520000000000000000e+02,-6.220000000000000000e+02,3.000000000000000000e+01,2.900000000000000000e+01
1.680080647591426611e+09,1.615200000000000000e+04,2.600000000000000000e+02,4.440000000000000000e+02,-6.190000000000000000e+02,4.200000000000000000e+01,4.300000000000000000e+01
1.680080647592376947e+09,1.612400000000000000e+04,3.360000000000000000e+02,4.560000000000000000e+02,-6.510000000000000000e+02,4.300000000000000000e+01,5.200000000000000000e+01
1.680080647593137264e+09,1.612400000000000000e+04,3.360000000000000000e+02,4.560000000000000000e+02,-6.740000000000000000e+02,3.000000000000000000e+01,5.900000000000000000e+01
1.680080647593892574e+09,1.611600000000000000e+04,3.360000000000000000e+02,2.280000000000000000e+02,-6.350000000000000000e+02,2.100000000000000000e+01,4.600000000000000000e+01
1.680080647594653606e+09,1.610400000000000000e+04,3.360000000000000000e+02,1.720000000000000000e+02,-6.020000000000000000e+02,2.000000000000000000e+01,3.000000000000000000e+01
1.680080647595597982e+09,1.625200000000000000e+04,3.600000000000000000e+02,3.640000000000000000e+02,-6.340000000000000000e+02,1.600000000000000000e+01,3.000000000000000000e+01
1.680080647596427202e+09,1.627200000000000000e+04,3.080000000000000000e+02,2.920000000000000000e+02,-6.640000000000000000e+02,2.400000000000000000e+01,2.800000000000000000e+01
1.680080647597203970e+09,1.620400000000000000e+04,3.000000000000000000e+02,2.960000000000000000e+02,-6.500000000000000000e+02,5.100000000000000000e+01,3.400000000000000000e+01
1.680080647597968578e+09,1.620400000000000000e+04,3.000000000000000000e+02,2.960000000000000000e+02,-6.300000000000000000e+02,6.700000000000000000e+01,4.600000000000000000e+01
1.680080647598730087e+09,1.619600000000000000e+04,3.000000000000000000e+02,2.880000000000000000e+02,-6.380000000000000000e+02,5.600000000000000000e+01,4.700000000000000000e+01
1.680080647599586964e+09,1.620400000000000000e+04,2.840000000000000000e+02,4.040000000000000000e+02,-6.480000000000000000e+02,3.500000000000000000e+01,3.000000000000000000e+01
1.680080647600352526e+09,1.627200000000000000e+04,3.560000000000000000e+02,3.760000000000000000e+02,-6.330000000000000000e+02,2.400000000000000000e+01,2.300000000000000000e+01
1.680080647601109982e+09,1.627200000000000000e+04,3.560000000000000000e+02,3.760000000000000000e+02,-6.020000000000000000e+02,3.300000000000000000e+01,2.000000000000000000e+01
1.680080647601861477e+09,1.623200000000000000e+04,4.040000000000000000e+02,4.200000000000000000e+02,-5.990000000000000000e+02,4.700000000000000000e+01,2.500000000000000000e+01
1.680080647602620363e+09,1.614800000000000000e+04,3.760000000000000000e+02,3.560000000000000000e+02,-6.250000000000000000e+02,4.200000000000000000e+01,1.600000000000000000e+01
1.680080647603381395e+09,1.622800000000000000e+04,3.080000000000000000e+02,2.120000000000000000e+02,-6.350000000000000000e+02,3.600000000000000000e+01,2.000000000000000000e+01
1.680080647604244709e+09,1.608400000000000000e+04,3.440000000000000000e+02,3.440000000000000000e+02,-6.310000000000000000e+02,3.900000000000000000e+01,2.700000000000000000e+01
1.680080647605010509e+09,1.608400000000000000e+04,3.440000000000000000e+02,3.440000000000000000e+02,-6.370000000000000000e+02,1.800000000000000000e+01,3.000000000000000000e+01
1.680080647605763435e+09,1.609200000000000000e+04,2.800000000000000000e+02,3.000000000000000000e+02,-6.250000000000000000e+02,6.000000000000000000e+00,3.300000000000000000e+01
1.680080647606587648e+09,1.617200000000000000e+04,3.480000000000000000e+02,2.720000000000000000e+02,-6.080000000000000000e+02,1.700000000000000000e+01,4.600000000000000000e+01
1.680080647607467175e+09,1.621600000000000000e+04,4.320000000000000000e+02,3.800000000000000000e+02,-5.960000000000000000e+02,4.700000000000000000e+01,3.700000000000000000e+01
1.680080647608232260e+09,1.612000000000000000e+04,3.520000000000000000e+02,2.840000000000000000e+02,-6.210000000000000000e+02,6.200000000000000000e+01,3.100000000000000000e+01
1.680080647609033823e+09,1.612000000000000000e+04,3.520000000000000000e+02,2.840000000000000000e+02,-6.570000000000000000e+02,5.800000000000000000e+01,1.900000000000000000e+01
1.680080647609806776e+09,1.619600000000000000e+04,2.320000000000000000e+02,2.720000000000000000e+02,-6.900000000000000000e+02,3.700000000000000000e+01,1.900000000000000000e+01
1.680080647610570669e+09,1.617200000000000000e+04,2.800000000000000000e+02,2.840000000000000000e+02,-6.540000000000000000e+02,2.700000000000000000e+01,3.100000000000000000e+01
1.680080647611332178e+09,1.608800000000000000e+04,3.240000000000000000e+02,2.640000000000000000e+02,-6.210000000000000000e+02,3.200000000000000000e+01,3.000000000000000000e+01
1.680080647612112999e+09,1.609600000000000000e+04,3.480000000000000000e+02,3.200000000000000000e+02,-6.240000000000000000e+02,5.300000000000000000e+01,3.700000000000000000e+01
1.680080647612956762e+09,1.609600000000000000e+04,3.480000000000000000e+02,3.200000000000000000e+02,-6.310000000000000000e+02,5.700000000000000000e+01,4.100000000000000000e+01
1.680080647613846779e+09,1.619200000000000000e+04,3.000000000000000000e+02,2.560000000000000000e+02,-6.590000000000000000e+02,5.800000000000000000e+01,3.300000000000000000e+01
1.680080647614615917e+09,1.626400000000000000e+04,2.880000000000000000e+02,2.400000000000000000e+02,-6.560000000000000000e+02,5.600000000000000000e+01,2.700000000000000000e+01
1.680080647615373135e+09,1.617200000000000000e+04,2.720000000000000000e+02,2.120000000000000000e+02,-6.230000000000000000e+02,4.800000000000000000e+01,3.200000000000000000e+01
1.680080647616173744e+09,1.610000000000000000e+04,3.440000000000000000e+02,3.280000000000000000e+02,-6.180000000000000000e+02,2.000000000000000000e+01,3.500000000000000000e+01
1.680080647617188931e+09,1.607200000000000000e+04,3.200000000000000000e+02,3.760000000000000000e+02,-6.280000000000000000e+02,1.900000000000000000e+01,4.000000000000000000e+01
1.680080647617950201e+09,1.607200000000000000e+04,3.200000000000000000e+02,3.760000000000000000e+02,-6.170000000000000000e+02,4.200000000000000000e+01,4.300000000000000000e+01
1.680080647618713379e+09,1.618800000000000000e+04,2.320000000000000000e+02,3.040000000000000000e+02,-6.250000000000000000e+02,4.500000000000000000e+01,4.500000000000000000e+01
1.680080647619475603e+09,1.614000000000000000e+04,3.240000000000000000e+02,2.400000000000000000e+02,-6.370000000000000000e+02,2.500000000000000000e+01,3.500000000000000000e+01
1.680080647620537281e+09,1.624800000000000000e+04,3.320000000000000000e+02,4.440000000000000000e+02,-6.400000000000000000e+02,3.000000000000000000e+00,1.300000000000000000e+01
1.680080647621317148e+09,1.620000000000000000e+04,2.800000000000000000e+02,3.360000000000000000e+02,-6.330000000000000000e+02,1.900000000000000000e+01,-4.000000000000000000e+00
1.680080647622100830e+09,1.624000000000000000e+04,2.920000000000000000e+02,3.680000000000000000e+02,-6.210000000000000000e+02,5.100000000000000000e+01,2.200000000000000000e+01
1.680080647622870207e+09,1.624000000000000000e+04,2.920000000000000000e+02,3.680000000000000000e+02,-6.250000000000000000e+02,4.300000000000000000e+01,3.700000000000000000e+01
1.680080647623635054e+09,1.626400000000000000e+04,3.400000000000000000e+02,3.240000000000000000e+02,-6.480000000000000000e+02,2.300000000000000000e+01,3.600000000000000000e+01
1.680080647624491930e+09,1.625200000000000000e+04,3.160000000000000000e+02,4.440000000000000000e+02,-6.230000000000000000e+02,1.100000000000000000e+01,3.300000000000000000e+01
1.680080647625253916e+09,1.613200000000000000e+04,2.560000000000000000e+02,3.800000000000000000e+02,-6.030000000000000000e+02,2.100000000000000000e+01,2.800000000000000000e+01
1.680080647626056671e+09,1.613200000000000000e+04,2.440000000000000000e+02,3.280000000000000000e+02,-6.260000000000000000e+02,4.200000000000000000e+01,2.200000000000000000e+01
1.680080647626847744e+09,1.613200000000000000e+04,2.440000000000000000e+02,3.280000000000000000e+02,-6.570000000000000000e+02,6.300000000000000000e+01,2.800000000000000000e+01
1.680080647627604008e+09,1.614400000000000000e+04,2.120000000000000000e+02,4.040000000000000000e+02,-6.600000000000000000e+02,4.500000000000000000e+01,2.300000000000000000e+01
1.680080647628361702e+09,1.618800000000000000e+04,2.480000000000000000e+02,3.280000000000000000e+02,-6.230000000000000000e+02,1.900000000000000000e+01,2.200000000000000000e+01
1.680080647629264832e+09,1.625200000000000000e+04,3.120000000000000000e+02,2.800000000000000000e+02,-5.790000000000000000e+02,6.000000000000000000e+00,3.600000000000000000e+01
1.680080647630031824e+09,1.622000000000000000e+04,2.480000000000000000e+02,2.680000000000000000e+02,-5.870000000000000000e+02,4.500000000000000000e+01,3.200000000000000000e+01
1.680080647630801439e+09,1.622000000000000000e+04,2.480000000000000000e+02,2.680000000000000000e+02,-6.330000000000000000e+02,7.200000000000000000e+01,2.800000000000000000e+01
1.680080647631554365e+09,1.616000000000000000e+04,3.120000000000000000e+02,3.320000000000000000e+02,-6.830000000000000000e+02,5.500000000000000000e+01,2.600000000000000000e+01
1.680080647632315874e+09,1.609200000000000000e+04,3.040000000000000000e+02,2.800000000000000000e+02,-6.780000000000000000e+02,3.500000000000000000e+01,2.800000000000000000e+01
1.680080647633177996e+09,1.612000000000000000e+04,3.200000000000000000e+02,3.040000000000000000e+02,-6.320000000000000000e+02,3.800000000000000000e+01,2.600000000000000000e+01
1.680080647633940935e+09,1.612000000000000000e+04,3.200000000000000000e+02,3.040000000000000000e+02,-6.300000000000000000e+02,4.500000000000000000e+01,2.800000000000000000e+01
1.680080647634703159e+09,1.611200000000000000e+04,3.480000000000000000e+02,2.800000000000000000e+02,-6.370000000000000000e+02,5.300000000000000000e+01,3.800000000000000000e+01
1.680080647635509491e+09,1.609200000000000000e+04,3.440000000000000000e+02,3.800000000000000000e+02,-6.240000000000000000e+02,6.500000000000000000e+01,5.900000000000000000e+01
1.680080647636297703e+09,1.618000000000000000e+04,2.560000000000000000e+02,4.040000000000000000e+02,-6.180000000000000000e+02,4.700000000000000000e+01,5.900000000000000000e+01
1.680080647637254000e+09,1.620000000000000000e+04,3.080000000000000000e+02,3.880000000000000000e+02,-6.270000000000000000e+02,1.500000000000000000e+01,4.200000000000000000e+01
1.680080647638038158e+09,1.615200000000000000e+04,2.760000000000000000e+02,3.880000000000000000e+02,-6.210000000000000000e+02,7.000000000000000000e+00,2.200000000000000000e+01
1.680080647638804913e+09,1.615200000000000000e+04,2.760000000000000000e+02,3.880000000000000000e+02,-6.030000000000000000e+02,3.700000000000000000e+01,2.000000000000000000e+01
1.680080647639561176e+09,1.620000000000000000e+04,2.240000000000000000e+02,3.000000000000000000e+02,-6.250000000000000000e+02,6.200000000000000000e+01,3.700000000000000000e+01
1.680080647640353203e+09,1.626400000000000000e+04,1.960000000000000000e+02,3.480000000000000000e+02,-6.380000000000000000e+02,4.400000000000000000e+01,5.400000000000000000e+01
1.680080647641230345e+09,1.620400000000000000e+04,2.760000000000000000e+02,3.720000000000000000e+02,-6.540000000000000000e+02,1.400000000000000000e+01,5.700000000000000000e+01
1.680080647642064571e+09,1.624000000000000000e+04,2.720000000000000000e+02,4.040000000000000000e+02,-6.370000000000000000e+02,9.000000000000000000e+00,3.900000000000000000e+01
1.680080647642841816e+09,1.624000000000000000e+04,2.720000000000000000e+02,4.040000000000000000e+02,-6.420000000000000000e+02,1.000000000000000000e+01,1.600000000000000000e+01
1.680080647643593073e+09,1.622800000000000000e+04,2.960000000000000000e+02,4.360000000000000000e+02,-6.580000000000000000e+02,1.600000000000000000e+01,1.200000000000000000e+01
1.680080647644358873e+09,1.613200000000000000e+04,3.040000000000000000e+02,4.040000000000000000e+02,-6.580000000000000000e+02,1.900000000000000000e+01,3.000000000000000000e+01
1.680080647645162821e+09,1.614400000000000000e+04,3.280000000000000000e+02,4.400000000000000000e+02,-6.400000000000000000e+02,3.000000000000000000e+01,4.000000000000000000e+01
1.680080647646095514e+09,1.608800000000000000e+04,3.160000000000000000e+02,1.920000000000000000e+02,-6.290000000000000000e+02,4.400000000000000000e+01,2.900000000000000000e+01
1.680080647646892071e+09,1.608800000000000000e+04,3.160000000000000000e+02,1.920000000000000000e+02,-6.160000000000000000e+02,5.100000000000000000e+01,2.500000000000000000e+01
1.680080647647692204e+09,1.616400000000000000e+04,3.280000000000000000e+02,2.840000000000000000e+02,-6.030000000000000000e+02,5.600000000000000000e+01,3.600000000000000000e+01
1.680080647648596287e+09,1.614800000000000000e+04,3.480000000000000000e+02,4.320000000000000000e+02,-6.140000000000000000e+02,5.200000000000000000e+01,4.000000000000000000e+01
1.680080647649382830e+09,1.622000000000000000e+04,3.280000000000000000e+02,3.080000000000000000e+02,-6.520000000000000000e+02,4.900000000000000000e+01,3.000000000000000000e+01
1.680080647650299788e+09,1.626800000000000000e+04,3.600000000000000000e+02,4.120000000000000000e+02,-6.570000000000000000e+02,3.000000000000000000e+01,3.600000000000000000e+01
1.680080647651071310e+09,1.610000000000000000e+04,3.240000000000000000e+02,2.440000000000000000e+02,-6.320000000000000000e+02,3.100000000000000000e+01,5.000000000000000000e+01
1.680080647651838303e+09,1.610000000000000000e+04,3.240000000000000000e+02,2.440000000000000000e+02,-6.190000000000000000e+02,6.200000000000000000e+01,3.900000000000000000e+01
1.680080647652688026e+09,1.612800000000000000e+04,2.200000000000000000e+02,2.800000000000000000e+02,-6.340000000000000000e+02,4.400000000000000000e+01,3.800000000000000000e+01
1.680080647653445959e+09,1.618800000000000000e+04,3.240000000000000000e+02,3.880000000000000000e+02,-6.420000000000000000e+02,2.500000000000000000e+01,4.100000000000000000e+01
1.680080647654202461e+09,1.624000000000000000e+04,3.320000000000000000e+02,3.000000000000000000e+02,-6.020000000000000000e+02,3.300000000000000000e+01,4.600000000000000000e+01
1.680080647654959440e+09,1.617600000000000000e+04,3.480000000000000000e+02,1.840000000000000000e+02,-6.000000000000000000e+02,3.300000000000000000e+01,3.300000000000000000e+01
1.680080647655719757e+09,1.617600000000000000e+04,3.480000000000000000e+02,1.840000000000000000e+02,-6.280000000000000000e+02,3.700000000000000000e+01,2.000000000000000000e+01
1.680080647656508207e+09,1.608400000000000000e+04,3.000000000000000000e+02,1.440000000000000000e+02,-6.540000000000000000e+02,4.600000000000000000e+01,1.900000000000000000e+01
1.680080647657393694e+09,1.610000000000000000e+04,3.280000000000000000e+02,3.440000000000000000e+02,-6.530000000000000000e+02,3.100000000000000000e+01,2.800000000000000000e+01
1.680080647658164978e+09,1.622000000000000000e+04,3.200000000000000000e+02,3.600000000000000000e+02,-6.220000000000000000e+02,4.100000000000000000e+01,2.400000000000000000e+01
1.680080647658936262e+09,1.617600000000000000e+04,3.320000000000000000e+02,3.520000000000000000e+02,-6.180000000000000000e+02,3.800000000000000000e+01,4.000000000000000000e+01
1.680080647659687996e+09,1.617600000000000000e+04,3.320000000000000000e+02,3.520000000000000000e+02,-6.380000000000000000e+02,1.500000000000000000e+01,3.600000000000000000e+01
1.680080647660449266e+09,1.615200000000000000e+04,3.680000000000000000e+02,3.360000000000000000e+02,-6.230000000000000000e+02,1.200000000000000000e+01,3.400000000000000000e+01
1.680080647661218882e+09,1.611600000000000000e+04,3.000000000000000000e+02,1.360000000000000000e+02,-5.840000000000000000e+02,3.500000000000000000e+01,3.900000000000000000e+01
1.680080647662251472e+09,1.610000000000000000e+04,3.040000000000000000e+02,2.320000000000000000e+02,-6.380000000000000000e+02,6.600000000000000000e+01,4.800000000000000000e+01
1.680080647663119078e+09,1.619600000000000000e+04,2.280000000000000000e+02,2.640000000000000000e+02,-6.580000000000000000e+02,7.000000000000000000e+01,3.700000000000000000e+01
1.680080647663994312e+09,1.615600000000000000e+04,2.520000000000000000e+02,2.600000000000000000e+02,-6.300000000000000000e+02,4.400000000000000000e+01,2.300000000000000000e+01
1.680080647665101051e+09,1.601200000000000000e+04,2.800000000000000000e+02,3.440000000000000000e+02,-6.440000000000000000e+02,2.000000000000000000e+01,4.700000000000000000e+01
1.680080647665936470e+09,1.603600000000000000e+04,2.720000000000000000e+02,2.960000000000000000e+02,-6.480000000000000000e+02,1.600000000000000000e+01,5.500000000000000000e+01
1.680080647666817904e+09,1.603600000000000000e+04,2.720000000000000000e+02,2.960000000000000000e+02,-6.360000000000000000e+02,2.900000000000000000e+01,4.600000000000000000e+01
1.680080647667879343e+09,1.618000000000000000e+04,4.080000000000000000e+02,4.040000000000000000e+02,-6.440000000000000000e+02,3.500000000000000000e+01,2.700000000000000000e+01
1.680080647668720722e+09,1.622400000000000000e+04,3.720000000000000000e+02,4.360000000000000000e+02,-6.550000000000000000e+02,4.500000000000000000e+01,1.500000000000000000e+01
1.680080647669890642e+09,1.622000000000000000e+04,3.040000000000000000e+02,3.440000000000000000e+02,-6.240000000000000000e+02,4.100000000000000000e+01,2.600000000000000000e+01
1.680080647670735836e+09,1.619600000000000000e+04,3.040000000000000000e+02,3.480000000000000000e+02,-6.120000000000000000e+02,5.600000000000000000e+01,4.900000000000000000e+01
1.680080647671581507e+09,1.614400000000000000e+04,3.160000000000000000e+02,3.080000000000000000e+02,-6.600000000000000000e+02,2.700000000000000000e+01,4.600000000000000000e+01
1.680080647672544241e+09,1.615200000000000000e+04,3.240000000000000000e+02,3.520000000000000000e+02,-6.460000000000000000e+02,2.100000000000000000e+01,3.700000000000000000e+01
1.680080647673433304e+09,1.628000000000000000e+04,3.080000000000000000e+02,3.320000000000000000e+02,-6.130000000000000000e+02,2.700000000000000000e+01,4.400000000000000000e+01
1.680080647674389362e+09,1.618800000000000000e+04,2.560000000000000000e+02,2.880000000000000000e+02,-6.010000000000000000e+02,5.900000000000000000e+01,2.700000000000000000e+01
1.680080647675240278e+09,1.609200000000000000e+04,3.200000000000000000e+02,3.040000000000000000e+02,-6.380000000000000000e+02,8.000000000000000000e+01,1.600000000000000000e+01
1.680080647676073313e+09,1.614000000000000000e+04,3.120000000000000000e+02,4.480000000000000000e+02,-6.450000000000000000e+02,6.400000000000000000e+01,2.100000000000000000e+01
1.680080647677087307e+09,1.624800000000000000e+04,2.120000000000000000e+02,3.520000000000000000e+02,-6.350000000000000000e+02,5.100000000000000000e+01,2.500000000000000000e+01
1.680080647677962780e+09,1.617200000000000000e+04,3.280000000000000000e+02,3.920000000000000000e+02,-6.350000000000000000e+02,3.400000000000000000e+01,2.900000000000000000e+01
1.680080647678811789e+09,1.617200000000000000e+04,3.280000000000000000e+02,3.920000000000000000e+02,-6.590000000000000000e+02,2.300000000000000000e+01,2.800000000000000000e+01
1.680080647679710865e+09,1.616400000000000000e+04,3.160000000000000000e+02,3.760000000000000000e+02,-6.710000000000000000e+02,1.800000000000000000e+01,2.400000000000000000e+01
1.680080647680817604e+09,1.615600000000000000e+04,4.120000000000000000e+02,2.920000000000000000e+02,-6.450000000000000000e+02,5.200000000000000000e+01,1.700000000000000000e+01
1.680080647681645155e+09,1.622400000000000000e+04,3.560000000000000000e+02,3.800000000000000000e+02,-6.210000000000000000e+02,7.800000000000000000e+01,2.500000000000000000e+01
1.680080647682463408e+09,1.628400000000000000e+04,3.080000000000000000e+02,4.160000000000000000e+02,-6.150000000000000000e+02,6.500000000000000000e+01,2.700000000000000000e+01
1.680080647683304548e+09,1.615200000000000000e+04,2.720000000000000000e+02,2.640000000000000000e+02,-6.080000000000000000e+02,6.300000000000000000e+01,4.700000000000000000e+01
1.680080647684154987e+09,1.626400000000000000e+04,4.000000000000000000e+02,3.840000000000000000e+02,-6.140000000000000000e+02,5.100000000000000000e+01,5.700000000000000000e+01
1.680080647685081959e+09,1.621200000000000000e+04,3.200000000000000000e+02,3.720000000000000000e+02,-6.450000000000000000e+02,1.400000000000000000e+01,4.300000000000000000e+01
1.680080647686038017e+09,1.608400000000000000e+04,2.640000000000000000e+02,2.440000000000000000e+02,-6.570000000000000000e+02,-1.900000000000000000e+01,4.900000000000000000e+01
1.680080647687397480e+09,1.617200000000000000e+04,2.800000000000000000e+02,2.640000000000000000e+02,-6.180000000000000000e+02,7.000000000000000000e+00,5.900000000000000000e+01
1.680080647688299179e+09,1.623600000000000000e+04,3.440000000000000000e+02,4.080000000000000000e+02,-6.020000000000000000e+02,4.100000000000000000e+01,5.000000000000000000e+01
1.680080647689125061e+09,1.620400000000000000e+04,3.440000000000000000e+02,3.120000000000000000e+02,-6.320000000000000000e+02,3.400000000000000000e+01,2.700000000000000000e+01
1.680080647689973593e+09,1.611600000000000000e+04,3.680000000000000000e+02,3.880000000000000000e+02,-6.610000000000000000e+02,2.700000000000000000e+01,2.800000000000000000e+01
1.680080647690799952e+09,1.616000000000000000e+04,3.120000000000000000e+02,4.040000000000000000e+02,-6.440000000000000000e+02,2.200000000000000000e+01,3.600000000000000000e+01
1.680080647691801548e+09,1.616000000000000000e+04,3.120000000000000000e+02,4.040000000000000000e+02,-6.220000000000000000e+02,2.800000000000000000e+01,4.400000000000000000e+01
1.680080647692666769e+09,1.614800000000000000e+04,3.240000000000000000e+02,3.920000000000000000e+02,-6.290000000000000000e+02,4.900000000000000000e+01,3.300000000000000000e+01
1.680080647693466187e+09,1.624400000000000000e+04,3.600000000000000000e+02,3.560000000000000000e+02,-6.450000000000000000e+02,5.400000000000000000e+01,4.200000000000000000e+01
1.680080647694549322e+09,1.625200000000000000e+04,2.720000000000000000e+02,4.080000000000000000e+02,-6.470000000000000000e+02,4.600000000000000000e+01,4.700000000000000000e+01
1.680080647695361376e+09,1.629600000000000000e+04,2.920000000000000000e+02,3.520000000000000000e+02,-6.410000000000000000e+02,3.700000000000000000e+01,3.000000000000000000e+01
1.680080647696326494e+09,1.622400000000000000e+04,3.440000000000000000e+02,3.800000000000000000e+02,-6.240000000000000000e+02,5.600000000000000000e+01,3.200000000000000000e+01
1.680080647697261333e+09,1.617200000000000000e+04,3.760000000000000000e+02,3.720000000000000000e+02,-6.160000000000000000e+02,6.000000000000000000e+01,2.700000000000000000e+01
1.680080647698132753e+09,1.626400000000000000e+04,3.360000000000000000e+02,3.600000000000000000e+02,-6.370000000000000000e+02,3.600000000000000000e+01,4.200000000000000000e+01
1.680080647699022293e+09,1.630400000000000000e+04,1.880000000000000000e+02,4.480000000000000000e+02,-6.350000000000000000e+02,3.000000000000000000e+01,4.500000000000000000e+01
1.680080647699941635e+09,1.620800000000000000e+04,2.400000000000000000e+02,5.560000000000000000e+02,-6.330000000000000000e+02,3.200000000000000000e+01,4.100000000000000000e+01
1.680080647700909138e+09,1.617200000000000000e+04,3.000000000000000000e+02,4.000000000000000000e+02,-6.580000000000000000e+02,1.000000000000000000e+00,3.300000000000000000e+01
1.680080647701898575e+09,1.628400000000000000e+04,3.200000000000000000e+02,2.640000000000000000e+02,-6.410000000000000000e+02,-1.100000000000000000e+01,2.900000000000000000e+01
1.680080647702783823e+09,1.613200000000000000e+04,3.320000000000000000e+02,3.800000000000000000e+02,-6.180000000000000000e+02,1.900000000000000000e+01,3.200000000000000000e+01
1.680080647703699350e+09,1.613200000000000000e+04,3.320000000000000000e+02,3.800000000000000000e+02,-6.070000000000000000e+02,4.000000000000000000e+01,4.400000000000000000e+01
1.680080647704699039e+09,1.616400000000000000e+04,2.560000000000000000e+02,3.760000000000000000e+02,-6.210000000000000000e+02,5.500000000000000000e+01,4.700000000000000000e+01
1.680080647705637217e+09,1.609200000000000000e+04,2.880000000000000000e+02,2.480000000000000000e+02,-6.530000000000000000e+02,3.200000000000000000e+01,1.200000000000000000e+01
1.680080647706704855e+09,1.622400000000000000e+04,3.840000000000000000e+02,3.960000000000000000e+02,-6.190000000000000000e+02,3.600000000000000000e+01,-3.000000000000000000e+00
1.680080647707620621e+09,1.618000000000000000e+04,3.240000000000000000e+02,2.600000000000000000e+02,-6.170000000000000000e+02,4.800000000000000000e+01,2.000000000000000000e+01
1.680080647708685875e+09,1.618800000000000000e+04,3.320000000000000000e+02,1.960000000000000000e+02,-6.390000000000000000e+02,5.700000000000000000e+01,3.900000000000000000e+01
1.680080647709563971e+09,1.618800000000000000e+04,3.240000000000000000e+02,2.640000000000000000e+02,-6.640000000000000000e+02,3.700000000000000000e+01,2.400000000000000000e+01
1.680080647710628510e+09,1.624000000000000000e+04,3.320000000000000000e+02,2.760000000000000000e+02,-6.270000000000000000e+02,2.000000000000000000e+01,1.300000000000000000e+01
1.680080647711501122e+09,1.632000000000000000e+04,3.240000000000000000e+02,2.680000000000000000e+02,-6.030000000000000000e+02,4.400000000000000000e+01,2.500000000000000000e+01
1.680080647714616299e+09,1.628400000000000000e+04,3.480000000000000000e+02,3.720000000000000000e+02,-6.130000000000000000e+02,5.900000000000000000e+01,3.500000000000000000e+01
1.680080647715450287e+09,1.612800000000000000e+04,2.960000000000000000e+02,3.680000000000000000e+02,-6.350000000000000000e+02,3.600000000000000000e+01,4.300000000000000000e+01
1.680080647716315985e+09,1.628400000000000000e+04,3.200000000000000000e+02,3.760000000000000000e+02,-6.440000000000000000e+02,3.800000000000000000e+01,5.000000000000000000e+01
1.680080647717278242e+09,1.620000000000000000e+04,3.280000000000000000e+02,3.000000000000000000e+02,-6.450000000000000000e+02,3.200000000000000000e+01,3.100000000000000000e+01
1.680080647718356133e+09,1.622000000000000000e+04,3.120000000000000000e+02,3.560000000000000000e+02,-6.230000000000000000e+02,5.700000000000000000e+01,4.100000000000000000e+01
1.680080647719200850e+09,1.611600000000000000e+04,3.000000000000000000e+02,4.600000000000000000e+02,-6.310000000000000000e+02,6.500000000000000000e+01,2.900000000000000000e+01
1.680080647720161438e+09,1.625200000000000000e+04,3.360000000000000000e+02,4.200000000000000000e+02,-6.310000000000000000e+02,4.900000000000000000e+01,3.000000000000000000e+01
1.680080647721065760e+09,1.619600000000000000e+04,2.960000000000000000e+02,2.920000000000000000e+02,-6.170000000000000000e+02,4.500000000000000000e+01,5.100000000000000000e+01
1.680080647721903563e+09,1.614000000000000000e+04,3.000000000000000000e+02,3.920000000000000000e+02,-6.410000000000000000e+02,5.200000000000000000e+01,5.900000000000000000e+01
1.680080647722745895e+09,1.614800000000000000e+04,2.560000000000000000e+02,3.240000000000000000e+02,-6.840000000000000000e+02,2.700000000000000000e+01,4.400000000000000000e+01
1.680080647723588943e+09,1.614800000000000000e+04,2.560000000000000000e+02,3.240000000000000000e+02,-6.680000000000000000e+02,-3.000000000000000000e+00,4.200000000000000000e+01
1.680080647724438667e+09,1.615200000000000000e+04,1.600000000000000000e+02,3.040000000000000000e+02,-6.100000000000000000e+02,1.900000000000000000e+01,3.700000000000000000e+01
1.680080647725433826e+09,1.616400000000000000e+04,2.880000000000000000e+02,3.840000000000000000e+02,-6.060000000000000000e+02,5.300000000000000000e+01,2.300000000000000000e+01
1.680080647726252317e+09,1.616800000000000000e+04,2.880000000000000000e+02,3.920000000000000000e+02,-6.360000000000000000e+02,6.000000000000000000e+01,2.400000000000000000e+01
1.680080647727164984e+09,1.610800000000000000e+04,2.840000000000000000e+02,2.720000000000000000e+02,-6.600000000000000000e+02,3.100000000000000000e+01,2.700000000000000000e+01
1.680080647727978706e+09,1.620000000000000000e+04,4.080000000000000000e+02,3.240000000000000000e+02,-6.280000000000000000e+02,1.200000000000000000e+01,2.600000000000000000e+01
1.680080647733639479e+09,1.618800000000000000e+04,3.960000000000000000e+02,3.200000000000000000e+02,-6.080000000000000000e+02,2.700000000000000000e+01,2.300000000000000000e+01
1.680080647734677315e+09,1.615200000000000000e+04,2.600000000000000000e+02,4.600000000000000000e+02,-6.340000000000000000e+02,3.000000000000000000e+01,3.200000000000000000e+01
1.680080647735584021e+09,1.615200000000000000e+04,2.600000000000000000e+02,4.600000000000000000e+02,-6.310000000000000000e+02,7.000000000000000000e+00,1.200000000000000000e+01
1.680080647736808538e+09,1.618400000000000000e+04,2.320000000000000000e+02,3.520000000000000000e+02,-6.180000000000000000e+02,3.700000000000000000e+01,1.300000000000000000e+01
1.680080647737714291e+09,1.622800000000000000e+04,3.160000000000000000e+02,1.960000000000000000e+02,-6.270000000000000000e+02,7.700000000000000000e+01,3.800000000000000000e+01
1.680080647739004850e+09,1.625200000000000000e+04,2.160000000000000000e+02,1.120000000000000000e+02,-6.580000000000000000e+02,5.300000000000000000e+01,3.300000000000000000e+01
1.680080647740008116e+09,1.624000000000000000e+04,3.200000000000000000e+02,3.360000000000000000e+02,-6.400000000000000000e+02,5.100000000000000000e+01,2.500000000000000000e+01
1.680080647741044044e+09,1.617200000000000000e+04,2.800000000000000000e+02,2.720000000000000000e+02,-6.260000000000000000e+02,6.300000000000000000e+01,2.300000000000000000e+01
1.680080647741904020e+09,1.620400000000000000e+04,3.040000000000000000e+02,2.920000000000000000e+02,-6.270000000000000000e+02,5.000000000000000000e+01,2.400000000000000000e+01
1.680080647742961645e+09,1.620800000000000000e+04,2.920000000000000000e+02,2.800000000000000000e+02,-6.060000000000000000e+02,5.500000000000000000e+01,4.300000000000000000e+01
1.680080647743788719e+09,1.622000000000000000e+04,2.920000000000000000e+02,2.560000000000000000e+02,-6.390000000000000000e+02,4.000000000000000000e+01,2.800000000000000000e+01
1.680080647744626999e+09,1.622000000000000000e+04,3.360000000000000000e+02,3.280000000000000000e+02,-6.520000000000000000e+02,1.900000000000000000e+01,1.900000000000000000e+01
1.680080647745471239e+09,1.622000000000000000e+04,3.360000000000000000e+02,3.280000000000000000e+02,-6.440000000000000000e+02,4.700000000000000000e+01,2.500000000000000000e+01
1.680080647746280193e+09,1.616000000000000000e+04,2.680000000000000000e+02,3.880000000000000000e+02,-6.460000000000000000e+02,5.500000000000000000e+01,2.500000000000000000e+01
1.680080647747273922e+09,1.610400000000000000e+04,2.760000000000000000e+02,2.680000000000000000e+02,-6.240000000000000000e+02,4.800000000000000000e+01,1.800000000000000000e+01
1.680080647748355389e+09,1.618800000000000000e+04,3.280000000000000000e+02,2.200000000000000000e+02,-6.110000000000000000e+02,3.400000000000000000e+01,1.200000000000000000e+01
1.680080647749299049e+09,1.623600000000000000e+04,3.000000000000000000e+02,3.040000000000000000e+02,-6.200000000000000000e+02,4.800000000000000000e+01,4.000000000000000000e+00
1.680080647750195503e+09,1.620800000000000000e+04,3.240000000000000000e+02,2.400000000000000000e+02,-6.300000000000000000e+02,3.300000000000000000e+01,3.000000000000000000e+01
1.680080647751210213e+09,1.616800000000000000e+04,2.600000000000000000e+02,3.280000000000000000e+02,-6.200000000000000000e+02,3.700000000000000000e+01,3.400000000000000000e+01
1.680080647752150774e+09,1.618800000000000000e+04,2.880000000000000000e+02,2.000000000000000000e+02,-6.190000000000000000e+02,4.700000000000000000e+01,3.900000000000000000e+01
1.680080647752973318e+09,1.617200000000000000e+04,1.760000000000000000e+02,2.400000000000000000e+02,-6.520000000000000000e+02,5.000000000000000000e+01,4.100000000000000000e+01
1.680080647753801823e+09,1.618800000000000000e+04,2.360000000000000000e+02,2.360000000000000000e+02,-6.470000000000000000e+02,3.800000000000000000e+01,3.600000000000000000e+01
1.680080647754942417e+09,1.607200000000000000e+04,3.520000000000000000e+02,2.080000000000000000e+02,-6.070000000000000000e+02,4.900000000000000000e+01,4.800000000000000000e+01
1.680080647755805254e+09,1.615600000000000000e+04,3.600000000000000000e+02,3.080000000000000000e+02,-6.120000000000000000e+02,4.200000000000000000e+01,4.700000000000000000e+01
1.680080647756776810e+09,1.618400000000000000e+04,3.360000000000000000e+02,4.280000000000000000e+02,-6.400000000000000000e+02,5.300000000000000000e+01,4.700000000000000000e+01
1.680080647757715940e+09,1.612800000000000000e+04,2.280000000000000000e+02,3.920000000000000000e+02,-6.520000000000000000e+02,3.400000000000000000e+01,3.700000000000000000e+01
1.680080647758501053e+09,1.612800000000000000e+04,2.280000000000000000e+02,3.920000000000000000e+02,-6.240000000000000000e+02,3.000000000000000000e+00,2.600000000000000000e+01
1.680080647759271145e+09,1.613200000000000000e+04,2.400000000000000000e+02,2.120000000000000000e+02,-5.890000000000000000e+02,9.000000000000000000e+00,3.400000000000000000e+01
1.680080647760186672e+09,1.614400000000000000e+04,2.440000000000000000e+02,2.960000000000000000e+02,-5.910000000000000000e+02,3.600000000000000000e+01,4.300000000000000000e+01
1.680080647761304855e+09,1.627200000000000000e+04,3.000000000000000000e+02,3.320000000000000000e+02,-6.470000000000000000e+02,6.400000000000000000e+01,2.400000000000000000e+01
1.680080647762241602e+09,1.611200000000000000e+04,3.160000000000000000e+02,3.960000000000000000e+02,-6.760000000000000000e+02,2.000000000000000000e+01,1.700000000000000000e+01
1.680080647763012648e+09,1.620000000000000000e+04,2.520000000000000000e+02,3.800000000000000000e+02,-6.310000000000000000e+02,6.000000000000000000e+00,2.700000000000000000e+01
1.680080647763812065e+09,1.618400000000000000e+04,3.360000000000000000e+02,2.800000000000000000e+02,-5.960000000000000000e+02,2.100000000000000000e+01,3.900000000000000000e+01
1.680080647764580250e+09,1.617200000000000000e+04,3.440000000000000000e+02,2.040000000000000000e+02,-5.980000000000000000e+02,4.100000000000000000e+01,3.500000000000000000e+01
1.680080647765450478e+09,1.617200000000000000e+04,3.440000000000000000e+02,2.040000000000000000e+02,-6.420000000000000000e+02,6.900000000000000000e+01,3.700000000000000000e+01
1.680080647766204119e+09,1.620000000000000000e+04,3.080000000000000000e+02,3.040000000000000000e+02,-6.800000000000000000e+02,5.100000000000000000e+01,4.300000000000000000e+01
1.680080647767520428e+09,1.623200000000000000e+04,2.680000000000000000e+02,3.080000000000000000e+02,-6.490000000000000000e+02,3.600000000000000000e+01,3.600000000000000000e+01
1.680080647768939018e+09,1.624000000000000000e+04,3.760000000000000000e+02,2.880000000000000000e+02,-6.060000000000000000e+02,4.800000000000000000e+01,9.000000000000000000e+00
1.680080647769793272e+09,1.622800000000000000e+04,3.080000000000000000e+02,3.200000000000000000e+02,-6.430000000000000000e+02,5.200000000000000000e+01,1.700000000000000000e+01
1.680080647770845175e+09,1.621600000000000000e+04,3.400000000000000000e+02,3.320000000000000000e+02,-6.500000000000000000e+02,4.200000000000000000e+01,3.500000000000000000e+01
1.680080647771696091e+09,1.610800000000000000e+04,3.440000000000000000e+02,2.200000000000000000e+02,-5.990000000000000000e+02,4.700000000000000000e+01,5.000000000000000000e+01
1.680080647772538662e+09,1.614400000000000000e+04,3.800000000000000000e+02,1.560000000000000000e+02,-5.860000000000000000e+02,4.100000000000000000e+01,5.200000000000000000e+01
1.680080647773583889e+09,1.614400000000000000e+04,3.800000000000000000e+02,1.560000000000000000e+02,-6.190000000000000000e+02,4.900000000000000000e+01,2.600000000000000000e+01
1.680080647774369955e+09,1.612800000000000000e+04,3.200000000000000000e+02,9.200000000000000000e+01,-6.630000000000000000e+02,4.400000000000000000e+01,1.000000000000000000e+01
1.680080647775144339e+09,1.619600000000000000e+04,3.160000000000000000e+02,1.560000000000000000e+02,-6.550000000000000000e+02,2.700000000000000000e+01,1.300000000000000000e+01
1.680080647775918961e+09,1.613200000000000000e+04,3.240000000000000000e+02,1.800000000000000000e+02,-6.140000000000000000e+02,1.700000000000000000e+01,3.500000000000000000e+01
1.680080647776704311e+09,1.622400000000000000e+04,3.640000000000000000e+02,2.280000000000000000e+02,-6.110000000000000000e+02,2.100000000000000000e+01,3.400000000000000000e+01
1.680080647777482986e+09,1.624000000000000000e+04,2.800000000000000000e+02,2.480000000000000000e+02,-6.220000000000000000e+02,4.000000000000000000e+01,2.200000000000000000e+01
1.680080647778253555e+09,1.624000000000000000e+04,2.800000000000000000e+02,2.480000000000000000e+02,-6.540000000000000000e+02,4.500000000000000000e+01,2.000000000000000000e+01
1.680080647779014587e+09,1.624000000000000000e+04,2.040000000000000000e+02,2.920000000000000000e+02,-6.740000000000000000e+02,3.100000000000000000e+01,2.300000000000000000e+01
1.680080647779773951e+09,1.621600000000000000e+04,3.680000000000000000e+02,2.320000000000000000e+02,-6.390000000000000000e+02,4.000000000000000000e+01,3.200000000000000000e+01
1.680080647780624151e+09,1.615600000000000000e+04,3.720000000000000000e+02,2.360000000000000000e+02,-5.990000000000000000e+02,6.100000000000000000e+01,3.200000000000000000e+01
1.680080647781387329e+09,1.615600000000000000e+04,3.720000000000000000e+02,2.360000000000000000e+02,-5.940000000000000000e+02,7.400000000000000000e+01,3.600000000000000000e+01
1.680080647782371044e+09,1.614000000000000000e+04,3.320000000000000000e+02,1.840000000000000000e+02,-6.320000000000000000e+02,6.600000000000000000e+01,2.900000000000000000e+01
1.680080647783154249e+09,1.622800000000000000e+04,2.720000000000000000e+02,3.000000000000000000e+02,-6.640000000000000000e+02,4.600000000000000000e+01,1.300000000000000000e+01
1.680080647783921242e+09,1.628400000000000000e+04,2.640000000000000000e+02,2.120000000000000000e+02,-6.470000000000000000e+02,5.800000000000000000e+01,1.500000000000000000e+01
1.680080647785008430e+09,1.615600000000000000e+04,3.280000000000000000e+02,2.600000000000000000e+02,-6.390000000000000000e+02,4.000000000000000000e+01,4.500000000000000000e+01
1.680080647785889626e+09,1.614400000000000000e+04,3.280000000000000000e+02,3.400000000000000000e+02,-6.510000000000000000e+02,7.000000000000000000e+00,4.900000000000000000e+01
1.680080647786910772e+09,1.620800000000000000e+04,3.280000000000000000e+02,3.200000000000000000e+02,-6.180000000000000000e+02,5.000000000000000000e+00,3.700000000000000000e+01
1.680080647787904978e+09,1.628000000000000000e+04,3.560000000000000000e+02,1.800000000000000000e+02,-6.110000000000000000e+02,1.600000000000000000e+01,5.100000000000000000e+01
1.680080647788673639e+09,1.625600000000000000e+04,3.320000000000000000e+02,2.960000000000000000e+02,-6.300000000000000000e+02,3.400000000000000000e+01,4.200000000000000000e+01
1.680080647789442301e+09,1.614400000000000000e+04,2.760000000000000000e+02,3.080000000000000000e+02,-6.670000000000000000e+02,3.500000000000000000e+01,1.800000000000000000e+01
1.680080647790215492e+09,1.614400000000000000e+04,2.760000000000000000e+02,3.080000000000000000e+02,-6.860000000000000000e+02,2.300000000000000000e+01,7.000000000000000000e+00
1.680080647790972471e+09,1.618400000000000000e+04,2.760000000000000000e+02,3.440000000000000000e+02,-6.420000000000000000e+02,3.200000000000000000e+01,2.000000000000000000e+01
1.680080647791734934e+09,1.618000000000000000e+04,2.880000000000000000e+02,3.680000000000000000e+02,-6.200000000000000000e+02,5.300000000000000000e+01,2.800000000000000000e+01
1.680080647792598486e+09,1.624400000000000000e+04,2.800000000000000000e+02,3.920000000000000000e+02,-6.170000000000000000e+02,6.100000000000000000e+01,2.400000000000000000e+01
1.680080647793385744e+09,1.624400000000000000e+04,2.800000000000000000e+02,3.920000000000000000e+02,-6.310000000000000000e+02,6.500000000000000000e+01,2.900000000000000000e+01
1.680080647794198751e+09,1.618800000000000000e+04,2.000000000000000000e+02,2.840000000000000000e+02,-6.490000000000000000e+02,4.500000000000000000e+01,3.500000000000000000e+01
1.680080647794964075e+09,1.623200000000000000e+04,2.680000000000000000e+02,3.480000000000000000e+02,-6.310000000000000000e+02,3.300000000000000000e+01,3.600000000000000000e+01
1.680080647795835495e+09,1.628800000000000000e+04,2.400000000000000000e+02,4.080000000000000000e+02,-6.180000000000000000e+02,3.900000000000000000e+01,3.000000000000000000e+01
1.680080647796624422e+09,1.620000000000000000e+04,3.080000000000000000e+02,2.680000000000000000e+02,-6.270000000000000000e+02,5.900000000000000000e+01,1.500000000000000000e+01
1.680080647797535181e+09,1.616800000000000000e+04,3.880000000000000000e+02,2.720000000000000000e+02,-6.130000000000000000e+02,5.800000000000000000e+01,2.500000000000000000e+01
1.680080647798558950e+09,1.617600000000000000e+04,3.520000000000000000e+02,3.720000000000000000e+02,-5.990000000000000000e+02,4.400000000000000000e+01,3.900000000000000000e+01
1.680080647799355984e+09,1.617600000000000000e+04,3.520000000000000000e+02,3.720000000000000000e+02,-6.030000000000000000e+02,5.600000000000000000e+01,5.200000000000000000e+01
1.680080647800132513e+09,1.615200000000000000e+04,2.640000000000000000e+02,4.040000000000000000e+02,-6.410000000000000000e+02,5.200000000000000000e+01,4.500000000000000000e+01
1.680080647800900698e+09,1.615200000000000000e+04,2.520000000000000000e+02,2.640000000000000000e+02,-6.510000000000000000e+02,1.800000000000000000e+01,4.200000000000000000e+01
1.680080647801653385e+09,1.620800000000000000e+04,2.840000000000000000e+02,2.080000000000000000e+02,-6.280000000000000000e+02,5.000000000000000000e+00,4.100000000000000000e+01
1.680080647802523375e+09,1.618800000000000000e+04,3.440000000000000000e+02,3.360000000000000000e+02,-5.910000000000000000e+02,1.700000000000000000e+01,2.700000000000000000e+01
1.680080647803461075e+09,1.615200000000000000e+04,2.960000000000000000e+02,3.360000000000000000e+02,-5.900000000000000000e+02,4.200000000000000000e+01,3.000000000000000000e+01
1.680080647804272652e+09,1.615200000000000000e+04,2.960000000000000000e+02,3.360000000000000000e+02,-6.300000000000000000e+02,5.100000000000000000e+01,4.600000000000000000e+01
1.680080647805071592e+09,1.628000000000000000e+04,2.960000000000000000e+02,2.720000000000000000e+02,-6.700000000000000000e+02,3.200000000000000000e+01,4.000000000000000000e+01
1.680080647805843353e+09,1.625200000000000000e+04,2.760000000000000000e+02,1.520000000000000000e+02,-6.520000000000000000e+02,3.500000000000000000e+01,2.600000000000000000e+01
1.680080647806651592e+09,1.619600000000000000e+04,2.920000000000000000e+02,3.800000000000000000e+02,-6.410000000000000000e+02,3.900000000000000000e+01,3.000000000000000000e+01
1.680080647807538271e+09,1.607200000000000000e+04,2.920000000000000000e+02,3.040000000000000000e+02,-6.430000000000000000e+02,1.900000000000000000e+01,4.100000000000000000e+01
1.680080647808388233e+09,1.607200000000000000e+04,2.920000000000000000e+02,3.040000000000000000e+02,-6.430000000000000000e+02,1.400000000000000000e+01,4.700000000000000000e+01
1.680080647809184074e+09,1.624400000000000000e+04,3.320000000000000000e+02,1.840000000000000000e+02,-6.270000000000000000e+02,3.100000000000000000e+01,3.500000000000000000e+01
1.680080647810154676e+09,1.616400000000000000e+04,3.640000000000000000e+02,2.640000000000000000e+02,-6.040000000000000000e+02,5.500000000000000000e+01,2.100000000000000000e+01
1.680080647810938835e+09,1.607600000000000000e+04,3.640000000000000000e+02,3.040000000000000000e+02,-6.350000000000000000e+02,5.200000000000000000e+01,3.400000000000000000e+01
1.680080647811723471e+09,1.613200000000000000e+04,2.640000000000000000e+02,3.480000000000000000e+02,-6.470000000000000000e+02,4.000000000000000000e+01,3.800000000000000000e+01
1.680080647812660217e+09,1.615200000000000000e+04,3.000000000000000000e+02,4.160000000000000000e+02,-6.220000000000000000e+02,5.200000000000000000e+01,2.600000000000000000e+01
1.680080647813432932e+09,1.623200000000000000e+04,3.000000000000000000e+02,2.000000000000000000e+02,-6.370000000000000000e+02,4.500000000000000000e+01,3.200000000000000000e+01
1.680080647814219475e+09,1.623200000000000000e+04,3.000000000000000000e+02,2.000000000000000000e+02,-6.490000000000000000e+02,2.900000000000000000e+01,4.300000000000000000e+01
1.680080647814987183e+09,1.612400000000000000e+04,3.440000000000000000e+02,1.760000000000000000e+02,-6.190000000000000000e+02,7.000000000000000000e+00,4.100000000000000000e+01
1.680080647815861702e+09,1.615200000000000000e+04,3.400000000000000000e+02,2.000000000000000000e+02,-5.930000000000000000e+02,2.900000000000000000e+01,4.300000000000000000e+01
1.680080647816654444e+09,1.622000000000000000e+04,4.560000000000000000e+02,4.720000000000000000e+02,-6.120000000000000000e+02,6.600000000000000000e+01,5.400000000000000000e+01
1.680080647817528009e+09,1.614800000000000000e+04,2.480000000000000000e+02,4.560000000000000000e+02,-6.440000000000000000e+02,8.200000000000000000e+01,5.500000000000000000e+01
1.680080647818392277e+09,1.610400000000000000e+04,2.480000000000000000e+02,5.240000000000000000e+02,-6.540000000000000000e+02,5.500000000000000000e+01,3.600000000000000000e+01
1.680080647819179773e+09,1.610400000000000000e+04,2.480000000000000000e+02,5.240000000000000000e+02,-6.350000000000000000e+02,2.300000000000000000e+01,2.000000000000000000e+01
1.680080647820116043e+09,1.620400000000000000e+04,3.680000000000000000e+02,4.360000000000000000e+02,-6.200000000000000000e+02,2.700000000000000000e+01,1.600000000000000000e+01
1.680080647821152687e+09,1.622800000000000000e+04,3.440000000000000000e+02,3.440000000000000000e+02,-6.380000000000000000e+02,5.200000000000000000e+01,2.500000000000000000e+01
1.680080647822097778e+09,1.613200000000000000e+04,2.800000000000000000e+02,3.360000000000000000e+02,-6.390000000000000000e+02,2.000000000000000000e+01,2.100000000000000000e+01
1.680080647822893620e+09,1.617600000000000000e+04,3.440000000000000000e+02,3.280000000000000000e+02,-6.160000000000000000e+02,1.100000000000000000e+01,2.400000000000000000e+01
1.680080647823672295e+09,1.617200000000000000e+04,2.880000000000000000e+02,3.840000000000000000e+02,-6.200000000000000000e+02,2.500000000000000000e+01,3.800000000000000000e+01
1.680080647824436188e+09,1.615200000000000000e+04,2.400000000000000000e+02,2.840000000000000000e+02,-6.330000000000000000e+02,4.700000000000000000e+01,3.800000000000000000e+01
1.680080647825198174e+09,1.615200000000000000e+04,2.400000000000000000e+02,2.840000000000000000e+02,-6.500000000000000000e+02,6.400000000000000000e+01,2.800000000000000000e+01
1.680080647826059580e+09,1.616000000000000000e+04,3.520000000000000000e+02,3.800000000000000000e+02,-6.580000000000000000e+02,5.200000000000000000e+01,2.900000000000000000e+01
1.680080647826922178e+09,1.606800000000000000e+04,4.040000000000000000e+02,3.560000000000000000e+02,-6.290000000000000000e+02,2.400000000000000000e+01,2.700000000000000000e+01
1.680080647829560757e+09,1.611600000000000000e+04,2.960000000000000000e+02,4.640000000000000000e+02,-5.810000000000000000e+02,4.700000000000000000e+01,3.200000000000000000e+01
1.680080647830551147e+09,1.623600000000000000e+04,3.440000000000000000e+02,2.680000000000000000e+02,-6.770000000000000000e+02,3.600000000000000000e+01,3.400000000000000000e+01
1.680080647831369400e+09,1.617200000000000000e+04,3.080000000000000000e+02,3.880000000000000000e+02,-6.530000000000000000e+02,4.900000000000000000e+01,5.400000000000000000e+01
1.680080647832208872e+09,1.617200000000000000e+04,3.080000000000000000e+02,3.880000000000000000e+02,-6.390000000000000000e+02,4.900000000000000000e+01,4.500000000000000000e+01
1.680080647833084583e+09,1.616000000000000000e+04,3.360000000000000000e+02,3.880000000000000000e+02,-6.380000000000000000e+02,2.000000000000000000e+01,2.800000000000000000e+01
1.680080647833862305e+09,1.616800000000000000e+04,3.960000000000000000e+02,2.280000000000000000e+02,-6.120000000000000000e+02,1.500000000000000000e+01,2.000000000000000000e+01
1.680080647834631205e+09,1.618400000000000000e+04,3.000000000000000000e+02,3.240000000000000000e+02,-5.940000000000000000e+02,4.800000000000000000e+01,1.800000000000000000e+01
1.680080647835401058e+09,1.620800000000000000e+04,2.920000000000000000e+02,4.280000000000000000e+02,-6.200000000000000000e+02,6.200000000000000000e+01,2.700000000000000000e+01
1.680080647836288929e+09,1.622400000000000000e+04,2.880000000000000000e+02,4.160000000000000000e+02,-6.540000000000000000e+02,5.300000000000000000e+01,4.300000000000000000e+01
1.680080647837268591e+09,1.622400000000000000e+04,2.880000000000000000e+02,4.160000000000000000e+02,-6.710000000000000000e+02,4.600000000000000000e+01,3.200000000000000000e+01
1.680080647838162184e+09,1.620800000000000000e+04,2.960000000000000000e+02,3.280000000000000000e+02,-6.410000000000000000e+02,3.900000000000000000e+01,2.800000000000000000e+01
1.680080647838979006e+09,1.624400000000000000e+04,3.240000000000000000e+02,3.080000000000000000e+02,-6.220000000000000000e+02,4.400000000000000000e+01,4.100000000000000000e+01
1.680080647839756250e+09,1.615200000000000000e+04,3.240000000000000000e+02,3.400000000000000000e+02,-6.390000000000000000e+02,3.300000000000000000e+01,5.300000000000000000e+01
1.680080647840517998e+09,1.609200000000000000e+04,2.560000000000000000e+02,5.200000000000000000e+02,-6.530000000000000000e+02,6.000000000000000000e+00,5.400000000000000000e+01
1.680080647841443777e+09,1.610400000000000000e+04,2.640000000000000000e+02,3.760000000000000000e+02,-6.210000000000000000e+02,8.000000000000000000e+00,4.000000000000000000e+01
1.680080647842273951e+09,1.613200000000000000e+04,2.920000000000000000e+02,2.800000000000000000e+02,-6.000000000000000000e+02,4.100000000000000000e+01,4.000000000000000000e+01
1.680080647843044043e+09,1.613200000000000000e+04,2.920000000000000000e+02,2.800000000000000000e+02,-6.190000000000000000e+02,7.500000000000000000e+01,3.600000000000000000e+01
1.680080647843801498e+09,1.615600000000000000e+04,3.400000000000000000e+02,3.960000000000000000e+02,-6.610000000000000000e+02,7.400000000000000000e+01,3.000000000000000000e+01
1.680080647844691515e+09,1.623200000000000000e+04,3.600000000000000000e+02,3.040000000000000000e+02,-6.700000000000000000e+02,3.700000000000000000e+01,2.500000000000000000e+01
1.680080647845448494e+09,1.617200000000000000e+04,3.280000000000000000e+02,2.880000000000000000e+02,-6.420000000000000000e+02,2.600000000000000000e+01,2.800000000000000000e+01
1.680080647846389294e+09,1.612000000000000000e+04,2.840000000000000000e+02,2.840000000000000000e+02,-6.270000000000000000e+02,2.800000000000000000e+01,3.100000000000000000e+01
1.680080647847174406e+09,1.612000000000000000e+04,2.840000000000000000e+02,2.840000000000000000e+02,-6.340000000000000000e+02,2.500000000000000000e+01,3.900000000000000000e+01
1.680080647848050356e+09,1.612000000000000000e+04,2.640000000000000000e+02,3.040000000000000000e+02,-6.240000000000000000e+02,3.400000000000000000e+01,3.600000000000000000e+01
1.680080647849028826e+09,1.614400000000000000e+04,2.400000000000000000e+02,2.520000000000000000e+02,-6.240000000000000000e+02,6.000000000000000000e+01,3.000000000000000000e+01
1.680080647849990606e+09,1.604400000000000000e+04,2.840000000000000000e+02,3.760000000000000000e+02,-6.420000000000000000e+02,4.200000000000000000e+01,3.600000000000000000e+01
1.680080647850821018e+09,1.614800000000000000e+04,3.400000000000000000e+02,3.600000000000000000e+02,-6.490000000000000000e+02,3.500000000000000000e+01,4.100000000000000000e+01
1.680080647851674795e+09,1.610400000000000000e+04,4.040000000000000000e+02,3.160000000000000000e+02,-6.080000000000000000e+02,2.200000000000000000e+01,5.000000000000000000e+01
1.680080647852627993e+09,1.609600000000000000e+04,3.040000000000000000e+02,3.680000000000000000e+02,-5.860000000000000000e+02,3.600000000000000000e+01,4.600000000000000000e+01
1.680080647853572607e+09,1.605600000000000000e+04,2.840000000000000000e+02,3.920000000000000000e+02,-6.270000000000000000e+02,6.000000000000000000e+01,3.700000000000000000e+01
1.680080647854595184e+09,1.615200000000000000e+04,2.200000000000000000e+02,3.640000000000000000e+02,-6.670000000000000000e+02,4.100000000000000000e+01,2.200000000000000000e+01
1.680080647855599165e+09,1.619600000000000000e+04,2.440000000000000000e+02,2.680000000000000000e+02,-6.540000000000000000e+02,3.500000000000000000e+01,3.200000000000000000e+01
1.680080647856494904e+09,1.616400000000000000e+04,2.680000000000000000e+02,3.400000000000000000e+02,-6.210000000000000000e+02,3.400000000000000000e+01,4.200000000000000000e+01
1.680080647857412815e+09,1.619600000000000000e+04,3.640000000000000000e+02,4.080000000000000000e+02,-6.380000000000000000e+02,6.300000000000000000e+01,3.600000000000000000e+01
1.680080647858669519e+09,1.612800000000000000e+04,3.120000000000000000e+02,2.760000000000000000e+02,-6.500000000000000000e+02,5.100000000000000000e+01,7.000000000000000000e+00
1.680080647859691620e+09,1.614400000000000000e+04,2.400000000000000000e+02,2.760000000000000000e+02,-6.150000000000000000e+02,4.500000000000000000e+01,1.400000000000000000e+01
1.680080647860613108e+09,1.623200000000000000e+04,3.520000000000000000e+02,3.240000000000000000e+02,-6.150000000000000000e+02,5.600000000000000000e+01,3.200000000000000000e+01
1.680080647861651182e+09,1.628000000000000000e+04,3.960000000000000000e+02,3.760000000000000000e+02,-6.430000000000000000e+02,5.200000000000000000e+01,4.200000000000000000e+01
1.680080647862514734e+09,1.613600000000000000e+04,3.160000000000000000e+02,4.240000000000000000e+02,-6.570000000000000000e+02,2.200000000000000000e+01,4.200000000000000000e+01
1.680080647863393545e+09,1.622400000000000000e+04,3.400000000000000000e+02,3.320000000000000000e+02,-6.110000000000000000e+02,8.000000000000000000e+00,4.800000000000000000e+01
1.680080647864250422e+09,1.614400000000000000e+04,3.400000000000000000e+02,3.440000000000000000e+02,-5.940000000000000000e+02,2.300000000000000000e+01,5.700000000000000000e+01
1.680080647865107059e+09,1.614400000000000000e+04,3.400000000000000000e+02,3.440000000000000000e+02,-6.060000000000000000e+02,3.800000000000000000e+01,4.800000000000000000e+01
1.680080647865943193e+09,1.617600000000000000e+04,3.520000000000000000e+02,4.080000000000000000e+02,-6.550000000000000000e+02,4.700000000000000000e+01,3.700000000000000000e+01
1.680080647866865396e+09,1.619600000000000000e+04,3.640000000000000000e+02,4.080000000000000000e+02,-6.840000000000000000e+02,2.800000000000000000e+01,2.000000000000000000e+01
1.680080647867714405e+09,1.612800000000000000e+04,3.440000000000000000e+02,3.520000000000000000e+02,-6.250000000000000000e+02,1.700000000000000000e+01,2.600000000000000000e+01
1.680080647868540764e+09,1.624000000000000000e+04,3.880000000000000000e+02,3.160000000000000000e+02,-5.920000000000000000e+02,2.200000000000000000e+01,3.300000000000000000e+01
1.680080647869362593e+09,1.623600000000000000e+04,3.120000000000000000e+02,1.080000000000000000e+02,-6.220000000000000000e+02,4.600000000000000000e+01,3.600000000000000000e+01
1.680080647871383905e+09,1.616400000000000000e+04,3.040000000000000000e+02,3.080000000000000000e+02,-6.600000000000000000e+02,5.000000000000000000e+01,4.900000000000000000e+01
1.680080647872634172e+09,1.610800000000000000e+04,3.280000000000000000e+02,2.600000000000000000e+02,-6.260000000000000000e+02,8.700000000000000000e+01,4.200000000000000000e+01
1.680080647873496294e+09,1.604800000000000000e+04,3.560000000000000000e+02,3.160000000000000000e+02,-6.350000000000000000e+02,5.800000000000000000e+01,2.800000000000000000e+01
1.680080647874340057e+09,1.606800000000000000e+04,3.080000000000000000e+02,3.280000000000000000e+02,-6.480000000000000000e+02,1.800000000000000000e+01,1.900000000000000000e+01
1.680080647875173807e+09,1.616400000000000000e+04,2.560000000000000000e+02,3.800000000000000000e+02,-6.320000000000000000e+02,1.800000000000000000e+01,2.200000000000000000e+01
1.680080647876178265e+09,1.604800000000000000e+04,3.440000000000000000e+02,4.280000000000000000e+02,-6.190000000000000000e+02,3.900000000000000000e+01,3.900000000000000000e+01
1.680080647877027750e+09,1.604800000000000000e+04,3.440000000000000000e+02,4.280000000000000000e+02,-6.340000000000000000e+02,4.900000000000000000e+01,4.000000000000000000e+01
1.680080647881273270e+09,1.614000000000000000e+04,2.960000000000000000e+02,3.120000000000000000e+02,-6.270000000000000000e+02,5.800000000000000000e+01,1.800000000000000000e+01
1.680080647882442951e+09,1.622000000000000000e+04,3.840000000000000000e+02,3.280000000000000000e+02,-6.300000000000000000e+02,1.900000000000000000e+01,5.600000000000000000e+01
1.680080647883370638e+09,1.612000000000000000e+04,3.320000000000000000e+02,3.560000000000000000e+02,-6.270000000000000000e+02,2.400000000000000000e+01,4.600000000000000000e+01
1.680080647884220123e+09,1.608800000000000000e+04,2.880000000000000000e+02,3.560000000000000000e+02,-6.330000000000000000e+02,4.600000000000000000e+01,3.200000000000000000e+01
1.680080647886284590e+09,1.613200000000000000e+04,2.560000000000000000e+02,3.280000000000000000e+02,-6.580000000000000000e+02,5.800000000000000000e+01,1.600000000000000000e+01
1.680080647887653828e+09,1.627200000000000000e+04,3.000000000000000000e+02,3.680000000000000000e+02,-6.360000000000000000e+02,5.300000000000000000e+01,2.900000000000000000e+01
1.680080647888472080e+09,1.619600000000000000e+04,2.600000000000000000e+02,4.200000000000000000e+02,-6.380000000000000000e+02,3.700000000000000000e+01,2.100000000000000000e+01
1.680080647889264584e+09,1.624400000000000000e+04,3.000000000000000000e+02,4.120000000000000000e+02,-6.200000000000000000e+02,2.200000000000000000e+01,3.700000000000000000e+01
1.680080647890037298e+09,1.618800000000000000e+04,3.800000000000000000e+02,3.080000000000000000e+02,-6.130000000000000000e+02,1.600000000000000000e+01,4.600000000000000000e+01
1.680080647890807152e+09,1.618800000000000000e+04,3.800000000000000000e+02,3.080000000000000000e+02,-6.320000000000000000e+02,1.700000000000000000e+01,5.100000000000000000e+01
1.680080647891687870e+09,1.618000000000000000e+04,3.640000000000000000e+02,2.840000000000000000e+02,-6.380000000000000000e+02,3.000000000000000000e+00,4.500000000000000000e+01
1.680080647892729282e+09,1.620400000000000000e+04,2.880000000000000000e+02,3.480000000000000000e+02,-6.120000000000000000e+02,3.500000000000000000e+01,2.500000000000000000e+01
1.680080647893774271e+09,1.617600000000000000e+04,3.120000000000000000e+02,3.680000000000000000e+02,-6.230000000000000000e+02,6.500000000000000000e+01,1.400000000000000000e+01
1.680080647894576788e+09,1.616800000000000000e+04,3.680000000000000000e+02,3.600000000000000000e+02,-6.450000000000000000e+02,5.500000000000000000e+01,2.500000000000000000e+01
1.680080647895675182e+09,1.618800000000000000e+04,3.680000000000000000e+02,3.080000000000000000e+02,-6.860000000000000000e+02,3.700000000000000000e+01,3.600000000000000000e+01
1.680080647896670818e+09,1.624400000000000000e+04,3.320000000000000000e+02,2.760000000000000000e+02,-6.360000000000000000e+02,2.200000000000000000e+01,4.000000000000000000e+01
1.680080647897542477e+09,1.619200000000000000e+04,3.040000000000000000e+02,1.520000000000000000e+02,-6.090000000000000000e+02,3.700000000000000000e+01,2.800000000000000000e+01
1.680080647898332357e+09,1.625200000000000000e+04,3.240000000000000000e+02,2.840000000000000000e+02,-6.290000000000000000e+02,4.300000000000000000e+01,1.400000000000000000e+01
1.680080647899247885e+09,1.625600000000000000e+04,2.960000000000000000e+02,2.280000000000000000e+02,-6.650000000000000000e+02,4.700000000000000000e+01,1.600000000000000000e+01
1.680080647900086641e+09,1.626400000000000000e+04,3.320000000000000000e+02,3.400000000000000000e+02,-6.760000000000000000e+02,1.700000000000000000e+01,8.000000000000000000e+00
1.680080647900865078e+09,1.626400000000000000e+04,3.320000000000000000e+02,3.400000000000000000e+02,-6.390000000000000000e+02,3.500000000000000000e+01,7.000000000000000000e+00
1.680080647901637554e+09,1.628000000000000000e+04,2.760000000000000000e+02,3.480000000000000000e+02,-6.120000000000000000e+02,5.700000000000000000e+01,3.800000000000000000e+01
1.680080647902526140e+09,1.609600000000000000e+04,3.120000000000000000e+02,4.480000000000000000e+02,-6.010000000000000000e+02,4.600000000000000000e+01,5.500000000000000000e+01
1.680080647903465271e+09,1.610000000000000000e+04,3.440000000000000000e+02,4.120000000000000000e+02,-6.490000000000000000e+02,3.300000000000000000e+01,4.300000000000000000e+01
1.680080647904271126e+09,1.614400000000000000e+04,2.680000000000000000e+02,3.560000000000000000e+02,-6.690000000000000000e+02,1.900000000000000000e+01,3.500000000000000000e+01
1.680080647905145645e+09,1.615200000000000000e+04,2.840000000000000000e+02,3.720000000000000000e+02,-6.410000000000000000e+02,3.900000000000000000e+01,3.700000000000000000e+01
1.680080647906030178e+09,1.617600000000000000e+04,2.800000000000000000e+02,3.760000000000000000e+02,-6.330000000000000000e+02,5.600000000000000000e+01,4.100000000000000000e+01
1.680080647906853676e+09,1.617600000000000000e+04,2.800000000000000000e+02,3.760000000000000000e+02,-6.680000000000000000e+02,3.200000000000000000e+01,3.800000000000000000e+01
1.680080647907638788e+09,1.619200000000000000e+04,3.080000000000000000e+02,2.960000000000000000e+02,-6.350000000000000000e+02,1.800000000000000000e+01,2.000000000000000000e+01
1.680080647908427238e+09,1.616800000000000000e+04,3.160000000000000000e+02,2.280000000000000000e+02,-5.870000000000000000e+02,2.600000000000000000e+01,2.300000000000000000e+01
1.680080647909298897e+09,1.612000000000000000e+04,3.120000000000000000e+02,2.920000000000000000e+02,-5.930000000000000000e+02,4.600000000000000000e+01,2.800000000000000000e+01
1.680080647910114765e+09,1.622800000000000000e+04,3.000000000000000000e+02,3.040000000000000000e+02,-6.250000000000000000e+02,6.200000000000000000e+01,2.400000000000000000e+01
1.680080647910908699e+09,1.622800000000000000e+04,3.000000000000000000e+02,3.040000000000000000e+02,-6.640000000000000000e+02,5.100000000000000000e+01,1.000000000000000000e+01
1.680080647911685228e+09,1.620400000000000000e+04,3.320000000000000000e+02,2.560000000000000000e+02,-6.630000000000000000e+02,3.000000000000000000e+01,3.000000000000000000e+00
1.680080647912589312e+09,1.622800000000000000e+04,3.200000000000000000e+02,2.120000000000000000e+02,-6.020000000000000000e+02,2.500000000000000000e+01,2.300000000000000000e+01
1.680080647913476706e+09,1.620800000000000000e+04,2.200000000000000000e+02,2.480000000000000000e+02,-5.900000000000000000e+02,4.100000000000000000e+01,3.400000000000000000e+01
1.680080647914266348e+09,1.613600000000000000e+04,3.280000000000000000e+02,3.240000000000000000e+02,-6.120000000000000000e+02,5.400000000000000000e+01,3.600000000000000000e+01
1.680080647915230274e+09,1.608800000000000000e+04,3.480000000000000000e+02,3.760000000000000000e+02,-6.670000000000000000e+02,5.500000000000000000e+01,3.800000000000000000e+01
1.680080647916099548e+09,1.613600000000000000e+04,3.360000000000000000e+02,4.200000000000000000e+02,-6.570000000000000000e+02,5.200000000000000000e+01,3.600000000000000000e+01
1.680080647916897297e+09,1.613600000000000000e+04,3.360000000000000000e+02,4.200000000000000000e+02,-6.280000000000000000e+02,4.800000000000000000e+01,3.300000000000000000e+01
1.680080647918118954e+09,1.615600000000000000e+04,2.440000000000000000e+02,3.520000000000000000e+02,-6.330000000000000000e+02,3.600000000000000000e+01,1.900000000000000000e+01
1.680080647918927193e+09,1.617600000000000000e+04,3.000000000000000000e+02,3.400000000000000000e+02,-6.610000000000000000e+02,1.900000000000000000e+01,2.400000000000000000e+01
1.680080647919713497e+09,1.617600000000000000e+04,3.000000000000000000e+02,3.400000000000000000e+02,-6.380000000000000000e+02,3.200000000000000000e+01,3.700000000000000000e+01
1.680080647920727730e+09,1.612400000000000000e+04,3.000000000000000000e+02,3.360000000000000000e+02,-6.130000000000000000e+02,3.800000000000000000e+01,6.000000000000000000e+01
1.680080647921543598e+09,1.612400000000000000e+04,3.880000000000000000e+02,2.160000000000000000e+02,-6.310000000000000000e+02,3.100000000000000000e+01,3.900000000000000000e+01
1.680080647922319412e+09,1.610400000000000000e+04,2.720000000000000000e+02,3.040000000000000000e+02,-6.650000000000000000e+02,3.000000000000000000e+01,3.700000000000000000e+01
1.680080647923099041e+09,1.606400000000000000e+04,2.560000000000000000e+02,2.680000000000000000e+02,-6.700000000000000000e+02,2.300000000000000000e+01,3.700000000000000000e+01
1.680080647923870802e+09,1.606400000000000000e+04,2.560000000000000000e+02,2.680000000000000000e+02,-6.470000000000000000e+02,3.700000000000000000e+01,3.500000000000000000e+01
1.680080647924639702e+09,1.618000000000000000e+04,3.720000000000000000e+02,4.120000000000000000e+02,-6.220000000000000000e+02,5.500000000000000000e+01,2.500000000000000000e+01
1.680080647925594330e+09,1.620800000000000000e+04,3.720000000000000000e+02,3.560000000000000000e+02,-6.230000000000000000e+02,5.300000000000000000e+01,-1.000000000000000000e+00
1.680080647926403522e+09,1.607200000000000000e+04,2.280000000000000000e+02,2.080000000000000000e+02,-6.320000000000000000e+02,3.100000000000000000e+01,-8.000000000000000000e+00
1.680080647927181482e+09,1.612000000000000000e+04,3.120000000000000000e+02,3.040000000000000000e+02,-6.140000000000000000e+02,3.000000000000000000e+01,-5.000000000000000000e+00
1.680080647927960873e+09,1.615200000000000000e+04,3.240000000000000000e+02,2.040000000000000000e+02,-5.990000000000000000e+02,4.900000000000000000e+01,6.000000000000000000e+00
1.680080647928734303e+09,1.615200000000000000e+04,3.240000000000000000e+02,2.040000000000000000e+02,-6.060000000000000000e+02,6.300000000000000000e+01,2.300000000000000000e+01
1.680080647929891348e+09,1.625200000000000000e+04,3.280000000000000000e+02,2.600000000000000000e+02,-6.470000000000000000e+02,3.300000000000000000e+01,3.500000000000000000e+01
1.680080647930705070e+09,1.613600000000000000e+04,3.000000000000000000e+02,4.480000000000000000e+02,-6.640000000000000000e+02,9.000000000000000000e+00,4.200000000000000000e+01
1.680080647931503296e+09,1.622400000000000000e+04,3.160000000000000000e+02,3.480000000000000000e+02,-6.370000000000000000e+02,2.700000000000000000e+01,3.800000000000000000e+01
1.680080647932287216e+09,1.625200000000000000e+04,3.560000000000000000e+02,1.840000000000000000e+02,-6.230000000000000000e+02,4.800000000000000000e+01,3.900000000000000000e+01
1.680080647933066845e+09,1.619600000000000000e+04,2.480000000000000000e+02,2.360000000000000000e+02,-6.420000000000000000e+02,6.200000000000000000e+01,2.600000000000000000e+01
1.680080647933830976e+09,1.619600000000000000e+04,2.480000000000000000e+02,2.360000000000000000e+02,-6.350000000000000000e+02,4.300000000000000000e+01,3.200000000000000000e+01
1.680080647934710264e+09,1.621200000000000000e+04,2.920000000000000000e+02,3.120000000000000000e+02,-6.020000000000000000e+02,3.000000000000000000e+01,3.500000000000000000e+01
1.680080647935650587e+09,1.622400000000000000e+04,2.600000000000000000e+02,2.760000000000000000e+02,-6.100000000000000000e+02,2.800000000000000000e+01,2.500000000000000000e+01
1.680080647936468363e+09,1.618400000000000000e+04,3.120000000000000000e+02,3.640000000000000000e+02,-6.400000000000000000e+02,2.600000000000000000e+01,1.500000000000000000e+01
1.680080647937318087e+09,1.625200000000000000e+04,3.480000000000000000e+02,2.960000000000000000e+02,-6.590000000000000000e+02,5.200000000000000000e+01,2.300000000000000000e+01
1.680080647938118696e+09,1.618800000000000000e+04,3.360000000000000000e+02,2.680000000000000000e+02,-6.400000000000000000e+02,7.100000000000000000e+01,2.900000000000000000e+01
1.680080647938900948e+09,1.622400000000000000e+04,3.480000000000000000e+02,2.560000000000000000e+02,-6.210000000000000000e+02,5.600000000000000000e+01,2.300000000000000000e+01
1.680080647939784765e+09,1.622400000000000000e+04,3.480000000000000000e+02,2.560000000000000000e+02,-6.330000000000000000e+02,3.900000000000000000e+01,2.100000000000000000e+01
1.680080647940848589e+09,1.627600000000000000e+04,2.880000000000000000e+02,1.680000000000000000e+02,-6.360000000000000000e+02,3.000000000000000000e+01,4.000000000000000000e+01
1.680080647941654444e+09,1.616800000000000000e+04,2.920000000000000000e+02,1.560000000000000000e+02,-6.180000000000000000e+02,4.200000000000000000e+01,4.000000000000000000e+01
1.680080647942432404e+09,1.621600000000000000e+04,2.880000000000000000e+02,3.040000000000000000e+02,-6.120000000000000000e+02,4.400000000000000000e+01,3.700000000000000000e+01
1.680080647943214417e+09,1.605200000000000000e+04,3.320000000000000000e+02,3.560000000000000000e+02,-6.430000000000000000e+02,2.000000000000000000e+01,2.500000000000000000e+01
1.680080647944247723e+09,1.613200000000000000e+04,2.760000000000000000e+02,4.360000000000000000e+02,-6.430000000000000000e+02,7.000000000000000000e+00,2.600000000000000000e+01
1.680080647945118427e+09,1.616800000000000000e+04,2.720000000000000000e+02,3.360000000000000000e+02,-6.170000000000000000e+02,4.100000000000000000e+01,2.500000000000000000e+01
1.680080647945897579e+09,1.624000000000000000e+04,2.440000000000000000e+02,2.600000000000000000e+02,-6.230000000000000000e+02,6.300000000000000000e+01,5.000000000000000000e+00
1.680080647946832418e+09,1.624000000000000000e+04,2.440000000000000000e+02,2.600000000000000000e+02,-6.440000000000000000e+02,6.100000000000000000e+01,2.000000000000000000e+00
1.680080647947609663e+09,1.630000000000000000e+04,2.960000000000000000e+02,2.920000000000000000e+02,-6.590000000000000000e+02,3.600000000000000000e+01,8.000000000000000000e+00
1.680080647948385954e+09,1.612800000000000000e+04,3.840000000000000000e+02,3.520000000000000000e+02,-6.390000000000000000e+02,3.200000000000000000e+01,3.200000000000000000e+01
1.680080647949217796e+09,1.608000000000000000e+04,3.080000000000000000e+02,4.280000000000000000e+02,-6.420000000000000000e+02,4.100000000000000000e+01,4.300000000000000000e+01
1.680080647950124025e+09,1.613600000000000000e+04,3.680000000000000000e+02,4.440000000000000000e+02,-6.590000000000000000e+02,4.400000000000000000e+01,3.000000000000000000e+01
1.680080647950933218e+09,1.614000000000000000e+04,3.320000000000000000e+02,4.440000000000000000e+02,-6.340000000000000000e+02,4.100000000000000000e+01,1.700000000000000000e+01
1.680080647951725245e+09,1.614000000000000000e+04,3.320000000000000000e+02,4.440000000000000000e+02,-6.180000000000000000e+02,3.300000000000000000e+01,1.800000000000000000e+01
1.680080647952494621e+09,1.618800000000000000e+04,2.600000000000000000e+02,4.200000000000000000e+02,-6.180000000000000000e+02,3.000000000000000000e+01,2.200000000000000000e+01
1.680080647953583002e+09,1.613200000000000000e+04,2.520000000000000000e+02,2.840000000000000000e+02,-6.400000000000000000e+02,2.300000000000000000e+01,3.900000000000000000e+01
1.680080647954355955e+09,1.618000000000000000e+04,3.320000000000000000e+02,3.240000000000000000e+02,-6.120000000000000000e+02,2.700000000000000000e+01,4.200000000000000000e+01
1.680080647955152035e+09,1.608400000000000000e+04,3.480000000000000000e+02,4.000000000000000000e+02,-5.990000000000000000e+02,4.200000000000000000e+01,3.000000000000000000e+01
1.680080647956011772e+09,1.616400000000000000e+04,2.480000000000000000e+02,3.600000000000000000e+02,-6.170000000000000000e+02,5.500000000000000000e+01,3.400000000000000000e+01
1.680080647956833601e+09,1.619600000000000000e+04,2.280000000000000000e+02,4.160000000000000000e+02,-6.570000000000000000e+02,6.300000000000000000e+01,4.200000000000000000e+01
1.680080647957617044e+09,1.619600000000000000e+04,2.280000000000000000e+02,4.160000000000000000e+02,-6.730000000000000000e+02,6.400000000000000000e+01,4.000000000000000000e+01
1.680080647958549500e+09,1.617600000000000000e+04,2.760000000000000000e+02,3.800000000000000000e+02,-6.510000000000000000e+02,6.200000000000000000e+01,4.600000000000000000e+01
1.680080647959399939e+09,1.614800000000000000e+04,3.320000000000000000e+02,3.000000000000000000e+02,-6.220000000000000000e+02,5.600000000000000000e+01,3.900000000000000000e+01
1.680080647960272074e+09,1.617600000000000000e+04,3.600000000000000000e+02,2.360000000000000000e+02,-6.260000000000000000e+02,4.600000000000000000e+01,2.300000000000000000e+01
1.680080647961131096e+09,1.614000000000000000e+04,3.080000000000000000e+02,1.760000000000000000e+02,-6.240000000000000000e+02,3.000000000000000000e+01,1.500000000000000000e+01
1.680080647961915255e+09,1.623600000000000000e+04,3.480000000000000000e+02,2.440000000000000000e+02,-6.230000000000000000e+02,3.200000000000000000e+01,1.700000000000000000e+01
1.680080647962699175e+09,1.623600000000000000e+04,3.480000000000000000e+02,2.440000000000000000e+02,-6.280000000000000000e+02,3.500000000000000000e+01,3.200000000000000000e+01
1.680080647963583946e+09,1.621600000000000000e+04,3.440000000000000000e+02,2.720000000000000000e+02,-6.410000000000000000e+02,4.400000000000000000e+01,3.700000000000000000e+01
1.680080647964504242e+09,1.617200000000000000e+04,3.280000000000000000e+02,3.960000000000000000e+02,-6.290000000000000000e+02,3.300000000000000000e+01,4.100000000000000000e+01
1.680080647965371370e+09,1.615200000000000000e+04,2.120000000000000000e+02,3.480000000000000000e+02,-6.130000000000000000e+02,3.100000000000000000e+01,2.900000000000000000e+01
1.680080647966151953e+09,1.615200000000000000e+04,2.080000000000000000e+02,3.160000000000000000e+02,-6.490000000000000000e+02,1.400000000000000000e+01,3.700000000000000000e+01
1.680080647966950178e+09,1.622400000000000000e+04,2.960000000000000000e+02,3.240000000000000000e+02,-6.700000000000000000e+02,0.000000000000000000e+00,4.800000000000000000e+01
1.680080647967720032e+09,1.622400000000000000e+04,2.960000000000000000e+02,3.240000000000000000e+02,-6.590000000000000000e+02,1.000000000000000000e+01,4.600000000000000000e+01
1.680080647968498468e+09,1.617600000000000000e+04,3.400000000000000000e+02,3.440000000000000000e+02,-6.350000000000000000e+02,3.300000000000000000e+01,4.400000000000000000e+01
1.680080647969265223e+09,1.612400000000000000e+04,3.040000000000000000e+02,2.920000000000000000e+02,-6.330000000000000000e+02,3.400000000000000000e+01,3.000000000000000000e+01
1.680080647970136642e+09,1.621200000000000000e+04,4.160000000000000000e+02,3.320000000000000000e+02,-6.350000000000000000e+02,3.500000000000000000e+01,1.200000000000000000e+01
1.680080647971004486e+09,1.627200000000000000e+04,3.240000000000000000e+02,2.880000000000000000e+02,-6.330000000000000000e+02,5.100000000000000000e+01,1.800000000000000000e+01
1.680080647972189903e+09,1.624800000000000000e+04,3.080000000000000000e+02,2.840000000000000000e+02,-6.390000000000000000e+02,5.400000000000000000e+01,1.000000000000000000e+01
1.680080647973019361e+09,1.611600000000000000e+04,2.200000000000000000e+02,4.200000000000000000e+02,-6.500000000000000000e+02,4.700000000000000000e+01,3.000000000000000000e+01
1.680080647973800421e+09,1.609600000000000000e+04,2.640000000000000000e+02,4.160000000000000000e+02,-6.350000000000000000e+02,4.000000000000000000e+01,5.700000000000000000e+01
1.680080647974728107e+09,1.609600000000000000e+04,2.640000000000000000e+02,4.160000000000000000e+02,-6.260000000000000000e+02,3.300000000000000000e+01,6.100000000000000000e+01
1.680080647975526094e+09,1.618400000000000000e+04,3.880000000000000000e+02,2.720000000000000000e+02,-6.110000000000000000e+02,3.400000000000000000e+01,4.700000000000000000e+01
1.680080647976313353e+09,1.621600000000000000e+04,3.000000000000000000e+02,2.360000000000000000e+02,-6.220000000000000000e+02,3.900000000000000000e+01,4.200000000000000000e+01
1.680080647977121115e+09,1.626800000000000000e+04,3.360000000000000000e+02,2.960000000000000000e+02,-6.180000000000000000e+02,2.300000000000000000e+01,3.100000000000000000e+01
1.680080647977962255e+09,1.626000000000000000e+04,2.400000000000000000e+02,4.720000000000000000e+02,-6.290000000000000000e+02,3.600000000000000000e+01,2.400000000000000000e+01
1.680080647978869677e+09,1.614000000000000000e+04,2.680000000000000000e+02,4.720000000000000000e+02,-6.620000000000000000e+02,3.200000000000000000e+01,1.800000000000000000e+01
1.680080647979680777e+09,1.614000000000000000e+04,2.680000000000000000e+02,4.720000000000000000e+02,-6.660000000000000000e+02,2.600000000000000000e+01,2.900000000000000000e+01
1.680080647980477333e+09,1.616800000000000000e+04,2.360000000000000000e+02,5.480000000000000000e+02,-6.270000000000000000e+02,3.900000000000000000e+01,3.700000000000000000e+01
1.680080647981292486e+09,1.622000000000000000e+04,3.240000000000000000e+02,4.400000000000000000e+02,-6.130000000000000000e+02,5.800000000000000000e+01,3.100000000000000000e+01
1.680080647982167244e+09,1.619200000000000000e+04,3.320000000000000000e+02,3.120000000000000000e+02,-6.290000000000000000e+02,6.900000000000000000e+01,2.000000000000000000e+01
1.680080647983014822e+09,1.612400000000000000e+04,3.040000000000000000e+02,2.160000000000000000e+02,-6.700000000000000000e+02,5.300000000000000000e+01,2.800000000000000000e+01
1.680080647983815432e+09,1.604400000000000000e+04,3.560000000000000000e+02,2.800000000000000000e+02,-6.830000000000000000e+02,1.800000000000000000e+01,6.000000000000000000e+01
1.680080647984796524e+09,1.616800000000000000e+04,3.320000000000000000e+02,2.760000000000000000e+02,-6.300000000000000000e+02,1.200000000000000000e+01,6.700000000000000000e+01
1.680080647985663414e+09,1.616800000000000000e+04,3.320000000000000000e+02,2.760000000000000000e+02,-6.090000000000000000e+02,2.500000000000000000e+01,5.500000000000000000e+01
1.680080647986480713e+09,1.620400000000000000e+04,3.600000000000000000e+02,3.640000000000000000e+02,-6.180000000000000000e+02,3.800000000000000000e+01,2.600000000000000000e+01
1.680080647987361908e+09,1.616400000000000000e+04,2.800000000000000000e+02,3.400000000000000000e+02,-6.490000000000000000e+02,3.400000000000000000e+01,2.400000000000000000e+01
1.680080647988136053e+09,1.620000000000000000e+04,2.160000000000000000e+02,3.720000000000000000e+02,-6.470000000000000000e+02,3.800000000000000000e+01,3.100000000000000000e+01
1.680080647988910913e+09,1.624400000000000000e+04,2.520000000000000000e+02,4.480000000000000000e+02,-6.270000000000000000e+02,5.500000000000000000e+01,3.700000000000000000e+01
1.680080647989680052e+09,1.622000000000000000e+04,2.480000000000000000e+02,4.320000000000000000e+02,-6.200000000000000000e+02,6.300000000000000000e+01,4.100000000000000000e+01
1.680080648006648064e+09,1.622000000000000000e+04,2.480000000000000000e+02,4.320000000000000000e+02,-6.310000000000000000e+02,4.900000000000000000e+01,3.500000000000000000e+01
1.680080648007720470e+09,1.624800000000000000e+04,2.800000000000000000e+02,3.280000000000000000e+02,-6.500000000000000000e+02,4.300000000000000000e+01,3.700000000000000000e+01
1.680080648016401052e+09,1.624800000000000000e+04,2.800000000000000000e+02,3.280000000000000000e+02,-6.330000000000000000e+02,2.800000000000000000e+01,3.200000000000000000e+01
1.680080648017317057e+09,1.620400000000000000e+04,2.680000000000000000e+02,4.320000000000000000e+02,-6.390000000000000000e+02,5.400000000000000000e+01,1.600000000000000000e+01
1.680080648018145084e+09,1.625200000000000000e+04,2.120000000000000000e+02,2.960000000000000000e+02,-6.680000000000000000e+02,3.400000000000000000e+01,3.000000000000000000e+00
1.680080648018933296e+09,1.616000000000000000e+04,1.880000000000000000e+02,2.680000000000000000e+02,-6.430000000000000000e+02,1.600000000000000000e+01,9.000000000000000000e+00
1.680080648019783497e+09,1.599200000000000000e+04,2.480000000000000000e+02,2.360000000000000000e+02,-6.010000000000000000e+02,1.500000000000000000e+01,3.100000000000000000e+01
1.680080648020590305e+09,1.607600000000000000e+04,2.680000000000000000e+02,4.360000000000000000e+02,-6.070000000000000000e+02,3.400000000000000000e+01,2.400000000000000000e+01
1.680080648026426077e+09,1.607600000000000000e+04,2.680000000000000000e+02,4.360000000000000000e+02,-6.360000000000000000e+02,5.500000000000000000e+01,9.000000000000000000e+00
1.680080648027325869e+09,1.616800000000000000e+04,2.360000000000000000e+02,3.920000000000000000e+02,-5.950000000000000000e+02,2.300000000000000000e+01,3.400000000000000000e+01
1.680080648028141737e+09,1.615200000000000000e+04,3.000000000000000000e+02,4.920000000000000000e+02,-6.120000000000000000e+02,4.200000000000000000e+01,2.700000000000000000e+01
1.680080648036522865e+09,1.614400000000000000e+04,2.800000000000000000e+02,4.640000000000000000e+02,-6.380000000000000000e+02,5.800000000000000000e+01,2.700000000000000000e+01
1.680080648037784338e+09,1.618800000000000000e+04,3.440000000000000000e+02,3.920000000000000000e+02,-6.260000000000000000e+02,5.300000000000000000e+01,2.900000000000000000e+01
1.680080648038634062e+09,1.615600000000000000e+04,3.640000000000000000e+02,4.200000000000000000e+02,-6.540000000000000000e+02,7.100000000000000000e+01,2.900000000000000000e+01
1.680080648039483547e+09,1.615600000000000000e+04,3.640000000000000000e+02,4.200000000000000000e+02,-6.710000000000000000e+02,3.700000000000000000e+01,1.200000000000000000e+01
1.680080648047450066e+09,1.613200000000000000e+04,2.520000000000000000e+02,3.440000000000000000e+02,-6.420000000000000000e+02,6.300000000000000000e+01,2.500000000000000000e+01
1.680080648048336267e+09,1.613200000000000000e+04,2.520000000000000000e+02,3.440000000000000000e+02,-6.300000000000000000e+02,6.800000000000000000e+01,2.500000000000000000e+01
1.680080648053296089e+09,1.608800000000000000e+04,2.840000000000000000e+02,4.240000000000000000e+02,-6.610000000000000000e+02,1.800000000000000000e+01,2.200000000000000000e+01
1.680080648057910204e+09,1.619600000000000000e+04,3.360000000000000000e+02,2.800000000000000000e+02,-6.390000000000000000e+02,2.900000000000000000e+01,1.800000000000000000e+01
1.680080648058793783e+09,1.620000000000000000e+04,4.040000000000000000e+02,3.400000000000000000e+02,-6.300000000000000000e+02,4.600000000000000000e+01,1.600000000000000000e+01
1.680080648067496538e+09,1.620800000000000000e+04,2.920000000000000000e+02,2.800000000000000000e+02,-6.600000000000000000e+02,1.600000000000000000e+01,3.700000000000000000e+01
1.680080648068347216e+09,1.620800000000000000e+04,2.920000000000000000e+02,2.800000000000000000e+02,-6.250000000000000000e+02,1.200000000000000000e+01,2.300000000000000000e+01
1.680080648069224596e+09,1.617600000000000000e+04,3.200000000000000000e+02,3.280000000000000000e+02,-6.060000000000000000e+02,3.200000000000000000e+01,3.100000000000000000e+01
1.680080648070042610e+09,1.616000000000000000e+04,2.320000000000000000e+02,1.920000000000000000e+02,-6.270000000000000000e+02,5.300000000000000000e+01,3.200000000000000000e+01
1.680080648070877790e+09,1.618000000000000000e+04,2.880000000000000000e+02,2.520000000000000000e+02,-6.530000000000000000e+02,3.800000000000000000e+01,1.900000000000000000e+01
1.680080648071690559e+09,1.610000000000000000e+04,4.120000000000000000e+02,3.160000000000000000e+02,-6.420000000000000000e+02,3.200000000000000000e+01,2.900000000000000000e+01
1.680080648077875853e+09,1.618000000000000000e+04,4.120000000000000000e+02,2.920000000000000000e+02,-6.310000000000000000e+02,3.400000000000000000e+01,1.700000000000000000e+01
1.680080648086462259e+09,1.612800000000000000e+04,3.480000000000000000e+02,3.200000000000000000e+02,-6.290000000000000000e+02,5.500000000000000000e+01,2.400000000000000000e+01
1.680080648087635994e+09,1.616800000000000000e+04,3.560000000000000000e+02,4.120000000000000000e+02,-6.480000000000000000e+02,3.800000000000000000e+01,1.900000000000000000e+01
1.680080648096713305e+09,1.615200000000000000e+04,3.600000000000000000e+02,3.560000000000000000e+02,-6.250000000000000000e+02,2.900000000000000000e+01,3.100000000000000000e+01
1.680080648097815037e+09,1.621600000000000000e+04,3.440000000000000000e+02,4.120000000000000000e+02,-6.220000000000000000e+02,3.000000000000000000e+00,3.400000000000000000e+01
1.680080648106731892e+09,1.616400000000000000e+04,3.120000000000000000e+02,2.920000000000000000e+02,-6.030000000000000000e+02,1.700000000000000000e+01,3.800000000000000000e+01
1.680080648108069658e+09,1.621600000000000000e+04,2.400000000000000000e+02,1.880000000000000000e+02,-6.180000000000000000e+02,6.500000000000000000e+01,4.800000000000000000e+01
1.680080648116400480e+09,1.618400000000000000e+04,3.200000000000000000e+02,2.400000000000000000e+02,-6.330000000000000000e+02,4.700000000000000000e+01,4.200000000000000000e+01
1.680080648117289305e+09,1.617600000000000000e+04,3.120000000000000000e+02,2.120000000000000000e+02,-6.490000000000000000e+02,1.000000000000000000e+01,2.400000000000000000e+01
1.680080648118124247e+09,1.617600000000000000e+04,3.120000000000000000e+02,2.120000000000000000e+02,-6.160000000000000000e+02,1.700000000000000000e+01,1.400000000000000000e+01
1.680080648118953705e+09,1.606800000000000000e+04,2.680000000000000000e+02,3.000000000000000000e+02,-6.160000000000000000e+02,2.800000000000000000e+01,1.000000000000000000e+01
1.680080648119795084e+09,1.608000000000000000e+04,2.080000000000000000e+02,2.720000000000000000e+02,-6.470000000000000000e+02,5.300000000000000000e+01,1.900000000000000000e+01
1.680080648120631218e+09,1.612400000000000000e+04,2.720000000000000000e+02,3.640000000000000000e+02,-6.760000000000000000e+02,6.500000000000000000e+01,3.400000000000000000e+01
1.680080648126545906e+09,1.616800000000000000e+04,2.560000000000000000e+02,3.560000000000000000e+02,-6.650000000000000000e+02,3.900000000000000000e+01,3.900000000000000000e+01
1.680080648127875328e+09,1.615200000000000000e+04,2.320000000000000000e+02,3.760000000000000000e+02,-6.350000000000000000e+02,5.100000000000000000e+01,2.700000000000000000e+01
1.680080648128727913e+09,1.614400000000000000e+04,2.440000000000000000e+02,3.800000000000000000e+02,-6.480000000000000000e+02,3.500000000000000000e+01,4.500000000000000000e+01
1.680080648132855654e+09,1.611600000000000000e+04,2.160000000000000000e+02,2.800000000000000000e+02,-6.150000000000000000e+02,2.300000000000000000e+01,3.000000000000000000e+01
1.680080648134003162e+09,1.616800000000000000e+04,3.000000000000000000e+02,3.840000000000000000e+02,-5.990000000000000000e+02,3.900000000000000000e+01,1.400000000000000000e+01
1.680080648134853601e+09,1.620400000000000000e+04,2.880000000000000000e+02,3.880000000000000000e+02,-6.240000000000000000e+02,4.900000000000000000e+01,2.900000000000000000e+01
1.680080648135689497e+09,1.612800000000000000e+04,1.880000000000000000e+02,3.680000000000000000e+02,-6.600000000000000000e+02,3.300000000000000000e+01,2.700000000000000000e+01
1.680080648136543512e+09,1.614800000000000000e+04,2.160000000000000000e+02,4.760000000000000000e+02,-6.470000000000000000e+02,2.700000000000000000e+01,1.600000000000000000e+01
1.680080648137525558e+09,1.613600000000000000e+04,2.440000000000000000e+02,4.240000000000000000e+02,-5.910000000000000000e+02,2.500000000000000000e+01,1.900000000000000000e+01
1.680080648138345718e+09,1.615200000000000000e+04,2.320000000000000000e+02,1.880000000000000000e+02,-5.900000000000000000e+02,4.700000000000000000e+01,2.400000000000000000e+01
1.680080648139143705e+09,1.621200000000000000e+04,3.160000000000000000e+02,2.840000000000000000e+02,-6.260000000000000000e+02,5.100000000000000000e+01,3.800000000000000000e+01
1.680080648140010834e+09,1.621200000000000000e+04,3.160000000000000000e+02,2.840000000000000000e+02,-6.550000000000000000e+02,3.700000000000000000e+01,3.100000000000000000e+01
1.680080648141210079e+09,1.628800000000000000e+04,3.000000000000000000e+02,3.720000000000000000e+02,-6.450000000000000000e+02,4.200000000000000000e+01,3.100000000000000000e+01
1.680080648146856785e+09,1.624000000000000000e+04,2.640000000000000000e+02,2.800000000000000000e+02,-6.480000000000000000e+02,4.800000000000000000e+01,1.400000000000000000e+01
1.680080648147798300e+09,1.616800000000000000e+04,2.760000000000000000e+02,3.640000000000000000e+02,-6.640000000000000000e+02,2.300000000000000000e+01,2.300000000000000000e+01
1.680080648155577660e+09,1.622800000000000000e+04,3.640000000000000000e+02,3.400000000000000000e+02,-6.240000000000000000e+02,2.600000000000000000e+01,2.400000000000000000e+01
1.680080648156986713e+09,1.606400000000000000e+04,3.920000000000000000e+02,2.800000000000000000e+02,-6.050000000000000000e+02,-9.000000000000000000e+00,4.000000000000000000e+01
1.680080648157979488e+09,1.612000000000000000e+04,4.120000000000000000e+02,3.120000000000000000e+02,-6.360000000000000000e+02,1.900000000000000000e+01,5.400000000000000000e+01
1.680080648158816099e+09,1.626400000000000000e+04,2.960000000000000000e+02,3.880000000000000000e+02,-6.480000000000000000e+02,3.900000000000000000e+01,4.900000000000000000e+01
1.680080648159626245e+09,1.608000000000000000e+04,2.560000000000000000e+02,3.160000000000000000e+02,-6.280000000000000000e+02,4.100000000000000000e+01,3.400000000000000000e+01
1.680080648160415173e+09,1.615600000000000000e+04,3.680000000000000000e+02,2.200000000000000000e+02,-6.250000000000000000e+02,4.900000000000000000e+01,3.300000000000000000e+01
1.680080648164860964e+09,1.622000000000000000e+04,3.800000000000000000e+02,3.080000000000000000e+02,-6.350000000000000000e+02,5.300000000000000000e+01,4.100000000000000000e+01
1.680080648166464567e+09,1.612400000000000000e+04,4.280000000000000000e+02,2.680000000000000000e+02,-6.260000000000000000e+02,3.100000000000000000e+01,2.800000000000000000e+01
1.680080648167592764e+09,1.617600000000000000e+04,3.480000000000000000e+02,2.440000000000000000e+02,-6.360000000000000000e+02,2.400000000000000000e+01,3.600000000000000000e+01
1.680080648168460608e+09,1.614400000000000000e+04,3.600000000000000000e+02,2.800000000000000000e+02,-6.230000000000000000e+02,1.600000000000000000e+01,3.800000000000000000e+01
1.680080648169562578e+09,1.610400000000000000e+04,3.160000000000000000e+02,2.680000000000000000e+02,-6.110000000000000000e+02,4.400000000000000000e+01,2.100000000000000000e+01
1.680080648170418978e+09,1.619200000000000000e+04,3.000000000000000000e+02,3.520000000000000000e+02,-6.240000000000000000e+02,6.200000000000000000e+01,1.100000000000000000e+01
1.680080648171247721e+09,1.625600000000000000e+04,3.520000000000000000e+02,3.720000000000000000e+02,-6.410000000000000000e+02,6.600000000000000000e+01,1.000000000000000000e+01
1.680080648172267914e+09,1.610000000000000000e+04,2.880000000000000000e+02,3.760000000000000000e+02,-6.380000000000000000e+02,6.800000000000000000e+01,1.600000000000000000e+01
1.680080648177969456e+09,1.611600000000000000e+04,3.200000000000000000e+02,2.560000000000000000e+02,-6.490000000000000000e+02,6.000000000000000000e+00,4.100000000000000000e+01
1.680080648180895329e+09,1.613600000000000000e+04,3.160000000000000000e+02,2.280000000000000000e+02,-6.260000000000000000e+02,8.000000000000000000e+00,3.000000000000000000e+01
1.680080648182308674e+09,1.619600000000000000e+04,3.640000000000000000e+02,2.800000000000000000e+02,-6.570000000000000000e+02,1.900000000000000000e+01,3.700000000000000000e+01
1.680080648183124781e+09,1.611600000000000000e+04,3.480000000000000000e+02,3.400000000000000000e+02,-6.000000000000000000e+02,6.000000000000000000e+00,3.300000000000000000e+01
1.680080648183943272e+09,1.620800000000000000e+04,3.440000000000000000e+02,2.800000000000000000e+02,-5.900000000000000000e+02,-5.000000000000000000e+00,1.900000000000000000e+01
1.680080648184729099e+09,1.620800000000000000e+04,3.440000000000000000e+02,2.800000000000000000e+02,-6.170000000000000000e+02,2.200000000000000000e+01,7.000000000000000000e+00
1.680080648185508251e+09,1.635200000000000000e+04,3.000000000000000000e+02,3.160000000000000000e+02,-6.680000000000000000e+02,4.600000000000000000e+01,2.500000000000000000e+01
1.680080648186290026e+09,1.623200000000000000e+04,2.240000000000000000e+02,2.560000000000000000e+02,-6.810000000000000000e+02,2.900000000000000000e+01,4.600000000000000000e+01
1.680080648187391996e+09,1.622800000000000000e+04,1.920000000000000000e+02,1.920000000000000000e+02,-6.160000000000000000e+02,2.100000000000000000e+01,4.400000000000000000e+01
1.680080648188324928e+09,1.620800000000000000e+04,2.840000000000000000e+02,3.160000000000000000e+02,-6.020000000000000000e+02,3.500000000000000000e+01,3.400000000000000000e+01
1.680080648189180374e+09,1.616000000000000000e+04,2.760000000000000000e+02,4.040000000000000000e+02,-6.290000000000000000e+02,4.900000000000000000e+01,4.500000000000000000e+01
1.680080648190031528e+09,1.616400000000000000e+04,3.000000000000000000e+02,2.400000000000000000e+02,-6.760000000000000000e+02,3.900000000000000000e+01,4.800000000000000000e+01
1.680080648190859556e+09,1.616400000000000000e+04,3.000000000000000000e+02,2.400000000000000000e+02,-6.810000000000000000e+02,6.000000000000000000e+00,1.900000000000000000e+01
1.680080648191880703e+09,1.627600000000000000e+04,3.080000000000000000e+02,3.240000000000000000e+02,-6.040000000000000000e+02,-4.000000000000000000e+00,3.000000000000000000e+00
1.680080648192731142e+09,1.626400000000000000e+04,3.600000000000000000e+02,3.040000000000000000e+02,-5.990000000000000000e+02,1.400000000000000000e+01,3.000000000000000000e+00
1.680080648193557978e+09,1.619600000000000000e+04,3.080000000000000000e+02,3.080000000000000000e+02,-6.230000000000000000e+02,4.400000000000000000e+01,1.000000000000000000e+01
1.680080648194377422e+09,1.616400000000000000e+04,3.480000000000000000e+02,4.000000000000000000e+02,-6.550000000000000000e+02,4.100000000000000000e+01,2.200000000000000000e+01
1.680080648195208311e+09,1.624000000000000000e+04,4.000000000000000000e+02,4.720000000000000000e+02,-6.760000000000000000e+02,2.000000000000000000e+01,2.600000000000000000e+01
1.680080648196119547e+09,1.620800000000000000e+04,4.200000000000000000e+02,4.400000000000000000e+02,-6.190000000000000000e+02,2.100000000000000000e+01,3.800000000000000000e+01
1.680080648197044134e+09,1.612800000000000000e+04,3.600000000000000000e+02,4.440000000000000000e+02,-5.990000000000000000e+02,2.800000000000000000e+01,2.700000000000000000e+01
1.680080648198117733e+09,1.610800000000000000e+04,3.520000000000000000e+02,3.760000000000000000e+02,-6.290000000000000000e+02,4.000000000000000000e+01,2.500000000000000000e+01
1.680080648199057817e+09,1.608400000000000000e+04,3.800000000000000000e+02,4.280000000000000000e+02,-6.650000000000000000e+02,4.300000000000000000e+01,3.800000000000000000e+01
1.680080648199989557e+09,1.618000000000000000e+04,2.920000000000000000e+02,2.600000000000000000e+02,-6.440000000000000000e+02,6.000000000000000000e+01,5.300000000000000000e+01
1.680080648201114178e+09,1.624400000000000000e+04,2.760000000000000000e+02,3.640000000000000000e+02,-6.320000000000000000e+02,6.700000000000000000e+01,4.600000000000000000e+01
1.680080648201988697e+09,1.628000000000000000e+04,3.480000000000000000e+02,4.240000000000000000e+02,-6.400000000000000000e+02,4.400000000000000000e+01,4.700000000000000000e+01
1.680080648202829361e+09,1.618000000000000000e+04,3.000000000000000000e+02,3.760000000000000000e+02,-6.270000000000000000e+02,2.100000000000000000e+01,3.500000000000000000e+01
1.680080648203667641e+09,1.618000000000000000e+04,3.000000000000000000e+02,3.760000000000000000e+02,-6.140000000000000000e+02,1.200000000000000000e+01,3.800000000000000000e+01
1.680080648204510450e+09,1.612000000000000000e+04,3.600000000000000000e+02,2.760000000000000000e+02,-6.450000000000000000e+02,1.400000000000000000e+01,3.500000000000000000e+01
1.680080648205361605e+09,1.614800000000000000e+04,2.600000000000000000e+02,3.640000000000000000e+02,-6.740000000000000000e+02,2.600000000000000000e+01,2.700000000000000000e+01
1.680080648206207275e+09,1.616000000000000000e+04,2.120000000000000000e+02,3.160000000000000000e+02,-6.450000000000000000e+02,4.100000000000000000e+01,3.900000000000000000e+01
1.680080648207314253e+09,1.619200000000000000e+04,2.760000000000000000e+02,3.120000000000000000e+02,-6.170000000000000000e+02,7.300000000000000000e+01,3.100000000000000000e+01
1.680080648208170176e+09,1.625600000000000000e+04,2.040000000000000000e+02,3.440000000000000000e+02,-6.430000000000000000e+02,5.800000000000000000e+01,2.300000000000000000e+01
1.680080648209335327e+09,1.618400000000000000e+04,2.720000000000000000e+02,3.640000000000000000e+02,-6.320000000000000000e+02,3.900000000000000000e+01,1.600000000000000000e+01
1.680080648210212469e+09,1.620800000000000000e+04,2.920000000000000000e+02,2.640000000000000000e+02,-6.440000000000000000e+02,4.400000000000000000e+01,2.500000000000000000e+01
1.680080648212527514e+09,1.617200000000000000e+04,2.160000000000000000e+02,3.720000000000000000e+02,-6.510000000000000000e+02,4.900000000000000000e+01,4.500000000000000000e+01
1.680080648213489771e+09,1.617200000000000000e+04,2.760000000000000000e+02,4.240000000000000000e+02,-6.620000000000000000e+02,2.600000000000000000e+01,3.200000000000000000e+01
1.680080648214323997e+09,1.622800000000000000e+04,3.280000000000000000e+02,3.920000000000000000e+02,-6.380000000000000000e+02,8.000000000000000000e+00,3.600000000000000000e+01
1.680080648215302229e+09,1.614000000000000000e+04,3.000000000000000000e+02,3.760000000000000000e+02,-6.070000000000000000e+02,5.200000000000000000e+01,5.200000000000000000e+01
1.680080648216236115e+09,1.620800000000000000e+04,3.320000000000000000e+02,2.920000000000000000e+02,-6.050000000000000000e+02,8.500000000000000000e+01,5.600000000000000000e+01
1.680080648217131376e+09,1.617200000000000000e+04,3.120000000000000000e+02,3.200000000000000000e+02,-6.370000000000000000e+02,1.030000000000000000e+02,4.200000000000000000e+01
1.680080648217961788e+09,1.621200000000000000e+04,2.400000000000000000e+02,4.040000000000000000e+02,-6.470000000000000000e+02,5.400000000000000000e+01,2.100000000000000000e+01
1.680080648218778610e+09,1.621200000000000000e+04,2.400000000000000000e+02,4.040000000000000000e+02,-6.340000000000000000e+02,1.800000000000000000e+01,3.300000000000000000e+01
1.680080648219601631e+09,1.613600000000000000e+04,2.480000000000000000e+02,4.400000000000000000e+02,-6.160000000000000000e+02,2.600000000000000000e+01,4.100000000000000000e+01
1.680080648220423937e+09,1.610400000000000000e+04,2.920000000000000000e+02,2.920000000000000000e+02,-6.220000000000000000e+02,3.900000000000000000e+01,3.800000000000000000e+01
1.680080648221467733e+09,1.614800000000000000e+04,2.600000000000000000e+02,3.960000000000000000e+02,-6.600000000000000000e+02,3.800000000000000000e+01,2.500000000000000000e+01
1.680080648222747564e+09,1.620800000000000000e+04,2.960000000000000000e+02,3.560000000000000000e+02,-6.750000000000000000e+02,4.000000000000000000e+01,1.800000000000000000e+01
1.680080648223792553e+09,1.621600000000000000e+04,2.760000000000000000e+02,3.040000000000000000e+02,-6.480000000000000000e+02,4.800000000000000000e+01,2.600000000000000000e+01
1.680080648224755287e+09,1.614000000000000000e+04,3.280000000000000000e+02,3.080000000000000000e+02,-6.340000000000000000e+02,7.100000000000000000e+01,1.200000000000000000e+01
1.680080648225601196e+09,1.621200000000000000e+04,3.480000000000000000e+02,3.120000000000000000e+02,-6.460000000000000000e+02,5.100000000000000000e+01,3.200000000000000000e+01
1.680080648226487875e+09,1.615600000000000000e+04,3.240000000000000000e+02,3.440000000000000000e+02,-6.290000000000000000e+02,7.000000000000000000e+00,5.300000000000000000e+01
1.680080648227333307e+09,1.622400000000000000e+04,2.840000000000000000e+02,3.800000000000000000e+02,-6.050000000000000000e+02,1.100000000000000000e+01,4.700000000000000000e+01
1.680080648228547812e+09,1.624400000000000000e+04,3.480000000000000000e+02,4.040000000000000000e+02,-6.240000000000000000e+02,3.900000000000000000e+01,3.700000000000000000e+01
1.680080648229389668e+09,1.621200000000000000e+04,2.680000000000000000e+02,3.480000000000000000e+02,-6.650000000000000000e+02,3.800000000000000000e+01,3.600000000000000000e+01
1.680080648230236769e+09,1.623600000000000000e+04,3.040000000000000000e+02,2.400000000000000000e+02,-6.650000000000000000e+02,2.700000000000000000e+01,2.400000000000000000e+01
1.680080648231276989e+09,1.621600000000000000e+04,3.720000000000000000e+02,3.120000000000000000e+02,-6.270000000000000000e+02,3.000000000000000000e+01,2.500000000000000000e+01
1.680080648232111454e+09,1.620800000000000000e+04,2.680000000000000000e+02,2.960000000000000000e+02,-6.130000000000000000e+02,3.500000000000000000e+01,2.200000000000000000e+01
1.680080648233006239e+09,1.610000000000000000e+04,3.040000000000000000e+02,3.760000000000000000e+02,-6.260000000000000000e+02,3.900000000000000000e+01,3.100000000000000000e+01
1.680080648233840466e+09,1.624000000000000000e+04,3.480000000000000000e+02,3.760000000000000000e+02,-6.710000000000000000e+02,2.900000000000000000e+01,2.500000000000000000e+01
1.680080648234671116e+09,1.624000000000000000e+04,3.480000000000000000e+02,3.760000000000000000e+02,-6.670000000000000000e+02,1.300000000000000000e+01,2.800000000000000000e+01
1.680080648235490322e+09,1.624000000000000000e+04,3.320000000000000000e+02,2.640000000000000000e+02,-6.200000000000000000e+02,3.300000000000000000e+01,3.400000000000000000e+01
1.680080648236327171e+09,1.613200000000000000e+04,3.280000000000000000e+02,3.440000000000000000e+02,-6.040000000000000000e+02,5.300000000000000000e+01,3.700000000000000000e+01
1.680080648237190962e+09,1.614000000000000000e+04,3.600000000000000000e+02,3.800000000000000000e+02,-6.260000000000000000e+02,5.600000000000000000e+01,4.600000000000000000e+01
1.680080648237972498e+09,1.618800000000000000e+04,3.400000000000000000e+02,2.560000000000000000e+02,-6.510000000000000000e+02,4.700000000000000000e+01,4.000000000000000000e+01
1.680080648238759279e+09,1.613200000000000000e+04,2.960000000000000000e+02,3.160000000000000000e+02,-6.480000000000000000e+02,3.400000000000000000e+01,3.800000000000000000e+01
1.680080648239544153e+09,1.613200000000000000e+04,2.960000000000000000e+02,3.160000000000000000e+02,-6.320000000000000000e+02,3.700000000000000000e+01,3.700000000000000000e+01
1.680080648240326643e+09,1.618000000000000000e+04,2.920000000000000000e+02,3.680000000000000000e+02,-6.510000000000000000e+02,2.600000000000000000e+01,3.800000000000000000e+01
1.680080648241100311e+09,1.618400000000000000e+04,3.040000000000000000e+02,2.640000000000000000e+02,-6.600000000000000000e+02,3.300000000000000000e+01,2.600000000000000000e+01
1.680080648241876364e+09,1.623600000000000000e+04,3.160000000000000000e+02,4.440000000000000000e+02,-6.500000000000000000e+02,5.000000000000000000e+01,2.000000000000000000e+01
1.680080648242687702e+09,1.623600000000000000e+04,3.160000000000000000e+02,4.440000000000000000e+02,-6.240000000000000000e+02,5.900000000000000000e+01,1.800000000000000000e+01
1.680080648243464470e+09,1.619600000000000000e+04,3.040000000000000000e+02,3.360000000000000000e+02,-6.320000000000000000e+02,5.400000000000000000e+01,2.000000000000000000e+01
1.680080648244395971e+09,1.612000000000000000e+04,2.960000000000000000e+02,1.760000000000000000e+02,-6.180000000000000000e+02,4.800000000000000000e+01,2.700000000000000000e+01
1.680080648245301723e+09,1.606800000000000000e+04,3.040000000000000000e+02,1.880000000000000000e+02,-6.260000000000000000e+02,4.600000000000000000e+01,4.700000000000000000e+01
1.680080648246098995e+09,1.615600000000000000e+04,3.200000000000000000e+02,3.480000000000000000e+02,-6.590000000000000000e+02,4.200000000000000000e+01,4.200000000000000000e+01
1.680080648247005701e+09,1.625200000000000000e+04,4.120000000000000000e+02,3.160000000000000000e+02,-6.550000000000000000e+02,2.900000000000000000e+01,4.100000000000000000e+01
1.680080648247982740e+09,1.618800000000000000e+04,4.200000000000000000e+02,3.560000000000000000e+02,-5.980000000000000000e+02,3.200000000000000000e+01,3.100000000000000000e+01
1.680080648248775721e+09,1.617600000000000000e+04,4.080000000000000000e+02,3.720000000000000000e+02,-5.990000000000000000e+02,4.300000000000000000e+01,3.500000000000000000e+01
1.680080648249547482e+09,1.617600000000000000e+04,4.080000000000000000e+02,3.720000000000000000e+02,-6.400000000000000000e+02,4.700000000000000000e+01,4.900000000000000000e+01
1.680080648250324249e+09,1.618400000000000000e+04,3.960000000000000000e+02,3.680000000000000000e+02,-6.760000000000000000e+02,3.000000000000000000e+01,5.700000000000000000e+01
1.680080648251171589e+09,1.619600000000000000e+04,4.480000000000000000e+02,2.720000000000000000e+02,-6.650000000000000000e+02,3.500000000000000000e+01,5.100000000000000000e+01
1.680080648251970291e+09,1.622000000000000000e+04,4.200000000000000000e+02,3.720000000000000000e+02,-6.380000000000000000e+02,4.800000000000000000e+01,4.500000000000000000e+01
1.680080648252907991e+09,1.618400000000000000e+04,4.080000000000000000e+02,2.840000000000000000e+02,-6.260000000000000000e+02,4.900000000000000000e+01,3.500000000000000000e+01
1.680080648253784180e+09,1.616000000000000000e+04,3.920000000000000000e+02,2.920000000000000000e+02,-6.020000000000000000e+02,4.900000000000000000e+01,3.300000000000000000e+01
1.680080648254651546e+09,1.616000000000000000e+04,3.920000000000000000e+02,2.920000000000000000e+02,-5.970000000000000000e+02,4.500000000000000000e+01,2.800000000000000000e+01
1.680080648255552053e+09,1.618800000000000000e+04,4.680000000000000000e+02,2.600000000000000000e+02,-6.310000000000000000e+02,4.300000000000000000e+01,3.300000000000000000e+01
1.680080648256416321e+09,1.617600000000000000e+04,3.320000000000000000e+02,1.680000000000000000e+02,-6.460000000000000000e+02,3.700000000000000000e+01,2.900000000000000000e+01
1.680080648257237911e+09,1.618400000000000000e+04,4.000000000000000000e+02,3.880000000000000000e+02,-6.350000000000000000e+02,5.900000000000000000e+01,3.500000000000000000e+01
1.680080648258157492e+09,1.617600000000000000e+04,2.800000000000000000e+02,5.280000000000000000e+02,-6.300000000000000000e+02,8.100000000000000000e+01,2.400000000000000000e+01
1.680080648259050846e+09,1.632400000000000000e+04,2.920000000000000000e+02,5.080000000000000000e+02,-6.510000000000000000e+02,5.400000000000000000e+01,2.000000000000000000e+01
1.680080648259895325e+09,1.610800000000000000e+04,3.760000000000000000e+02,3.040000000000000000e+02,-6.520000000000000000e+02,-4.000000000000000000e+00,2.900000000000000000e+01
1.680080648260704994e+09,1.618400000000000000e+04,3.640000000000000000e+02,2.400000000000000000e+02,-6.080000000000000000e+02,-1.600000000000000000e+01,3.500000000000000000e+01
1.680080648261484385e+09,1.618400000000000000e+04,3.640000000000000000e+02,2.400000000000000000e+02,-6.040000000000000000e+02,2.000000000000000000e+00,4.000000000000000000e+01
1.680080648262363911e+09,1.615200000000000000e+04,4.320000000000000000e+02,3.000000000000000000e+02,-6.260000000000000000e+02,5.300000000000000000e+01,3.900000000000000000e+01
1.680080648263186932e+09,1.620400000000000000e+04,3.520000000000000000e+02,2.320000000000000000e+02,-6.550000000000000000e+02,5.800000000000000000e+01,4.500000000000000000e+01
1.680080648263975382e+09,1.624400000000000000e+04,3.920000000000000000e+02,2.240000000000000000e+02,-6.650000000000000000e+02,2.800000000000000000e+01,3.800000000000000000e+01
1.680080648264770746e+09,1.623600000000000000e+04,3.960000000000000000e+02,2.840000000000000000e+02,-6.370000000000000000e+02,1.900000000000000000e+01,2.100000000000000000e+01
1.680080648265553713e+09,1.623600000000000000e+04,3.960000000000000000e+02,2.840000000000000000e+02,-6.150000000000000000e+02,3.000000000000000000e+01,2.600000000000000000e+01
1.680080648266327858e+09,1.628400000000000000e+04,4.040000000000000000e+02,2.280000000000000000e+02,-6.140000000000000000e+02,5.000000000000000000e+01,4.400000000000000000e+01
1.680080648267137527e+09,1.616800000000000000e+04,2.880000000000000000e+02,2.920000000000000000e+02,-6.240000000000000000e+02,5.600000000000000000e+01,4.700000000000000000e+01
1.680080648268019438e+09,1.620400000000000000e+04,3.200000000000000000e+02,2.560000000000000000e+02,-6.470000000000000000e+02,4.200000000000000000e+01,4.000000000000000000e+01
1.680080648268800974e+09,1.616400000000000000e+04,2.960000000000000000e+02,2.520000000000000000e+02,-6.410000000000000000e+02,4.800000000000000000e+01,1.700000000000000000e+01
1.680080648269591093e+09,1.616400000000000000e+04,2.960000000000000000e+02,2.520000000000000000e+02,-6.360000000000000000e+02,5.900000000000000000e+01,1.500000000000000000e+01
1.680080648270363808e+09,1.612000000000000000e+04,2.080000000000000000e+02,2.840000000000000000e+02,-6.500000000000000000e+02,4.800000000000000000e+01,3.000000000000000000e+01
1.680080648271264315e+09,1.616000000000000000e+04,2.960000000000000000e+02,3.440000000000000000e+02,-6.500000000000000000e+02,2.600000000000000000e+01,2.900000000000000000e+01
1.680080648272051573e+09,1.611200000000000000e+04,3.680000000000000000e+02,4.320000000000000000e+02,-6.240000000000000000e+02,3.400000000000000000e+01,2.800000000000000000e+01
1.680080648272831202e+09,1.616800000000000000e+04,3.160000000000000000e+02,3.320000000000000000e+02,-6.190000000000000000e+02,4.900000000000000000e+01,2.500000000000000000e+01
1.680080648273612976e+09,1.616800000000000000e+04,3.640000000000000000e+02,3.400000000000000000e+02,-6.280000000000000000e+02,4.000000000000000000e+01,8.000000000000000000e+00
1.680080648274393559e+09,1.616800000000000000e+04,3.640000000000000000e+02,3.400000000000000000e+02,-6.320000000000000000e+02,3.500000000000000000e+01,-3.000000000000000000e+00
1.680080648275164127e+09,1.614800000000000000e+04,3.840000000000000000e+02,3.000000000000000000e+02,-6.330000000000000000e+02,2.900000000000000000e+01,5.000000000000000000e+00
1.680080648276105881e+09,1.618800000000000000e+04,2.880000000000000000e+02,3.200000000000000000e+02,-6.500000000000000000e+02,2.800000000000000000e+01,3.000000000000000000e+01
1.680080648276938200e+09,1.613200000000000000e+04,3.880000000000000000e+02,2.400000000000000000e+02,-6.570000000000000000e+02,2.200000000000000000e+01,4.000000000000000000e+01
1.680080648277757883e+09,1.620800000000000000e+04,2.840000000000000000e+02,2.400000000000000000e+02,-6.140000000000000000e+02,2.900000000000000000e+01,4.100000000000000000e+01
1.680080648278548717e+09,1.620800000000000000e+04,2.840000000000000000e+02,2.400000000000000000e+02,-6.070000000000000000e+02,5.000000000000000000e+01,3.300000000000000000e+01
1.680080648279433489e+09,1.621600000000000000e+04,2.640000000000000000e+02,3.480000000000000000e+02,-6.300000000000000000e+02,6.600000000000000000e+01,3.000000000000000000e+01
1.680080648280236483e+09,1.622400000000000000e+04,3.160000000000000000e+02,3.440000000000000000e+02,-6.520000000000000000e+02,5.500000000000000000e+01,4.400000000000000000e+01
1.680080648281035662e+09,1.624800000000000000e+04,2.880000000000000000e+02,3.240000000000000000e+02,-6.630000000000000000e+02,3.800000000000000000e+01,4.100000000000000000e+01
1.680080648281818628e+09,1.616000000000000000e+04,3.160000000000000000e+02,2.320000000000000000e+02,-6.170000000000000000e+02,3.300000000000000000e+01,4.800000000000000000e+01
1.680080648282730103e+09,1.608000000000000000e+04,3.360000000000000000e+02,2.640000000000000000e+02,-6.060000000000000000e+02,5.400000000000000000e+01,4.600000000000000000e+01
1.680080648283607244e+09,1.617600000000000000e+04,2.560000000000000000e+02,3.080000000000000000e+02,-6.240000000000000000e+02,7.300000000000000000e+01,4.400000000000000000e+01
1.680080648284399986e+09,1.617600000000000000e+04,2.560000000000000000e+02,3.080000000000000000e+02,-6.610000000000000000e+02,5.300000000000000000e+01,3.100000000000000000e+01
1.680080648285173655e+09,1.607600000000000000e+04,2.520000000000000000e+02,2.720000000000000000e+02,-6.600000000000000000e+02,2.400000000000000000e+01,1.800000000000000000e+01
1.680080648285955906e+09,1.622800000000000000e+04,2.720000000000000000e+02,3.040000000000000000e+02,-6.320000000000000000e+02,2.800000000000000000e+01,2.200000000000000000e+01
1.680080648287181377e+09,1.624800000000000000e+04,2.920000000000000000e+02,2.840000000000000000e+02,-6.090000000000000000e+02,5.000000000000000000e+01,3.100000000000000000e+01
1.680080648288011074e+09,1.622400000000000000e+04,2.720000000000000000e+02,3.920000000000000000e+02,-6.180000000000000000e+02,2.300000000000000000e+01,1.400000000000000000e+01
1.680080648288921118e+09,1.620800000000000000e+04,3.240000000000000000e+02,2.680000000000000000e+02,-5.970000000000000000e+02,2.700000000000000000e+01,1.900000000000000000e+01
1.680080648289727926e+09,1.615200000000000000e+04,3.320000000000000000e+02,2.840000000000000000e+02,-6.020000000000000000e+02,3.100000000000000000e+01,3.100000000000000000e+01
1.680080648290518761e+09,1.615200000000000000e+04,3.320000000000000000e+02,2.840000000000000000e+02,-6.330000000000000000e+02,4.500000000000000000e+01,3.100000000000000000e+01
1.680080648291301966e+09,1.615200000000000000e+04,2.720000000000000000e+02,3.280000000000000000e+02,-6.600000000000000000e+02,5.400000000000000000e+01,2.700000000000000000e+01
1.680080648292068243e+09,1.617600000000000000e+04,3.480000000000000000e+02,3.640000000000000000e+02,-6.720000000000000000e+02,3.400000000000000000e+01,2.200000000000000000e+01
1.680080648292841196e+09,1.621600000000000000e+04,2.920000000000000000e+02,3.360000000000000000e+02,-6.510000000000000000e+02,1.500000000000000000e+01,2.800000000000000000e+01
1.680080648293785572e+09,1.620000000000000000e+04,3.440000000000000000e+02,3.040000000000000000e+02,-6.000000000000000000e+02,3.700000000000000000e+01,9.000000000000000000e+00
1.680080648294572115e+09,1.631600000000000000e+04,3.160000000000000000e+02,2.680000000000000000e+02,-6.000000000000000000e+02,7.100000000000000000e+01,6.000000000000000000e+00
1.680080648295362711e+09,1.631600000000000000e+04,3.160000000000000000e+02,2.680000000000000000e+02,-6.420000000000000000e+02,6.800000000000000000e+01,1.100000000000000000e+01
1.680080648296136618e+09,1.622000000000000000e+04,3.640000000000000000e+02,3.520000000000000000e+02,-6.770000000000000000e+02,5.500000000000000000e+01,3.400000000000000000e+01
1.680080648297074318e+09,1.630400000000000000e+04,3.240000000000000000e+02,3.680000000000000000e+02,-6.650000000000000000e+02,3.000000000000000000e+01,4.000000000000000000e+01
1.680080648297870636e+09,1.626400000000000000e+04,3.720000000000000000e+02,3.480000000000000000e+02,-6.290000000000000000e+02,3.000000000000000000e+01,2.700000000000000000e+01
1.680080648298654556e+09,1.626800000000000000e+04,4.120000000000000000e+02,3.680000000000000000e+02,-6.240000000000000000e+02,6.200000000000000000e+01,2.400000000000000000e+01
1.680080648299443007e+09,1.626800000000000000e+04,4.120000000000000000e+02,3.680000000000000000e+02,-6.240000000000000000e+02,8.200000000000000000e+01,1.900000000000000000e+01
1.680080648300218582e+09,1.616400000000000000e+04,3.640000000000000000e+02,3.640000000000000000e+02,-6.450000000000000000e+02,5.400000000000000000e+01,2.800000000000000000e+01
1.680080648300996065e+09,1.608400000000000000e+04,2.480000000000000000e+02,3.280000000000000000e+02,-6.530000000000000000e+02,3.300000000000000000e+01,4.200000000000000000e+01
1.680080648301935911e+09,1.624800000000000000e+04,2.080000000000000000e+02,2.520000000000000000e+02,-6.150000000000000000e+02,1.000000000000000000e+01,4.600000000000000000e+01
1.680080648302742958e+09,1.629600000000000000e+04,3.000000000000000000e+02,3.160000000000000000e+02,-5.900000000000000000e+02,1.000000000000000000e+01,3.400000000000000000e+01
1.680080648303544998e+09,1.624400000000000000e+04,3.360000000000000000e+02,3.080000000000000000e+02,-6.020000000000000000e+02,4.200000000000000000e+01,2.600000000000000000e+01
1.680080648304329157e+09,1.624400000000000000e+04,3.360000000000000000e+02,3.080000000000000000e+02,-6.390000000000000000e+02,7.400000000000000000e+01,3.200000000000000000e+01
1.680080648305268526e+09,1.614400000000000000e+04,2.720000000000000000e+02,3.880000000000000000e+02,-6.580000000000000000e+02,5.700000000000000000e+01,4.000000000000000000e+01
1.680080648306068182e+09,1.621600000000000000e+04,2.640000000000000000e+02,2.520000000000000000e+02,-6.360000000000000000e+02,3.800000000000000000e+01,4.700000000000000000e+01
1.680080648306893110e+09,1.620000000000000000e+04,2.640000000000000000e+02,1.240000000000000000e+02,-6.140000000000000000e+02,4.100000000000000000e+01,3.600000000000000000e+01
1.680080648307683945e+09,1.622800000000000000e+04,2.960000000000000000e+02,3.280000000000000000e+02,-6.240000000000000000e+02,2.600000000000000000e+01,3.300000000000000000e+01
1.680080648308647394e+09,1.620800000000000000e+04,3.440000000000000000e+02,3.640000000000000000e+02,-6.420000000000000000e+02,3.000000000000000000e+00,1.700000000000000000e+01
1.680080648309449196e+09,1.620800000000000000e+04,3.440000000000000000e+02,3.640000000000000000e+02,-6.170000000000000000e+02,8.000000000000000000e+00,2.700000000000000000e+01
1.680080648310239077e+09,1.615200000000000000e+04,3.000000000000000000e+02,3.800000000000000000e+02,-6.080000000000000000e+02,4.400000000000000000e+01,3.400000000000000000e+01
1.680080648314763069e+09,1.604000000000000000e+04,2.960000000000000000e+02,4.480000000000000000e+02,-6.270000000000000000e+02,6.900000000000000000e+01,4.500000000000000000e+01
1.680080648315634966e+09,1.608400000000000000e+04,3.440000000000000000e+02,3.600000000000000000e+02,-6.340000000000000000e+02,6.500000000000000000e+01,1.900000000000000000e+01
1.680080648316486597e+09,1.619600000000000000e+04,2.840000000000000000e+02,2.960000000000000000e+02,-6.570000000000000000e+02,5.500000000000000000e+01,2.100000000000000000e+01
1.680080648317476511e+09,1.619600000000000000e+04,2.840000000000000000e+02,2.960000000000000000e+02,-6.520000000000000000e+02,1.800000000000000000e+01,2.200000000000000000e+01
1.680080648320303202e+09,1.624000000000000000e+04,2.640000000000000000e+02,3.040000000000000000e+02,-6.290000000000000000e+02,2.100000000000000000e+01,2.500000000000000000e+01
1.680080648321348429e+09,1.612000000000000000e+04,3.120000000000000000e+02,3.520000000000000000e+02,-6.240000000000000000e+02,3.700000000000000000e+01,5.200000000000000000e+01
1.680080648322272062e+09,1.615600000000000000e+04,3.560000000000000000e+02,3.000000000000000000e+02,-6.350000000000000000e+02,3.900000000000000000e+01,6.200000000000000000e+01
1.680080648323114157e+09,1.610400000000000000e+04,3.240000000000000000e+02,4.160000000000000000e+02,-6.360000000000000000e+02,3.500000000000000000e+01,4.000000000000000000e+01
1.680080648323922157e+09,1.624000000000000000e+04,3.440000000000000000e+02,3.720000000000000000e+02,-6.200000000000000000e+02,3.900000000000000000e+01,1.600000000000000000e+01
1.680080648327122211e+09,1.620800000000000000e+04,2.080000000000000000e+02,2.720000000000000000e+02,-6.220000000000000000e+02,5.500000000000000000e+01,2.200000000000000000e+01
1.680080648328003407e+09,1.606000000000000000e+04,2.320000000000000000e+02,3.920000000000000000e+02,-6.250000000000000000e+02,4.900000000000000000e+01,1.500000000000000000e+01
1.680080648329015017e+09,1.617200000000000000e+04,3.280000000000000000e+02,3.960000000000000000e+02,-6.570000000000000000e+02,4.100000000000000000e+01,2.500000000000000000e+01
1.680080648329894543e+09,1.630000000000000000e+04,3.640000000000000000e+02,2.880000000000000000e+02,-6.620000000000000000e+02,3.100000000000000000e+01,3.100000000000000000e+01
1.680080648330827713e+09,1.617200000000000000e+04,2.040000000000000000e+02,3.400000000000000000e+02,-6.210000000000000000e+02,3.200000000000000000e+01,4.100000000000000000e+01
1.680080648331704140e+09,1.622000000000000000e+04,3.080000000000000000e+02,3.160000000000000000e+02,-6.180000000000000000e+02,4.700000000000000000e+01,4.300000000000000000e+01
1.680080648332597017e+09,1.615200000000000000e+04,2.960000000000000000e+02,3.320000000000000000e+02,-6.390000000000000000e+02,5.700000000000000000e+01,3.600000000000000000e+01
1.680080648333620071e+09,1.616800000000000000e+04,2.800000000000000000e+02,4.360000000000000000e+02,-6.590000000000000000e+02,5.000000000000000000e+01,3.400000000000000000e+01
1.680080648334553957e+09,1.619200000000000000e+04,3.160000000000000000e+02,3.040000000000000000e+02,-6.510000000000000000e+02,3.500000000000000000e+01,2.900000000000000000e+01
1.680080648335495472e+09,1.621600000000000000e+04,3.280000000000000000e+02,1.640000000000000000e+02,-6.210000000000000000e+02,3.900000000000000000e+01,2.700000000000000000e+01
1.680080648336385965e+09,1.615600000000000000e+04,3.120000000000000000e+02,2.080000000000000000e+02,-6.230000000000000000e+02,5.400000000000000000e+01,2.100000000000000000e+01
1.680080648337408304e+09,1.620400000000000000e+04,3.120000000000000000e+02,2.840000000000000000e+02,-6.550000000000000000e+02,2.400000000000000000e+01,2.600000000000000000e+01
1.680080648338269711e+09,1.620400000000000000e+04,3.120000000000000000e+02,2.840000000000000000e+02,-6.390000000000000000e+02,1.600000000000000000e+01,3.600000000000000000e+01
1.680080648339044094e+09,1.623200000000000000e+04,3.760000000000000000e+02,2.440000000000000000e+02,-6.100000000000000000e+02,2.700000000000000000e+01,4.200000000000000000e+01
1.680080648339854002e+09,1.620400000000000000e+04,3.320000000000000000e+02,3.840000000000000000e+02,-6.220000000000000000e+02,4.400000000000000000e+01,5.000000000000000000e+01
1.680080648340613365e+09,1.626400000000000000e+04,2.560000000000000000e+02,4.520000000000000000e+02,-6.610000000000000000e+02,5.400000000000000000e+01,4.900000000000000000e+01
1.680080648341416359e+09,1.618800000000000000e+04,2.440000000000000000e+02,3.120000000000000000e+02,-6.700000000000000000e+02,1.900000000000000000e+01,4.100000000000000000e+01
1.680080648342205524e+09,1.618800000000000000e+04,2.440000000000000000e+02,3.120000000000000000e+02,-6.430000000000000000e+02,8.000000000000000000e+00,3.800000000000000000e+01
1.680080648343042135e+09,1.617200000000000000e+04,3.440000000000000000e+02,2.680000000000000000e+02,-6.110000000000000000e+02,1.900000000000000000e+01,3.200000000000000000e+01
1.680080648343833685e+09,1.622400000000000000e+04,2.720000000000000000e+02,3.080000000000000000e+02,-6.240000000000000000e+02,4.400000000000000000e+01,2.500000000000000000e+01
1.680080648344657421e+09,1.620400000000000000e+04,1.440000000000000000e+02,4.120000000000000000e+02,-6.430000000000000000e+02,6.400000000000000000e+01,1.600000000000000000e+01
1.680080648345449209e+09,1.620800000000000000e+04,1.880000000000000000e+02,3.120000000000000000e+02,-6.640000000000000000e+02,6.100000000000000000e+01,1.900000000000000000e+01
1.680080648346277237e+09,1.620800000000000000e+04,1.880000000000000000e+02,3.120000000000000000e+02,-6.500000000000000000e+02,4.200000000000000000e+01,3.500000000000000000e+01
1.680080648347312212e+09,1.615600000000000000e+04,3.600000000000000000e+02,4.480000000000000000e+02,-6.190000000000000000e+02,5.700000000000000000e+01,5.400000000000000000e+01
1.680080648348171949e+09,1.613200000000000000e+04,3.400000000000000000e+02,4.440000000000000000e+02,-6.350000000000000000e+02,5.100000000000000000e+01,5.600000000000000000e+01
1.680080648348975897e+09,1.610000000000000000e+04,2.480000000000000000e+02,2.840000000000000000e+02,-6.340000000000000000e+02,3.100000000000000000e+01,4.900000000000000000e+01
1.680080648349872828e+09,1.618000000000000000e+04,3.400000000000000000e+02,3.880000000000000000e+02,-6.210000000000000000e+02,3.000000000000000000e+01,4.400000000000000000e+01
1.680080648350633144e+09,1.620800000000000000e+04,3.680000000000000000e+02,4.480000000000000000e+02,-6.360000000000000000e+02,3.100000000000000000e+01,2.300000000000000000e+01
1.680080648351410389e+09,1.606800000000000000e+04,1.840000000000000000e+02,3.480000000000000000e+02,-6.520000000000000000e+02,2.800000000000000000e+01,2.000000000000000000e+00
1.680080648352243900e+09,1.603600000000000000e+04,3.440000000000000000e+02,2.320000000000000000e+02,-6.290000000000000000e+02,3.400000000000000000e+01,6.000000000000000000e+00
1.680080648353026867e+09,1.603600000000000000e+04,3.440000000000000000e+02,2.320000000000000000e+02,-6.070000000000000000e+02,5.800000000000000000e+01,3.300000000000000000e+01
1.680080648353783846e+09,1.607600000000000000e+04,3.320000000000000000e+02,2.920000000000000000e+02,-6.060000000000000000e+02,7.100000000000000000e+01,6.100000000000000000e+01
1.680080648354572296e+09,1.615600000000000000e+04,2.800000000000000000e+02,4.080000000000000000e+02,-6.350000000000000000e+02,6.600000000000000000e+01,6.000000000000000000e+01
1.680080648355330706e+09,1.605200000000000000e+04,3.760000000000000000e+02,3.760000000000000000e+02,-6.760000000000000000e+02,3.300000000000000000e+01,5.600000000000000000e+01
1.680080648356081486e+09,1.605200000000000000e+04,3.760000000000000000e+02,3.760000000000000000e+02,-6.710000000000000000e+02,1.700000000000000000e+01,5.200000000000000000e+01
1.680080648356910706e+09,1.608800000000000000e+04,3.200000000000000000e+02,3.560000000000000000e+02,-6.230000000000000000e+02,1.600000000000000000e+01,6.000000000000000000e+01
1.680080648358132362e+09,1.610800000000000000e+04,2.760000000000000000e+02,3.400000000000000000e+02,-5.970000000000000000e+02,4.200000000000000000e+01,4.600000000000000000e+01
1.680080648358938217e+09,1.615600000000000000e+04,2.960000000000000000e+02,3.160000000000000000e+02,-6.220000000000000000e+02,7.400000000000000000e+01,5.300000000000000000e+01
1.680080648359769106e+09,1.620800000000000000e+04,2.920000000000000000e+02,3.640000000000000000e+02,-6.690000000000000000e+02,5.300000000000000000e+01,3.100000000000000000e+01
1.680080648360808849e+09,1.617600000000000000e+04,2.720000000000000000e+02,4.200000000000000000e+02,-6.540000000000000000e+02,3.200000000000000000e+01,1.900000000000000000e+01
1.680080648362250328e+09,1.610400000000000000e+04,3.320000000000000000e+02,4.080000000000000000e+02,-6.030000000000000000e+02,5.600000000000000000e+01,1.300000000000000000e+01
1.680080648363070488e+09,1.610400000000000000e+04,3.320000000000000000e+02,4.080000000000000000e+02,-6.260000000000000000e+02,6.600000000000000000e+01,2.900000000000000000e+01
1.680080648363899231e+09,1.617600000000000000e+04,3.640000000000000000e+02,3.240000000000000000e+02,-6.560000000000000000e+02,5.000000000000000000e+01,3.000000000000000000e+01
1.680080648364740610e+09,1.616400000000000000e+04,2.400000000000000000e+02,3.680000000000000000e+02,-6.700000000000000000e+02,3.700000000000000000e+01,2.200000000000000000e+01
1.680080648365582228e+09,1.624800000000000000e+04,3.440000000000000000e+02,4.080000000000000000e+02,-6.390000000000000000e+02,3.600000000000000000e+01,2.800000000000000000e+01
1.680080648366660595e+09,1.614400000000000000e+04,2.480000000000000000e+02,2.800000000000000000e+02,-6.160000000000000000e+02,5.200000000000000000e+01,3.100000000000000000e+01
1.680080648367643118e+09,1.607200000000000000e+04,2.040000000000000000e+02,3.560000000000000000e+02,-6.420000000000000000e+02,3.500000000000000000e+01,2.100000000000000000e+01
1.680080648368561506e+09,1.614800000000000000e+04,2.320000000000000000e+02,3.280000000000000000e+02,-6.100000000000000000e+02,3.200000000000000000e+01,2.700000000000000000e+01
1.680080648369404316e+09,1.627200000000000000e+04,2.880000000000000000e+02,2.280000000000000000e+02,-6.020000000000000000e+02,5.700000000000000000e+01,2.300000000000000000e+01
1.680080648370264530e+09,1.623200000000000000e+04,2.680000000000000000e+02,1.720000000000000000e+02,-6.310000000000000000e+02,7.600000000000000000e+01,2.900000000000000000e+01
1.680080648371119261e+09,1.623200000000000000e+04,2.680000000000000000e+02,1.720000000000000000e+02,-6.600000000000000000e+02,5.800000000000000000e+01,4.500000000000000000e+01
1.680080648371989250e+09,1.616000000000000000e+04,2.640000000000000000e+02,3.880000000000000000e+02,-6.420000000000000000e+02,2.900000000000000000e+01,4.300000000000000000e+01
1.680080648372886419e+09,1.616000000000000000e+04,3.400000000000000000e+02,4.720000000000000000e+02,-6.160000000000000000e+02,2.900000000000000000e+01,3.500000000000000000e+01
1.680080648374045134e+09,1.619600000000000000e+04,3.320000000000000000e+02,3.520000000000000000e+02,-6.270000000000000000e+02,3.000000000000000000e+01,2.700000000000000000e+01
1.680080648374975920e+09,1.628000000000000000e+04,2.680000000000000000e+02,3.840000000000000000e+02,-6.510000000000000000e+02,3.000000000000000000e+00,1.800000000000000000e+01
1.680080648375877619e+09,1.621600000000000000e+04,3.120000000000000000e+02,4.000000000000000000e+02,-6.290000000000000000e+02,1.800000000000000000e+01,2.000000000000000000e+01
1.680080648376871109e+09,1.613600000000000000e+04,2.800000000000000000e+02,4.080000000000000000e+02,-6.450000000000000000e+02,5.000000000000000000e+01,3.800000000000000000e+01
1.680080648377739668e+09,1.612400000000000000e+04,2.280000000000000000e+02,4.400000000000000000e+02,-6.480000000000000000e+02,4.500000000000000000e+01,3.100000000000000000e+01
1.680080648378763199e+09,1.622000000000000000e+04,3.000000000000000000e+02,3.560000000000000000e+02,-6.030000000000000000e+02,3.400000000000000000e+01,1.500000000000000000e+01
1.680080648379616022e+09,1.618000000000000000e+04,3.800000000000000000e+02,1.920000000000000000e+02,-5.980000000000000000e+02,5.100000000000000000e+01,7.000000000000000000e+00
1.680080648380724669e+09,1.616400000000000000e+04,3.640000000000000000e+02,3.440000000000000000e+02,-6.300000000000000000e+02,6.800000000000000000e+01,2.900000000000000000e+01
1.680080648381595850e+09,1.622000000000000000e+04,3.120000000000000000e+02,3.960000000000000000e+02,-6.650000000000000000e+02,4.600000000000000000e+01,1.400000000000000000e+01
1.680080648382421970e+09,1.616800000000000000e+04,3.600000000000000000e+02,3.560000000000000000e+02,-6.590000000000000000e+02,4.200000000000000000e+01,1.600000000000000000e+01
1.680080648383307934e+09,1.619200000000000000e+04,3.640000000000000000e+02,2.880000000000000000e+02,-6.370000000000000000e+02,4.700000000000000000e+01,2.700000000000000000e+01
1.680080648384173632e+09,1.622800000000000000e+04,3.840000000000000000e+02,3.240000000000000000e+02,-6.450000000000000000e+02,3.700000000000000000e+01,3.900000000000000000e+01
1.680080648385119677e+09,1.622800000000000000e+04,3.840000000000000000e+02,3.240000000000000000e+02,-6.330000000000000000e+02,2.900000000000000000e+01,3.200000000000000000e+01
1.680080648386113644e+09,1.618000000000000000e+04,3.160000000000000000e+02,3.640000000000000000e+02,-6.230000000000000000e+02,5.500000000000000000e+01,4.400000000000000000e+01
1.680080648387137651e+09,1.615200000000000000e+04,3.080000000000000000e+02,3.200000000000000000e+02,-6.200000000000000000e+02,5.200000000000000000e+01,4.800000000000000000e+01
1.680080648388021469e+09,1.624000000000000000e+04,3.480000000000000000e+02,3.760000000000000000e+02,-6.190000000000000000e+02,3.200000000000000000e+01,3.500000000000000000e+01
1.680080648388849974e+09,1.624000000000000000e+04,3.640000000000000000e+02,3.240000000000000000e+02,-6.080000000000000000e+02,6.600000000000000000e+01,3.200000000000000000e+01
1.680080648389765263e+09,1.624400000000000000e+04,2.760000000000000000e+02,4.280000000000000000e+02,-6.280000000000000000e+02,6.500000000000000000e+01,4.300000000000000000e+01
1.680080648390774727e+09,1.613600000000000000e+04,3.280000000000000000e+02,4.840000000000000000e+02,-6.450000000000000000e+02,1.900000000000000000e+01,5.500000000000000000e+01
1.680080648391645193e+09,1.611200000000000000e+04,3.760000000000000000e+02,4.320000000000000000e+02,-6.140000000000000000e+02,1.200000000000000000e+01,3.500000000000000000e+01
1.680080648392574787e+09,1.618400000000000000e+04,3.080000000000000000e+02,2.360000000000000000e+02,-6.030000000000000000e+02,3.200000000000000000e+01,2.900000000000000000e+01
1.680080648393383980e+09,1.619600000000000000e+04,2.920000000000000000e+02,2.360000000000000000e+02,-6.360000000000000000e+02,6.900000000000000000e+01,3.600000000000000000e+01
1.680080648394401073e+09,1.621600000000000000e+04,3.120000000000000000e+02,4.240000000000000000e+02,-6.610000000000000000e+02,6.200000000000000000e+01,2.000000000000000000e+01
1.680080648395433187e+09,1.620400000000000000e+04,3.160000000000000000e+02,3.040000000000000000e+02,-6.550000000000000000e+02,4.500000000000000000e+01,3.900000000000000000e+01
1.680080648396317005e+09,1.622800000000000000e+04,3.280000000000000000e+02,2.320000000000000000e+02,-6.370000000000000000e+02,4.400000000000000000e+01,5.100000000000000000e+01
1.680080648397164822e+09,1.618000000000000000e+04,3.240000000000000000e+02,1.120000000000000000e+02,-6.440000000000000000e+02,4.200000000000000000e+01,3.200000000000000000e+01
1.680080648397964239e+09,1.618000000000000000e+04,3.240000000000000000e+02,1.120000000000000000e+02,-6.370000000000000000e+02,3.000000000000000000e+01,1.700000000000000000e+01
1.680080648398782492e+09,1.626800000000000000e+04,2.320000000000000000e+02,1.960000000000000000e+02,-6.240000000000000000e+02,3.100000000000000000e+01,6.000000000000000000e+00
1.680080648399569750e+09,1.618800000000000000e+04,2.920000000000000000e+02,3.840000000000000000e+02,-6.340000000000000000e+02,3.800000000000000000e+01,3.000000000000000000e+00
1.680080648400349855e+09,1.616400000000000000e+04,3.600000000000000000e+02,3.120000000000000000e+02,-6.540000000000000000e+02,3.300000000000000000e+01,1.200000000000000000e+01
1.680080648401127338e+09,1.608400000000000000e+04,3.680000000000000000e+02,3.920000000000000000e+02,-6.530000000000000000e+02,4.700000000000000000e+01,1.900000000000000000e+01
1.680080648401912928e+09,1.608400000000000000e+04,3.680000000000000000e+02,3.920000000000000000e+02,-6.380000000000000000e+02,5.200000000000000000e+01,3.000000000000000000e+01
1.680080648402719259e+09,1.626000000000000000e+04,2.880000000000000000e+02,2.880000000000000000e+02,-6.260000000000000000e+02,6.300000000000000000e+01,4.100000000000000000e+01
1.680080648403521299e+09,1.618400000000000000e+04,2.800000000000000000e+02,4.160000000000000000e+02,-6.210000000000000000e+02,6.300000000000000000e+01,3.100000000000000000e+01
1.680080648404493093e+09,1.622400000000000000e+04,2.960000000000000000e+02,3.880000000000000000e+02,-6.580000000000000000e+02,2.900000000000000000e+01,2.500000000000000000e+01
1.680080648405336380e+09,1.625600000000000000e+04,3.440000000000000000e+02,3.120000000000000000e+02,-6.420000000000000000e+02,5.000000000000000000e+00,2.000000000000000000e+01
1.680080648406128883e+09,1.610000000000000000e+04,2.240000000000000000e+02,2.080000000000000000e+02,-6.030000000000000000e+02,1.500000000000000000e+01,3.400000000000000000e+01
1.680080648407096386e+09,1.610000000000000000e+04,2.240000000000000000e+02,2.080000000000000000e+02,-5.940000000000000000e+02,2.300000000000000000e+01,3.500000000000000000e+01
1.680080648407889128e+09,1.619600000000000000e+04,2.120000000000000000e+02,4.240000000000000000e+02,-6.220000000000000000e+02,4.100000000000000000e+01,5.900000000000000000e+01
1.680080648408684254e+09,1.620800000000000000e+04,2.720000000000000000e+02,3.760000000000000000e+02,-6.530000000000000000e+02,3.600000000000000000e+01,6.000000000000000000e+01
1.680080648409471035e+09,1.624000000000000000e+04,2.640000000000000000e+02,3.520000000000000000e+02,-6.480000000000000000e+02,2.700000000000000000e+01,5.800000000000000000e+01
1.680080648410250902e+09,1.617600000000000000e+04,1.920000000000000000e+02,3.840000000000000000e+02,-6.050000000000000000e+02,3.100000000000000000e+01,4.700000000000000000e+01
1.680080648411032677e+09,1.617600000000000000e+04,1.920000000000000000e+02,3.840000000000000000e+02,-5.860000000000000000e+02,4.900000000000000000e+01,4.900000000000000000e+01
1.680080648411908388e+09,1.608800000000000000e+04,2.240000000000000000e+02,5.040000000000000000e+02,-6.200000000000000000e+02,4.000000000000000000e+01,4.000000000000000000e+01
1.680080648412756443e+09,1.615600000000000000e+04,3.520000000000000000e+02,3.800000000000000000e+02,-6.650000000000000000e+02,3.000000000000000000e+01,2.400000000000000000e+01
1.680080648413562536e+09,1.610400000000000000e+04,3.280000000000000000e+02,2.960000000000000000e+02,-6.900000000000000000e+02,2.800000000000000000e+01,3.000000000000000000e+01
1.680080648414534330e+09,1.609200000000000000e+04,3.840000000000000000e+02,3.760000000000000000e+02,-6.570000000000000000e+02,4.500000000000000000e+01,4.200000000000000000e+01
1.680080648415345430e+09,1.618800000000000000e+04,3.920000000000000000e+02,3.480000000000000000e+02,-6.300000000000000000e+02,6.000000000000000000e+01,4.200000000000000000e+01
1.680080648416133165e+09,1.620400000000000000e+04,3.400000000000000000e+02,4.240000000000000000e+02,-6.370000000000000000e+02,4.200000000000000000e+01,2.800000000000000000e+01
1.680080648417227268e+09,1.617200000000000000e+04,3.160000000000000000e+02,4.080000000000000000e+02,-6.240000000000000000e+02,2.600000000000000000e+01,3.100000000000000000e+01
1.680080648418020725e+09,1.617200000000000000e+04,3.160000000000000000e+02,4.080000000000000000e+02,-6.050000000000000000e+02,3.200000000000000000e+01,3.000000000000000000e+01
1.680080648418841839e+09,1.624000000000000000e+04,2.480000000000000000e+02,4.760000000000000000e+02,-6.300000000000000000e+02,4.700000000000000000e+01,3.100000000000000000e+01
1.680080648419632912e+09,1.624000000000000000e+04,2.720000000000000000e+02,2.720000000000000000e+02,-6.490000000000000000e+02,5.000000000000000000e+01,2.200000000000000000e+01
1.680080648420397520e+09,1.618000000000000000e+04,3.120000000000000000e+02,2.640000000000000000e+02,-6.570000000000000000e+02,4.500000000000000000e+01,1.800000000000000000e+01
1.680080648421309471e+09,1.604800000000000000e+04,3.560000000000000000e+02,2.560000000000000000e+02,-6.480000000000000000e+02,3.900000000000000000e+01,3.300000000000000000e+01
1.680080648422184944e+09,1.609600000000000000e+04,2.800000000000000000e+02,3.680000000000000000e+02,-6.360000000000000000e+02,4.500000000000000000e+01,5.200000000000000000e+01
1.680080648423056126e+09,1.609600000000000000e+04,2.800000000000000000e+02,3.680000000000000000e+02,-6.440000000000000000e+02,4.400000000000000000e+01,5.400000000000000000e+01
1.680080648423882246e+09,1.611200000000000000e+04,1.920000000000000000e+02,2.840000000000000000e+02,-6.440000000000000000e+02,3.800000000000000000e+01,4.300000000000000000e+01
1.680080648424676418e+09,1.621600000000000000e+04,2.080000000000000000e+02,4.320000000000000000e+02,-6.130000000000000000e+02,4.500000000000000000e+01,4.300000000000000000e+01
1.680080648425564766e+09,1.615200000000000000e+04,3.000000000000000000e+02,4.120000000000000000e+02,-6.110000000000000000e+02,5.100000000000000000e+01,4.200000000000000000e+01
1.680080648426556826e+09,1.618800000000000000e+04,2.960000000000000000e+02,3.200000000000000000e+02,-6.370000000000000000e+02,4.900000000000000000e+01,4.300000000000000000e+01
1.680080648427446604e+09,1.618000000000000000e+04,2.600000000000000000e+02,2.600000000000000000e+02,-6.230000000000000000e+02,3.200000000000000000e+01,4.800000000000000000e+01
1.680080648428250551e+09,1.624400000000000000e+04,3.040000000000000000e+02,2.000000000000000000e+02,-6.050000000000000000e+02,3.800000000000000000e+01,3.800000000000000000e+01
1.680080648429042339e+09,1.616400000000000000e+04,3.040000000000000000e+02,2.360000000000000000e+02,-6.200000000000000000e+02,3.800000000000000000e+01,2.100000000000000000e+01
1.680080648429819345e+09,1.616400000000000000e+04,3.040000000000000000e+02,2.360000000000000000e+02,-6.510000000000000000e+02,4.200000000000000000e+01,3.800000000000000000e+01
1.680080648430609703e+09,1.617600000000000000e+04,2.480000000000000000e+02,2.640000000000000000e+02,-6.780000000000000000e+02,3.400000000000000000e+01,4.300000000000000000e+01
1.680080648431388140e+09,1.619200000000000000e+04,2.360000000000000000e+02,2.840000000000000000e+02,-6.670000000000000000e+02,2.600000000000000000e+01,3.500000000000000000e+01
1.680080648432173729e+09,1.624400000000000000e+04,3.960000000000000000e+02,1.760000000000000000e+02,-6.330000000000000000e+02,3.800000000000000000e+01,1.400000000000000000e+01
1.680080648433001518e+09,1.624400000000000000e+04,3.960000000000000000e+02,1.760000000000000000e+02,-6.000000000000000000e+02,5.700000000000000000e+01,5.000000000000000000e+00
1.680080648433806419e+09,1.615200000000000000e+04,3.960000000000000000e+02,1.720000000000000000e+02,-6.150000000000000000e+02,8.100000000000000000e+01,2.100000000000000000e+01
1.680080648434719563e+09,1.611200000000000000e+04,2.880000000000000000e+02,2.240000000000000000e+02,-6.600000000000000000e+02,4.600000000000000000e+01,3.600000000000000000e+01
1.680080648435634613e+09,1.618000000000000000e+04,2.760000000000000000e+02,2.240000000000000000e+02,-6.440000000000000000e+02,1.000000000000000000e+01,5.700000000000000000e+01
1.680080648436469793e+09,1.619200000000000000e+04,3.880000000000000000e+02,2.880000000000000000e+02,-5.940000000000000000e+02,1.500000000000000000e+01,6.600000000000000000e+01
1.680080648437280655e+09,1.626400000000000000e+04,3.080000000000000000e+02,4.000000000000000000e+02,-5.910000000000000000e+02,3.400000000000000000e+01,3.800000000000000000e+01
1.680080648438174486e+09,1.621200000000000000e+04,2.280000000000000000e+02,3.520000000000000000e+02,-6.250000000000000000e+02,5.700000000000000000e+01,8.000000000000000000e+00
1.680080648439128399e+09,1.612800000000000000e+04,2.800000000000000000e+02,3.440000000000000000e+02,-6.650000000000000000e+02,5.500000000000000000e+01,2.600000000000000000e+01
1.680080648439952135e+09,1.612800000000000000e+04,2.800000000000000000e+02,3.440000000000000000e+02,-6.550000000000000000e+02,3.900000000000000000e+01,2.700000000000000000e+01
1.680080648440750599e+09,1.607200000000000000e+04,2.480000000000000000e+02,4.120000000000000000e+02,-6.340000000000000000e+02,3.600000000000000000e+01,4.100000000000000000e+01
1.680080648441533089e+09,1.622400000000000000e+04,2.960000000000000000e+02,4.160000000000000000e+02,-6.210000000000000000e+02,4.900000000000000000e+01,4.600000000000000000e+01
1.680080648442414761e+09,1.618800000000000000e+04,2.800000000000000000e+02,2.800000000000000000e+02,-6.290000000000000000e+02,5.000000000000000000e+01,5.100000000000000000e+01
1.680080648443256378e+09,1.613600000000000000e+04,2.480000000000000000e+02,2.200000000000000000e+02,-6.390000000000000000e+02,4.500000000000000000e+01,4.100000000000000000e+01
1.680080648444049358e+09,1.621200000000000000e+04,2.840000000000000000e+02,2.680000000000000000e+02,-6.330000000000000000e+02,4.900000000000000000e+01,3.400000000000000000e+01
1.680080648444981575e+09,1.611600000000000000e+04,2.040000000000000000e+02,2.960000000000000000e+02,-6.290000000000000000e+02,6.500000000000000000e+01,5.000000000000000000e+01
1.680080648445868731e+09,1.611600000000000000e+04,2.040000000000000000e+02,2.960000000000000000e+02,-6.430000000000000000e+02,6.200000000000000000e+01,5.700000000000000000e+01
1.680080648446727753e+09,1.613200000000000000e+04,2.400000000000000000e+02,3.160000000000000000e+02,-6.470000000000000000e+02,3.800000000000000000e+01,4.100000000000000000e+01
1.680080648447625637e+09,1.616000000000000000e+04,3.880000000000000000e+02,3.320000000000000000e+02,-6.060000000000000000e+02,3.000000000000000000e+01,1.900000000000000000e+01
1.680080648448431015e+09,1.614000000000000000e+04,3.160000000000000000e+02,4.000000000000000000e+02,-5.910000000000000000e+02,4.200000000000000000e+01,2.900000000000000000e+01
1.680080648449299574e+09,1.619600000000000000e+04,2.920000000000000000e+02,3.280000000000000000e+02,-6.120000000000000000e+02,6.000000000000000000e+01,2.500000000000000000e+01
1.680080648450149059e+09,1.610000000000000000e+04,2.880000000000000000e+02,3.000000000000000000e+02,-6.470000000000000000e+02,6.500000000000000000e+01,8.000000000000000000e+00
1.680080648450958967e+09,1.619600000000000000e+04,2.440000000000000000e+02,3.000000000000000000e+02,-6.780000000000000000e+02,4.700000000000000000e+01,1.900000000000000000e+01
1.680080648451736927e+09,1.619600000000000000e+04,2.440000000000000000e+02,3.000000000000000000e+02,-6.550000000000000000e+02,4.800000000000000000e+01,3.300000000000000000e+01
1.680080648452603579e+09,1.619200000000000000e+04,2.760000000000000000e+02,4.600000000000000000e+02,-6.390000000000000000e+02,6.800000000000000000e+01,1.800000000000000000e+01
1.680080648453382254e+09,1.616400000000000000e+04,2.240000000000000000e+02,4.760000000000000000e+02,-6.500000000000000000e+02,5.700000000000000000e+01,1.000000000000000000e+00
1.680080648454385042e+09,1.613200000000000000e+04,2.920000000000000000e+02,3.640000000000000000e+02,-6.300000000000000000e+02,3.100000000000000000e+01,1.600000000000000000e+01
1.680080648455185413e+09,1.612000000000000000e+04,3.600000000000000000e+02,1.640000000000000000e+02,-5.990000000000000000e+02,2.800000000000000000e+01,4.900000000000000000e+01
1.680080648455967426e+09,1.614000000000000000e+04,2.800000000000000000e+02,2.880000000000000000e+02,-5.990000000000000000e+02,3.300000000000000000e+01,6.200000000000000000e+01
1.680080648456982613e+09,1.614000000000000000e+04,2.800000000000000000e+02,2.880000000000000000e+02,-6.260000000000000000e+02,3.000000000000000000e+01,5.000000000000000000e+01
1.680080648457814455e+09,1.622800000000000000e+04,2.120000000000000000e+02,3.360000000000000000e+02,-6.660000000000000000e+02,1.200000000000000000e+01,4.000000000000000000e+00
1.680080648458612204e+09,1.622400000000000000e+04,3.080000000000000000e+02,2.920000000000000000e+02,-6.280000000000000000e+02,2.000000000000000000e+01,1.600000000000000000e+01
1.680080648459440231e+09,1.633200000000000000e+04,3.480000000000000000e+02,3.040000000000000000e+02,-5.890000000000000000e+02,4.200000000000000000e+01,3.500000000000000000e+01
1.680080648460224867e+09,1.616000000000000000e+04,2.720000000000000000e+02,3.240000000000000000e+02,-5.790000000000000000e+02,6.200000000000000000e+01,3.700000000000000000e+01
1.680080648461010933e+09,1.615200000000000000e+04,2.400000000000000000e+02,2.920000000000000000e+02,-6.030000000000000000e+02,6.600000000000000000e+01,2.600000000000000000e+01
1.680080648461817026e+09,1.615200000000000000e+04,2.400000000000000000e+02,2.920000000000000000e+02,-6.540000000000000000e+02,4.300000000000000000e+01,1.100000000000000000e+01
1.680080648462627888e+09,1.629200000000000000e+04,2.680000000000000000e+02,4.280000000000000000e+02,-6.680000000000000000e+02,1.100000000000000000e+01,2.900000000000000000e+01
1.680080648463455915e+09,1.627200000000000000e+04,4.200000000000000000e+02,4.720000000000000000e+02,-6.200000000000000000e+02,2.700000000000000000e+01,4.600000000000000000e+01
1.680080648464266300e+09,1.618800000000000000e+04,3.640000000000000000e+02,4.080000000000000000e+02,-6.070000000000000000e+02,4.100000000000000000e+01,4.100000000000000000e+01
1.680080648465049505e+09,1.618800000000000000e+04,2.960000000000000000e+02,2.000000000000000000e+02,-6.290000000000000000e+02,4.900000000000000000e+01,3.300000000000000000e+01
1.680080648466050148e+09,1.622000000000000000e+04,3.040000000000000000e+02,2.320000000000000000e+02,-6.660000000000000000e+02,5.500000000000000000e+01,1.900000000000000000e+01
1.680080648466881752e+09,1.622000000000000000e+04,3.040000000000000000e+02,2.320000000000000000e+02,-6.640000000000000000e+02,3.400000000000000000e+01,2.900000000000000000e+01
1.680080648467977762e+09,1.629200000000000000e+04,2.720000000000000000e+02,2.800000000000000000e+02,-6.240000000000000000e+02,2.900000000000000000e+01,3.900000000000000000e+01
1.680080648469730377e+09,1.608800000000000000e+04,3.600000000000000000e+02,2.640000000000000000e+02,-6.170000000000000000e+02,6.000000000000000000e+01,6.000000000000000000e+00
1.680080648470571518e+09,1.620000000000000000e+04,4.400000000000000000e+02,3.320000000000000000e+02,-6.630000000000000000e+02,2.100000000000000000e+01,2.300000000000000000e+01
1.680080648471379995e+09,1.616800000000000000e+04,3.760000000000000000e+02,2.520000000000000000e+02,-6.460000000000000000e+02,-5.000000000000000000e+00,3.600000000000000000e+01
1.680080648472271442e+09,1.623200000000000000e+04,2.800000000000000000e+02,2.080000000000000000e+02,-6.050000000000000000e+02,2.600000000000000000e+01,5.000000000000000000e+01
1.680080648473167419e+09,1.620800000000000000e+04,2.200000000000000000e+02,2.640000000000000000e+02,-5.960000000000000000e+02,3.900000000000000000e+01,3.200000000000000000e+01
1.680080648473957777e+09,1.615200000000000000e+04,2.160000000000000000e+02,2.200000000000000000e+02,-6.210000000000000000e+02,5.400000000000000000e+01,2.400000000000000000e+01
1.680080648474744320e+09,1.615200000000000000e+04,2.160000000000000000e+02,2.200000000000000000e+02,-6.480000000000000000e+02,5.400000000000000000e+01,2.400000000000000000e+01
1.680080648475548983e+09,1.626000000000000000e+04,2.880000000000000000e+02,2.040000000000000000e+02,-6.470000000000000000e+02,5.400000000000000000e+01,3.400000000000000000e+01
1.680080648476371765e+09,1.630400000000000000e+04,3.640000000000000000e+02,2.800000000000000000e+02,-6.340000000000000000e+02,6.000000000000000000e+01,2.800000000000000000e+01
1.680080648477310181e+09,1.625200000000000000e+04,3.280000000000000000e+02,4.080000000000000000e+02,-6.490000000000000000e+02,4.100000000000000000e+01,2.400000000000000000e+01
1.680080648478110313e+09,1.629200000000000000e+04,3.960000000000000000e+02,2.360000000000000000e+02,-6.340000000000000000e+02,3.200000000000000000e+01,4.200000000000000000e+01
1.680080648478895426e+09,1.627200000000000000e+04,4.160000000000000000e+02,2.560000000000000000e+02,-6.120000000000000000e+02,4.300000000000000000e+01,4.800000000000000000e+01
1.680080648479689360e+09,1.627200000000000000e+04,4.160000000000000000e+02,2.560000000000000000e+02,-6.220000000000000000e+02,3.800000000000000000e+01,2.000000000000000000e+01
1.680080648480482340e+09,1.616000000000000000e+04,3.480000000000000000e+02,3.200000000000000000e+02,-6.480000000000000000e+02,4.000000000000000000e+01,2.700000000000000000e+01
1.680080648481350183e+09,1.611600000000000000e+04,3.000000000000000000e+02,4.600000000000000000e+02,-6.560000000000000000e+02,6.800000000000000000e+01,4.600000000000000000e+01
1.680080648482198954e+09,1.621600000000000000e+04,2.920000000000000000e+02,4.240000000000000000e+02,-6.430000000000000000e+02,7.100000000000000000e+01,5.600000000000000000e+01
1.680080648483068943e+09,1.617600000000000000e+04,3.000000000000000000e+02,3.280000000000000000e+02,-6.330000000000000000e+02,5.400000000000000000e+01,2.800000000000000000e+01
1.680080648483931541e+09,1.623600000000000000e+04,3.840000000000000000e+02,3.320000000000000000e+02,-6.190000000000000000e+02,4.500000000000000000e+01,1.000000000000000000e+01
1.680080648484749794e+09,1.623600000000000000e+04,3.840000000000000000e+02,3.320000000000000000e+02,-6.430000000000000000e+02,1.800000000000000000e+01,6.000000000000000000e+00
1.680080648485536098e+09,1.631200000000000000e+04,3.120000000000000000e+02,2.960000000000000000e+02,-6.490000000000000000e+02,5.000000000000000000e+00,1.800000000000000000e+01
1.680080648486589670e+09,1.617600000000000000e+04,3.000000000000000000e+02,3.880000000000000000e+02,-6.210000000000000000e+02,3.900000000000000000e+01,4.600000000000000000e+01
1.680080648487414122e+09,1.620800000000000000e+04,2.920000000000000000e+02,3.280000000000000000e+02,-6.150000000000000000e+02,7.300000000000000000e+01,4.600000000000000000e+01
1.680080648488348961e+09,1.621600000000000000e+04,3.920000000000000000e+02,3.400000000000000000e+02,-6.240000000000000000e+02,5.000000000000000000e+01,5.100000000000000000e+01
1.680080648489146471e+09,1.622400000000000000e+04,3.400000000000000000e+02,2.880000000000000000e+02,-6.210000000000000000e+02,5.000000000000000000e+01,4.900000000000000000e+01
1.680080648489938498e+09,1.616400000000000000e+04,3.200000000000000000e+02,2.960000000000000000e+02,-6.240000000000000000e+02,6.000000000000000000e+01,3.300000000000000000e+01
1.680080648490796328e+09,1.616400000000000000e+04,3.200000000000000000e+02,2.960000000000000000e+02,-6.390000000000000000e+02,5.100000000000000000e+01,3.000000000000000000e+01
1.680080648491601467e+09,1.606000000000000000e+04,2.840000000000000000e+02,2.040000000000000000e+02,-6.540000000000000000e+02,2.500000000000000000e+01,3.600000000000000000e+01
1.680080648492631435e+09,1.618000000000000000e+04,2.880000000000000000e+02,2.960000000000000000e+02,-6.370000000000000000e+02,1.900000000000000000e+01,3.900000000000000000e+01
1.680080648493463039e+09,1.614400000000000000e+04,4.040000000000000000e+02,4.640000000000000000e+02,-6.170000000000000000e+02,3.000000000000000000e+01,4.600000000000000000e+01
1.680080648494258881e+09,1.614000000000000000e+04,2.920000000000000000e+02,2.800000000000000000e+02,-6.300000000000000000e+02,3.300000000000000000e+01,3.800000000000000000e+01
1.680080648495151281e+09,1.612000000000000000e+04,2.240000000000000000e+02,2.080000000000000000e+02,-6.600000000000000000e+02,3.900000000000000000e+01,3.100000000000000000e+01
1.680080648496136904e+09,1.618000000000000000e+04,2.960000000000000000e+02,3.840000000000000000e+02,-6.730000000000000000e+02,4.700000000000000000e+01,1.200000000000000000e+01
1.680080648496965647e+09,1.617600000000000000e+04,3.160000000000000000e+02,3.480000000000000000e+02,-6.440000000000000000e+02,6.100000000000000000e+01,1.000000000000000000e+01
1.680080648497746944e+09,1.610400000000000000e+04,3.160000000000000000e+02,2.160000000000000000e+02,-6.450000000000000000e+02,5.700000000000000000e+01,4.600000000000000000e+01
1.680080648498539209e+09,1.610400000000000000e+04,3.160000000000000000e+02,2.160000000000000000e+02,-6.590000000000000000e+02,3.800000000000000000e+01,5.600000000000000000e+01
1.680080648499424696e+09,1.612000000000000000e+04,3.720000000000000000e+02,3.280000000000000000e+02,-6.560000000000000000e+02,2.900000000000000000e+01,4.300000000000000000e+01
1.680080648500304937e+09,1.621200000000000000e+04,3.800000000000000000e+02,3.640000000000000000e+02,-6.330000000000000000e+02,3.200000000000000000e+01,3.100000000000000000e+01
1.680080648501105309e+09,1.620400000000000000e+04,3.160000000000000000e+02,3.320000000000000000e+02,-6.300000000000000000e+02,4.000000000000000000e+01,2.300000000000000000e+01
1.680080648501920700e+09,1.623600000000000000e+04,3.280000000000000000e+02,3.600000000000000000e+02,-6.350000000000000000e+02,3.900000000000000000e+01,2.500000000000000000e+01
1.680080648502712250e+09,1.623600000000000000e+04,3.280000000000000000e+02,3.600000000000000000e+02,-6.200000000000000000e+02,5.200000000000000000e+01,2.400000000000000000e+01
1.680080648503645182e+09,1.614400000000000000e+04,2.280000000000000000e+02,2.400000000000000000e+02,-6.230000000000000000e+02,6.700000000000000000e+01,2.400000000000000000e+01
1.680080648504434109e+09,1.614400000000000000e+04,3.240000000000000000e+02,2.240000000000000000e+02,-6.530000000000000000e+02,4.100000000000000000e+01,2.700000000000000000e+01
1.680080648505224943e+09,1.622800000000000000e+04,3.120000000000000000e+02,3.040000000000000000e+02,-6.510000000000000000e+02,2.300000000000000000e+01,3.100000000000000000e+01
1.680080648506067276e+09,1.628800000000000000e+04,3.920000000000000000e+02,3.960000000000000000e+02,-6.100000000000000000e+02,2.100000000000000000e+01,3.800000000000000000e+01
1.680080648506912947e+09,1.623200000000000000e+04,2.880000000000000000e+02,3.560000000000000000e+02,-5.960000000000000000e+02,3.100000000000000000e+01,4.000000000000000000e+01
1.680080648507801771e+09,1.614400000000000000e+04,2.760000000000000000e+02,3.400000000000000000e+02,-6.180000000000000000e+02,3.100000000000000000e+01,2.700000000000000000e+01
1.680080648508605003e+09,1.614400000000000000e+04,2.760000000000000000e+02,3.400000000000000000e+02,-6.460000000000000000e+02,3.100000000000000000e+01,2.300000000000000000e+01
1.680080648509527922e+09,1.616400000000000000e+04,3.280000000000000000e+02,3.320000000000000000e+02,-6.630000000000000000e+02,3.100000000000000000e+01,3.000000000000000000e+01
1.680080648510405302e+09,1.602400000000000000e+04,3.240000000000000000e+02,4.280000000000000000e+02,-6.440000000000000000e+02,3.300000000000000000e+01,4.200000000000000000e+01
1.680080648511281490e+09,1.608000000000000000e+04,3.080000000000000000e+02,5.000000000000000000e+02,-6.300000000000000000e+02,3.900000000000000000e+01,3.900000000000000000e+01
1.680080648512475967e+09,1.618000000000000000e+04,2.840000000000000000e+02,3.960000000000000000e+02,-6.300000000000000000e+02,2.000000000000000000e+01,2.800000000000000000e+01
1.680080648513740063e+09,1.616000000000000000e+04,3.480000000000000000e+02,3.920000000000000000e+02,-5.900000000000000000e+02,1.300000000000000000e+01,1.600000000000000000e+01
1.680080648514541388e+09,1.616000000000000000e+04,3.480000000000000000e+02,3.920000000000000000e+02,-6.020000000000000000e+02,5.000000000000000000e+01,3.300000000000000000e+01
1.680080648515337229e+09,1.624400000000000000e+04,2.440000000000000000e+02,3.320000000000000000e+02,-6.320000000000000000e+02,7.100000000000000000e+01,3.600000000000000000e+01
1.680080648516129255e+09,1.620000000000000000e+04,1.920000000000000000e+02,5.160000000000000000e+02,-6.670000000000000000e+02,6.900000000000000000e+01,3.000000000000000000e+01
1.680080648516929388e+09,1.618400000000000000e+04,1.880000000000000000e+02,3.960000000000000000e+02,-6.600000000000000000e+02,5.600000000000000000e+01,2.100000000000000000e+01
1.680080648517720938e+09,1.610800000000000000e+04,2.040000000000000000e+02,3.640000000000000000e+02,-6.370000000000000000e+02,4.700000000000000000e+01,2.100000000000000000e+01
1.680080648518516541e+09,1.610800000000000000e+04,2.040000000000000000e+02,3.640000000000000000e+02,-6.120000000000000000e+02,3.800000000000000000e+01,2.800000000000000000e+01
1.680080648519423723e+09,1.618400000000000000e+04,3.160000000000000000e+02,3.920000000000000000e+02,-6.210000000000000000e+02,2.200000000000000000e+01,2.300000000000000000e+01
1.680080648520227432e+09,1.629600000000000000e+04,2.440000000000000000e+02,4.200000000000000000e+02,-6.440000000000000000e+02,1.700000000000000000e+01,2.400000000000000000e+01
1.680080648521030188e+09,1.617200000000000000e+04,3.000000000000000000e+02,3.800000000000000000e+02,-6.190000000000000000e+02,3.000000000000000000e+01,1.700000000000000000e+01
1.680080648521821260e+09,1.619200000000000000e+04,3.360000000000000000e+02,4.560000000000000000e+02,-6.040000000000000000e+02,4.400000000000000000e+01,2.300000000000000000e+01
1.680080648522609711e+09,1.619200000000000000e+04,3.360000000000000000e+02,4.560000000000000000e+02,-6.130000000000000000e+02,6.000000000000000000e+01,2.400000000000000000e+01
1.680080648523409843e+09,1.626400000000000000e+04,2.960000000000000000e+02,3.440000000000000000e+02,-6.530000000000000000e+02,4.500000000000000000e+01,1.600000000000000000e+01
1.680080648524201870e+09,1.629600000000000000e+04,3.720000000000000000e+02,3.840000000000000000e+02,-6.580000000000000000e+02,3.800000000000000000e+01,2.900000000000000000e+01
1.680080648525094986e+09,1.623600000000000000e+04,3.000000000000000000e+02,3.040000000000000000e+02,-6.120000000000000000e+02,5.600000000000000000e+01,3.200000000000000000e+01
1.680080648526005983e+09,1.624000000000000000e+04,3.440000000000000000e+02,3.800000000000000000e+02,-6.080000000000000000e+02,7.100000000000000000e+01,3.300000000000000000e+01
1.680080648526837349e+09,1.631200000000000000e+04,3.800000000000000000e+02,3.560000000000000000e+02,-6.200000000000000000e+02,5.200000000000000000e+01,2.500000000000000000e+01
1.680080648527642012e+09,1.624400000000000000e+04,3.040000000000000000e+02,3.600000000000000000e+02,-6.180000000000000000e+02,3.000000000000000000e+01,3.000000000000000000e+01
1.680080648528542280e+09,1.624400000000000000e+04,3.040000000000000000e+02,3.600000000000000000e+02,-6.070000000000000000e+02,3.300000000000000000e+01,3.300000000000000000e+01
1.680080648529360533e+09,1.618800000000000000e+04,3.320000000000000000e+02,3.600000000000000000e+02,-6.260000000000000000e+02,4.300000000000000000e+01,3.700000000000000000e+01
1.680080648530150652e+09,1.617600000000000000e+04,3.160000000000000000e+02,4.360000000000000000e+02,-6.480000000000000000e+02,4.400000000000000000e+01,3.000000000000000000e+01
1.680080648530935764e+09,1.607600000000000000e+04,2.800000000000000000e+02,2.840000000000000000e+02,-6.790000000000000000e+02,1.900000000000000000e+01,2.500000000000000000e+01
1.680080648531749725e+09,1.608400000000000000e+04,1.920000000000000000e+02,2.080000000000000000e+02,-6.530000000000000000e+02,1.600000000000000000e+01,2.500000000000000000e+01
1.680080648532557487e+09,1.608400000000000000e+04,1.920000000000000000e+02,2.080000000000000000e+02,-5.970000000000000000e+02,2.600000000000000000e+01,1.900000000000000000e+01
1.680080648533344746e+09,1.610400000000000000e+04,2.480000000000000000e+02,2.720000000000000000e+02,-5.780000000000000000e+02,4.600000000000000000e+01,2.500000000000000000e+01
1.680080648534234047e+09,1.625600000000000000e+04,2.800000000000000000e+02,3.600000000000000000e+02,-6.150000000000000000e+02,5.300000000000000000e+01,3.100000000000000000e+01
1.680080648535094976e+09,1.618000000000000000e+04,2.520000000000000000e+02,2.760000000000000000e+02,-6.440000000000000000e+02,3.900000000000000000e+01,4.000000000000000000e+01
1.680080648535907030e+09,1.622000000000000000e+04,2.160000000000000000e+02,3.200000000000000000e+02,-6.380000000000000000e+02,4.400000000000000000e+01,3.800000000000000000e+01
1.680080648536825418e+09,1.630400000000000000e+04,3.240000000000000000e+02,2.920000000000000000e+02,-6.530000000000000000e+02,2.700000000000000000e+01,4.000000000000000000e+01
1.680080648537703991e+09,1.627600000000000000e+04,2.600000000000000000e+02,2.840000000000000000e+02,-6.460000000000000000e+02,3.000000000000000000e+00,3.500000000000000000e+01
1.680080648538554430e+09,1.627600000000000000e+04,2.600000000000000000e+02,2.840000000000000000e+02,-6.040000000000000000e+02,-8.000000000000000000e+00,2.600000000000000000e+01
1.680080648539357662e+09,1.616400000000000000e+04,3.120000000000000000e+02,1.880000000000000000e+02,-5.850000000000000000e+02,2.100000000000000000e+01,2.800000000000000000e+01
1.680080648540211439e+09,1.615200000000000000e+04,2.920000000000000000e+02,2.640000000000000000e+02,-5.990000000000000000e+02,6.600000000000000000e+01,3.100000000000000000e+01
1.680080648541022301e+09,1.615600000000000000e+04,3.720000000000000000e+02,4.440000000000000000e+02,-6.500000000000000000e+02,6.800000000000000000e+01,2.400000000000000000e+01
1.680080648541808367e+09,1.611200000000000000e+04,3.080000000000000000e+02,5.760000000000000000e+02,-6.770000000000000000e+02,3.500000000000000000e+01,1.900000000000000000e+01
1.680080648542685509e+09,1.622400000000000000e+04,2.360000000000000000e+02,3.880000000000000000e+02,-6.310000000000000000e+02,1.100000000000000000e+01,2.300000000000000000e+01
1.680080648543551445e+09,1.622400000000000000e+04,2.360000000000000000e+02,3.880000000000000000e+02,-6.010000000000000000e+02,1.000000000000000000e+01,2.700000000000000000e+01
1.680080648546473503e+09,1.628400000000000000e+04,2.160000000000000000e+02,2.800000000000000000e+02,-5.970000000000000000e+02,4.500000000000000000e+01,3.400000000000000000e+01
1.680080648548055649e+09,1.615600000000000000e+04,1.920000000000000000e+02,4.360000000000000000e+02,-6.300000000000000000e+02,3.900000000000000000e+01,3.100000000000000000e+01
1.680080648548927546e+09,1.616000000000000000e+04,3.240000000000000000e+02,3.320000000000000000e+02,-6.530000000000000000e+02,3.500000000000000000e+01,3.300000000000000000e+01
1.680080648549750328e+09,1.617600000000000000e+04,2.360000000000000000e+02,4.200000000000000000e+02,-6.420000000000000000e+02,3.100000000000000000e+01,3.900000000000000000e+01
1.680080648550673008e+09,1.623600000000000000e+04,1.880000000000000000e+02,5.200000000000000000e+02,-6.290000000000000000e+02,2.000000000000000000e+01,4.100000000000000000e+01
1.680080648551489115e+09,1.623600000000000000e+04,1.880000000000000000e+02,5.200000000000000000e+02,-6.310000000000000000e+02,5.000000000000000000e+00,3.800000000000000000e+01
1.680080648552293301e+09,1.614000000000000000e+04,1.960000000000000000e+02,3.080000000000000000e+02,-6.250000000000000000e+02,1.700000000000000000e+01,2.200000000000000000e+01
1.680080648553084850e+09,1.612800000000000000e+04,2.040000000000000000e+02,3.160000000000000000e+02,-6.210000000000000000e+02,4.200000000000000000e+01,2.800000000000000000e+01
1.680080648554013014e+09,1.622400000000000000e+04,2.240000000000000000e+02,3.680000000000000000e+02,-6.400000000000000000e+02,2.600000000000000000e+01,3.200000000000000000e+01
1.680080648554901361e+09,1.624400000000000000e+04,1.520000000000000000e+02,3.240000000000000000e+02,-6.290000000000000000e+02,-1.100000000000000000e+01,3.400000000000000000e+01
1.680080648555704355e+09,1.614800000000000000e+04,2.360000000000000000e+02,2.520000000000000000e+02,-6.040000000000000000e+02,3.000000000000000000e+00,5.100000000000000000e+01
1.680080648556519985e+09,1.614800000000000000e+04,2.360000000000000000e+02,2.520000000000000000e+02,-6.000000000000000000e+02,3.400000000000000000e+01,5.900000000000000000e+01
1.680080648557378292e+09,1.622800000000000000e+04,3.040000000000000000e+02,3.480000000000000000e+02,-6.150000000000000000e+02,6.300000000000000000e+01,4.100000000000000000e+01
1.680080648558194399e+09,1.617600000000000000e+04,3.640000000000000000e+02,4.040000000000000000e+02,-6.440000000000000000e+02,6.100000000000000000e+01,2.200000000000000000e+01
1.680080648558980942e+09,1.626400000000000000e+04,2.360000000000000000e+02,3.800000000000000000e+02,-6.480000000000000000e+02,4.500000000000000000e+01,1.500000000000000000e+01
1.680080648559860468e+09,1.613200000000000000e+04,2.760000000000000000e+02,2.960000000000000000e+02,-6.330000000000000000e+02,2.100000000000000000e+01,3.000000000000000000e+01
1.680080648560818672e+09,1.625200000000000000e+04,2.600000000000000000e+02,3.760000000000000000e+02,-6.030000000000000000e+02,2.800000000000000000e+01,4.300000000000000000e+01
1.680080648561659813e+09,1.621200000000000000e+04,2.720000000000000000e+02,3.040000000000000000e+02,-6.210000000000000000e+02,3.900000000000000000e+01,4.900000000000000000e+01
1.680080648562464952e+09,1.621200000000000000e+04,2.720000000000000000e+02,3.040000000000000000e+02,-6.300000000000000000e+02,3.300000000000000000e+01,5.200000000000000000e+01
1.680080648563341379e+09,1.621200000000000000e+04,3.320000000000000000e+02,3.560000000000000000e+02,-6.030000000000000000e+02,3.700000000000000000e+01,6.600000000000000000e+01
1.680080648564165592e+09,1.621200000000000000e+04,3.480000000000000000e+02,2.640000000000000000e+02,-6.000000000000000000e+02,4.200000000000000000e+01,6.300000000000000000e+01
1.680080648564955473e+09,1.614400000000000000e+04,3.320000000000000000e+02,4.080000000000000000e+02,-6.230000000000000000e+02,4.300000000000000000e+01,4.800000000000000000e+01
1.680080648565814972e+09,1.615600000000000000e+04,3.720000000000000000e+02,3.520000000000000000e+02,-6.310000000000000000e+02,3.500000000000000000e+01,3.900000000000000000e+01
1.680080648566663742e+09,1.607200000000000000e+04,2.960000000000000000e+02,3.600000000000000000e+02,-6.310000000000000000e+02,4.000000000000000000e+01,3.800000000000000000e+01
1.680080648567545176e+09,1.607200000000000000e+04,2.960000000000000000e+02,3.600000000000000000e+02,-6.400000000000000000e+02,5.400000000000000000e+01,3.600000000000000000e+01
1.680080648568364620e+09,1.622400000000000000e+04,2.240000000000000000e+02,3.960000000000000000e+02,-6.390000000000000000e+02,4.800000000000000000e+01,4.700000000000000000e+01
1.680080648569268942e+09,1.619600000000000000e+04,2.720000000000000000e+02,3.760000000000000000e+02,-6.250000000000000000e+02,5.600000000000000000e+01,3.900000000000000000e+01
1.680080648570189714e+09,1.624800000000000000e+04,3.160000000000000000e+02,3.120000000000000000e+02,-6.280000000000000000e+02,3.600000000000000000e+01,4.200000000000000000e+01
1.680080648570990324e+09,1.626400000000000000e+04,2.880000000000000000e+02,4.280000000000000000e+02,-6.370000000000000000e+02,1.000000000000000000e+01,3.700000000000000000e+01
1.680080648571908236e+09,1.621200000000000000e+04,2.520000000000000000e+02,4.800000000000000000e+02,-6.390000000000000000e+02,1.800000000000000000e+01,4.100000000000000000e+01
1.680080648572732925e+09,1.617600000000000000e+04,3.720000000000000000e+02,4.680000000000000000e+02,-6.300000000000000000e+02,4.000000000000000000e+01,3.500000000000000000e+01
1.680080648573528767e+09,1.617200000000000000e+04,4.600000000000000000e+02,3.200000000000000000e+02,-6.200000000000000000e+02,4.400000000000000000e+01,3.900000000000000000e+01
1.680080648574319601e+09,1.617200000000000000e+04,4.600000000000000000e+02,3.200000000000000000e+02,-6.310000000000000000e+02,3.100000000000000000e+01,3.300000000000000000e+01
1.680080648575104952e+09,1.620400000000000000e+04,2.520000000000000000e+02,2.240000000000000000e+02,-6.270000000000000000e+02,3.900000000000000000e+01,2.900000000000000000e+01
1.680080648575998306e+09,1.626800000000000000e+04,3.320000000000000000e+02,2.600000000000000000e+02,-6.260000000000000000e+02,5.300000000000000000e+01,2.700000000000000000e+01
1.680080648576833248e+09,1.627600000000000000e+04,3.280000000000000000e+02,3.240000000000000000e+02,-6.380000000000000000e+02,5.100000000000000000e+01,3.100000000000000000e+01
1.680080648577738047e+09,1.632000000000000000e+04,3.400000000000000000e+02,3.720000000000000000e+02,-6.350000000000000000e+02,2.900000000000000000e+01,3.600000000000000000e+01
1.680080648578656912e+09,1.624000000000000000e+04,3.400000000000000000e+02,3.360000000000000000e+02,-6.200000000000000000e+02,3.000000000000000000e+01,4.500000000000000000e+01
1.680080648579455137e+09,1.622400000000000000e+04,3.160000000000000000e+02,2.680000000000000000e+02,-6.390000000000000000e+02,2.400000000000000000e+01,1.400000000000000000e+01
1.680080648580406189e+09,1.622400000000000000e+04,3.160000000000000000e+02,2.680000000000000000e+02,-6.610000000000000000e+02,3.000000000000000000e+00,2.000000000000000000e+01
1.680080648581225872e+09,1.629600000000000000e+04,4.640000000000000000e+02,1.640000000000000000e+02,-6.220000000000000000e+02,4.000000000000000000e+00,2.700000000000000000e+01
1.680080648582020521e+09,1.631600000000000000e+04,2.800000000000000000e+02,1.920000000000000000e+02,-5.950000000000000000e+02,4.200000000000000000e+01,1.500000000000000000e+01
1.680080648582814693e+09,1.625600000000000000e+04,3.120000000000000000e+02,3.400000000000000000e+02,-6.080000000000000000e+02,6.000000000000000000e+01,1.800000000000000000e+01
1.680080648583752394e+09,1.619200000000000000e+04,3.680000000000000000e+02,3.200000000000000000e+02,-6.340000000000000000e+02,6.400000000000000000e+01,1.900000000000000000e+01
1.680080648584538221e+09,1.619200000000000000e+04,3.000000000000000000e+02,4.000000000000000000e+02,-6.490000000000000000e+02,6.200000000000000000e+01,2.800000000000000000e+01
1.680080648585353613e+09,1.619200000000000000e+04,3.000000000000000000e+02,4.000000000000000000e+02,-6.470000000000000000e+02,4.100000000000000000e+01,3.800000000000000000e+01
1.680080648586394548e+09,1.622800000000000000e+04,3.680000000000000000e+02,4.760000000000000000e+02,-6.280000000000000000e+02,2.200000000000000000e+01,2.800000000000000000e+01
1.680080648587312937e+09,1.625200000000000000e+04,4.000000000000000000e+02,3.960000000000000000e+02,-6.340000000000000000e+02,6.800000000000000000e+01,3.500000000000000000e+01
1.680080648588237762e+09,1.625200000000000000e+04,4.200000000000000000e+02,2.640000000000000000e+02,-6.380000000000000000e+02,6.400000000000000000e+01,4.200000000000000000e+01
1.680080648589042664e+09,1.617200000000000000e+04,3.760000000000000000e+02,3.880000000000000000e+02,-6.250000000000000000e+02,3.500000000000000000e+01,4.400000000000000000e+01
1.680080648590048552e+09,1.617200000000000000e+04,2.920000000000000000e+02,2.880000000000000000e+02,-6.220000000000000000e+02,1.200000000000000000e+01,3.100000000000000000e+01
1.680080648590838194e+09,1.618800000000000000e+04,2.640000000000000000e+02,4.200000000000000000e+02,-6.290000000000000000e+02,1.400000000000000000e+01,4.000000000000000000e+01
1.680080648591871023e+09,1.620400000000000000e+04,2.400000000000000000e+02,4.240000000000000000e+02,-6.520000000000000000e+02,2.100000000000000000e+01,3.400000000000000000e+01
1.680080648592686176e+09,1.611200000000000000e+04,2.760000000000000000e+02,3.880000000000000000e+02,-6.160000000000000000e+02,2.900000000000000000e+01,3.000000000000000000e+01
1.680080648593572855e+09,1.607200000000000000e+04,3.360000000000000000e+02,4.240000000000000000e+02,-5.810000000000000000e+02,4.600000000000000000e+01,3.500000000000000000e+01
1.680080648594360352e+09,1.607200000000000000e+04,3.360000000000000000e+02,4.240000000000000000e+02,-5.960000000000000000e+02,6.400000000000000000e+01,3.700000000000000000e+01
1.680080648595353127e+09,1.620000000000000000e+04,3.280000000000000000e+02,2.680000000000000000e+02,-6.390000000000000000e+02,4.700000000000000000e+01,3.600000000000000000e+01
1.680080648596285343e+09,1.622400000000000000e+04,3.080000000000000000e+02,3.280000000000000000e+02,-6.540000000000000000e+02,3.700000000000000000e+01,3.300000000000000000e+01
1.680080648597193956e+09,1.624800000000000000e+04,3.040000000000000000e+02,4.200000000000000000e+02,-6.420000000000000000e+02,6.200000000000000000e+01,3.100000000000000000e+01
1.680080648597986221e+09,1.619600000000000000e+04,3.000000000000000000e+02,3.720000000000000000e+02,-6.490000000000000000e+02,5.300000000000000000e+01,3.000000000000000000e+01
1.680080648598978996e+09,1.625200000000000000e+04,3.760000000000000000e+02,4.480000000000000000e+02,-6.330000000000000000e+02,1.600000000000000000e+01,5.100000000000000000e+01
1.680080648599961281e+09,1.616000000000000000e+04,2.920000000000000000e+02,5.160000000000000000e+02,-6.070000000000000000e+02,9.000000000000000000e+00,4.900000000000000000e+01
1.680080648600931168e+09,1.614000000000000000e+04,2.360000000000000000e+02,4.360000000000000000e+02,-6.120000000000000000e+02,4.000000000000000000e+01,4.200000000000000000e+01
1.680080648601828337e+09,1.622000000000000000e+04,2.760000000000000000e+02,3.720000000000000000e+02,-6.550000000000000000e+02,6.300000000000000000e+01,3.500000000000000000e+01
1.680080648603190899e+09,1.622400000000000000e+04,2.680000000000000000e+02,3.560000000000000000e+02,-6.840000000000000000e+02,4.100000000000000000e+01,4.600000000000000000e+01
1.680080648604047537e+09,1.617600000000000000e+04,3.080000000000000000e+02,4.200000000000000000e+02,-6.360000000000000000e+02,4.700000000000000000e+01,4.200000000000000000e+01
1.680080648604855776e+09,1.620000000000000000e+04,2.800000000000000000e+02,3.200000000000000000e+02,-6.120000000000000000e+02,6.400000000000000000e+01,6.300000000000000000e+01
1.680080648605834723e+09,1.612400000000000000e+04,2.480000000000000000e+02,2.880000000000000000e+02,-6.450000000000000000e+02,4.600000000000000000e+01,5.300000000000000000e+01
1.680080648606784105e+09,1.607600000000000000e+04,3.080000000000000000e+02,1.480000000000000000e+02,-6.470000000000000000e+02,5.000000000000000000e+00,5.600000000000000000e+01
1.680080648607615948e+09,1.609600000000000000e+04,2.760000000000000000e+02,1.880000000000000000e+02,-6.240000000000000000e+02,2.300000000000000000e+01,5.300000000000000000e+01
1.680080648608408689e+09,1.606000000000000000e+04,3.400000000000000000e+02,3.040000000000000000e+02,-6.240000000000000000e+02,5.000000000000000000e+01,6.200000000000000000e+01
1.680080648609199762e+09,1.606000000000000000e+04,3.400000000000000000e+02,3.040000000000000000e+02,-6.500000000000000000e+02,6.700000000000000000e+01,6.500000000000000000e+01
1.680080648609992266e+09,1.614400000000000000e+04,3.920000000000000000e+02,2.880000000000000000e+02,-6.740000000000000000e+02,5.800000000000000000e+01,4.900000000000000000e+01
1.680080648610778809e+09,1.609200000000000000e+04,3.800000000000000000e+02,2.840000000000000000e+02,-6.870000000000000000e+02,4.400000000000000000e+01,2.900000000000000000e+01
1.680080648611724377e+09,1.614000000000000000e+04,3.000000000000000000e+02,4.400000000000000000e+02,-6.680000000000000000e+02,5.100000000000000000e+01,3.100000000000000000e+01
1.680080648612529993e+09,1.611200000000000000e+04,3.120000000000000000e+02,4.080000000000000000e+02,-6.350000000000000000e+02,4.300000000000000000e+01,3.400000000000000000e+01
1.680080648613317728e+09,1.622000000000000000e+04,2.200000000000000000e+02,3.240000000000000000e+02,-6.280000000000000000e+02,4.100000000000000000e+01,4.200000000000000000e+01
1.680080648614104271e+09,1.622000000000000000e+04,2.200000000000000000e+02,3.240000000000000000e+02,-6.410000000000000000e+02,4.600000000000000000e+01,3.800000000000000000e+01
1.680080648614882708e+09,1.611200000000000000e+04,1.240000000000000000e+02,3.880000000000000000e+02,-6.440000000000000000e+02,4.400000000000000000e+01,3.600000000000000000e+01
1.680080648615758896e+09,1.611200000000000000e+04,2.840000000000000000e+02,3.240000000000000000e+02,-6.310000000000000000e+02,4.500000000000000000e+01,5.400000000000000000e+01
1.680080648616625309e+09,1.604800000000000000e+04,3.360000000000000000e+02,3.760000000000000000e+02,-6.490000000000000000e+02,4.700000000000000000e+01,5.600000000000000000e+01
1.680080648617442369e+09,1.614400000000000000e+04,2.840000000000000000e+02,2.720000000000000000e+02,-6.670000000000000000e+02,3.200000000000000000e+01,2.700000000000000000e+01
1.680080648618396044e+09,1.609600000000000000e+04,2.920000000000000000e+02,2.800000000000000000e+02,-6.350000000000000000e+02,2.000000000000000000e+01,2.000000000000000000e+00
1.680080648619232178e+09,1.609600000000000000e+04,2.920000000000000000e+02,2.800000000000000000e+02,-6.060000000000000000e+02,2.000000000000000000e+01,1.900000000000000000e+01
1.680080648620037079e+09,1.614400000000000000e+04,3.280000000000000000e+02,4.040000000000000000e+02,-6.160000000000000000e+02,2.700000000000000000e+01,4.300000000000000000e+01
1.680080648620942354e+09,1.630000000000000000e+04,3.400000000000000000e+02,3.720000000000000000e+02,-6.470000000000000000e+02,4.500000000000000000e+01,4.700000000000000000e+01
1.680080648621792078e+09,1.622400000000000000e+04,2.920000000000000000e+02,4.400000000000000000e+02,-6.560000000000000000e+02,2.600000000000000000e+01,4.200000000000000000e+01
1.680080648622584820e+09,1.624400000000000000e+04,2.200000000000000000e+02,4.160000000000000000e+02,-6.280000000000000000e+02,1.400000000000000000e+01,4.400000000000000000e+01
1.680080648623474836e+09,1.624400000000000000e+04,2.720000000000000000e+02,3.760000000000000000e+02,-6.170000000000000000e+02,3.900000000000000000e+01,4.600000000000000000e+01
1.680080648624294281e+09,1.616800000000000000e+04,2.680000000000000000e+02,2.880000000000000000e+02,-6.400000000000000000e+02,4.200000000000000000e+01,2.000000000000000000e+01
1.680080648625091553e+09,1.616800000000000000e+04,2.680000000000000000e+02,2.880000000000000000e+02,-6.710000000000000000e+02,3.600000000000000000e+01,1.000000000000000000e+01
1.680080648625898600e+09,1.619200000000000000e+04,2.400000000000000000e+02,3.200000000000000000e+02,-6.720000000000000000e+02,1.700000000000000000e+01,2.200000000000000000e+01
1.680080648626819372e+09,1.606400000000000000e+04,3.320000000000000000e+02,3.720000000000000000e+02,-6.430000000000000000e+02,6.000000000000000000e+00,4.000000000000000000e+01
1.680080648627643347e+09,1.612000000000000000e+04,3.400000000000000000e+02,3.960000000000000000e+02,-6.120000000000000000e+02,3.100000000000000000e+01,6.600000000000000000e+01
1.680080648628586769e+09,1.621600000000000000e+04,3.520000000000000000e+02,4.040000000000000000e+02,-6.180000000000000000e+02,5.400000000000000000e+01,6.300000000000000000e+01
1.680080648629419327e+09,1.628400000000000000e+04,3.120000000000000000e+02,2.720000000000000000e+02,-6.620000000000000000e+02,5.000000000000000000e+01,5.900000000000000000e+01
1.680080648630225420e+09,1.628400000000000000e+04,3.120000000000000000e+02,2.720000000000000000e+02,-6.800000000000000000e+02,4.100000000000000000e+01,5.300000000000000000e+01
1.680080648631170511e+09,1.620000000000000000e+04,2.360000000000000000e+02,3.640000000000000000e+02,-6.430000000000000000e+02,4.000000000000000000e+01,3.300000000000000000e+01
1.680080648631998301e+09,1.608400000000000000e+04,2.320000000000000000e+02,3.960000000000000000e+02,-6.080000000000000000e+02,4.100000000000000000e+01,3.100000000000000000e+01
1.680080648632793903e+09,1.609200000000000000e+04,2.640000000000000000e+02,3.520000000000000000e+02,-6.200000000000000000e+02,3.800000000000000000e+01,3.400000000000000000e+01
1.680080648633650541e+09,1.614000000000000000e+04,1.480000000000000000e+02,3.240000000000000000e+02,-6.350000000000000000e+02,3.800000000000000000e+01,3.600000000000000000e+01
1.680080648634461164e+09,1.617600000000000000e+04,2.640000000000000000e+02,2.080000000000000000e+02,-6.340000000000000000e+02,5.100000000000000000e+01,4.500000000000000000e+01
1.680080648635252714e+09,1.621200000000000000e+04,2.960000000000000000e+02,2.520000000000000000e+02,-6.330000000000000000e+02,5.200000000000000000e+01,6.300000000000000000e+01
1.680080648636144400e+09,1.621200000000000000e+04,2.960000000000000000e+02,2.520000000000000000e+02,-6.290000000000000000e+02,2.600000000000000000e+01,4.500000000000000000e+01
1.680080648637066841e+09,1.610800000000000000e+04,3.640000000000000000e+02,2.920000000000000000e+02,-6.150000000000000000e+02,1.000000000000000000e+01,2.400000000000000000e+01
1.680080648637965202e+09,1.620800000000000000e+04,3.440000000000000000e+02,3.240000000000000000e+02,-6.010000000000000000e+02,3.900000000000000000e+01,2.900000000000000000e+01
1.680080648638800621e+09,1.609200000000000000e+04,2.760000000000000000e+02,3.520000000000000000e+02,-6.210000000000000000e+02,5.900000000000000000e+01,5.500000000000000000e+01
1.680080648639600754e+09,1.607600000000000000e+04,2.840000000000000000e+02,3.120000000000000000e+02,-6.560000000000000000e+02,2.900000000000000000e+01,5.400000000000000000e+01
1.680080648640691996e+09,1.618800000000000000e+04,4.040000000000000000e+02,3.720000000000000000e+02,-6.460000000000000000e+02,2.300000000000000000e+01,3.700000000000000000e+01
1.680080648641490936e+09,1.618000000000000000e+04,4.240000000000000000e+02,3.760000000000000000e+02,-6.130000000000000000e+02,3.100000000000000000e+01,3.000000000000000000e+01
1.680080648642289639e+09,1.626000000000000000e+04,3.400000000000000000e+02,3.440000000000000000e+02,-6.200000000000000000e+02,4.500000000000000000e+01,4.200000000000000000e+01
1.680080648643089294e+09,1.626000000000000000e+04,3.400000000000000000e+02,3.440000000000000000e+02,-6.470000000000000000e+02,3.900000000000000000e+01,3.900000000000000000e+01
1.680080648643918037e+09,1.622000000000000000e+04,4.200000000000000000e+02,3.160000000000000000e+02,-6.640000000000000000e+02,1.900000000000000000e+01,3.300000000000000000e+01
1.680080648644706488e+09,1.613600000000000000e+04,3.760000000000000000e+02,2.920000000000000000e+02,-6.220000000000000000e+02,2.400000000000000000e+01,3.500000000000000000e+01
1.680080648645496368e+09,1.610000000000000000e+04,2.760000000000000000e+02,2.520000000000000000e+02,-5.920000000000000000e+02,3.800000000000000000e+01,3.500000000000000000e+01
1.680080648646408796e+09,1.612800000000000000e+04,3.400000000000000000e+02,3.600000000000000000e+02,-5.970000000000000000e+02,5.100000000000000000e+01,5.700000000000000000e+01
1.680080648647294044e+09,1.607200000000000000e+04,4.280000000000000000e+02,3.440000000000000000e+02,-6.220000000000000000e+02,5.900000000000000000e+01,4.200000000000000000e+01
1.680080648648180008e+09,1.607200000000000000e+04,4.280000000000000000e+02,3.440000000000000000e+02,-6.600000000000000000e+02,2.500000000000000000e+01,3.600000000000000000e+01
1.680080648649020672e+09,1.618400000000000000e+04,3.520000000000000000e+02,3.000000000000000000e+02,-6.550000000000000000e+02,1.800000000000000000e+01,4.200000000000000000e+01
1.680080648649805784e+09,1.614000000000000000e+04,3.080000000000000000e+02,3.400000000000000000e+02,-6.170000000000000000e+02,3.800000000000000000e+01,4.600000000000000000e+01
1.680080648650597095e+09,1.615200000000000000e+04,2.680000000000000000e+02,3.680000000000000000e+02,-6.090000000000000000e+02,4.700000000000000000e+01,3.300000000000000000e+01
1.680080648651569843e+09,1.621200000000000000e+04,3.800000000000000000e+02,3.440000000000000000e+02,-6.300000000000000000e+02,6.200000000000000000e+01,3.600000000000000000e+01
1.680080648652429819e+09,1.618400000000000000e+04,3.280000000000000000e+02,2.200000000000000000e+02,-6.570000000000000000e+02,5.400000000000000000e+01,5.200000000000000000e+01
1.680080648653234005e+09,1.622400000000000000e+04,2.960000000000000000e+02,2.320000000000000000e+02,-6.390000000000000000e+02,2.900000000000000000e+01,5.300000000000000000e+01
1.680080648654089212e+09,1.622400000000000000e+04,2.960000000000000000e+02,2.320000000000000000e+02,-6.030000000000000000e+02,2.000000000000000000e+01,6.100000000000000000e+01
1.680080648654905796e+09,1.622800000000000000e+04,2.840000000000000000e+02,3.240000000000000000e+02,-6.070000000000000000e+02,3.800000000000000000e+01,4.500000000000000000e+01
1.680080648655696154e+09,1.614400000000000000e+04,3.680000000000000000e+02,3.000000000000000000e+02,-6.170000000000000000e+02,4.900000000000000000e+01,5.200000000000000000e+01
1.680080648656610250e+09,1.617200000000000000e+04,3.400000000000000000e+02,2.360000000000000000e+02,-6.500000000000000000e+02,4.800000000000000000e+01,5.600000000000000000e+01
1.680080648657434225e+09,1.618800000000000000e+04,4.200000000000000000e+02,2.280000000000000000e+02,-6.580000000000000000e+02,1.900000000000000000e+01,5.300000000000000000e+01
1.680080648658251524e+09,1.619200000000000000e+04,4.160000000000000000e+02,2.520000000000000000e+02,-6.230000000000000000e+02,1.700000000000000000e+01,3.900000000000000000e+01
1.680080648659162998e+09,1.619200000000000000e+04,4.160000000000000000e+02,2.520000000000000000e+02,-6.170000000000000000e+02,4.000000000000000000e+01,4.300000000000000000e+01
1.680080648659996510e+09,1.612400000000000000e+04,2.960000000000000000e+02,3.040000000000000000e+02,-6.340000000000000000e+02,5.000000000000000000e+01,4.300000000000000000e+01
1.680080648660896063e+09,1.620400000000000000e+04,3.560000000000000000e+02,1.840000000000000000e+02,-6.460000000000000000e+02,4.000000000000000000e+01,3.000000000000000000e+01
1.680080648661750078e+09,1.630000000000000000e+04,4.080000000000000000e+02,2.640000000000000000e+02,-6.570000000000000000e+02,3.100000000000000000e+01,2.800000000000000000e+01
1.680080648662635565e+09,1.633600000000000000e+04,4.520000000000000000e+02,3.360000000000000000e+02,-6.450000000000000000e+02,4.000000000000000000e+01,3.100000000000000000e+01
1.680080648663458824e+09,1.626000000000000000e+04,2.640000000000000000e+02,3.520000000000000000e+02,-6.550000000000000000e+02,3.500000000000000000e+01,5.400000000000000000e+01
1.680080648664254189e+09,1.632000000000000000e+04,3.160000000000000000e+02,3.720000000000000000e+02,-6.510000000000000000e+02,3.000000000000000000e+01,6.400000000000000000e+01
1.680080648665142775e+09,1.631600000000000000e+04,3.440000000000000000e+02,2.960000000000000000e+02,-6.270000000000000000e+02,3.100000000000000000e+01,5.500000000000000000e+01
1.680080648665978193e+09,1.631600000000000000e+04,3.440000000000000000e+02,2.960000000000000000e+02,-6.020000000000000000e+02,2.900000000000000000e+01,4.800000000000000000e+01
1.680080648666823864e+09,1.628800000000000000e+04,4.000000000000000000e+02,2.680000000000000000e+02,-6.200000000000000000e+02,4.600000000000000000e+01,4.000000000000000000e+01
1.680080648667716026e+09,1.624400000000000000e+04,3.760000000000000000e+02,3.160000000000000000e+02,-6.640000000000000000e+02,4.900000000000000000e+01,3.500000000000000000e+01
1.680080648668623686e+09,1.629200000000000000e+04,3.880000000000000000e+02,2.560000000000000000e+02,-6.830000000000000000e+02,2.400000000000000000e+01,2.400000000000000000e+01
1.680080648669496059e+09,1.618800000000000000e+04,4.440000000000000000e+02,3.160000000000000000e+02,-6.560000000000000000e+02,2.600000000000000000e+01,3.100000000000000000e+01
1.680080648670311213e+09,1.616000000000000000e+04,4.200000000000000000e+02,2.600000000000000000e+02,-6.330000000000000000e+02,3.800000000000000000e+01,5.400000000000000000e+01
1.680080648671114683e+09,1.616000000000000000e+04,4.200000000000000000e+02,2.600000000000000000e+02,-6.460000000000000000e+02,2.300000000000000000e+01,6.400000000000000000e+01
1.680080648671994209e+09,1.611200000000000000e+04,3.760000000000000000e+02,1.880000000000000000e+02,-6.160000000000000000e+02,3.300000000000000000e+01,6.500000000000000000e+01
1.680080648672856569e+09,1.604000000000000000e+04,3.720000000000000000e+02,1.920000000000000000e+02,-5.900000000000000000e+02,1.600000000000000000e+01,4.500000000000000000e+01
1.680080648673665047e+09,1.614800000000000000e+04,3.800000000000000000e+02,2.920000000000000000e+02,-6.160000000000000000e+02,2.900000000000000000e+01,3.300000000000000000e+01
1.680080648674551725e+09,1.621600000000000000e+04,3.400000000000000000e+02,4.800000000000000000e+02,-6.580000000000000000e+02,4.900000000000000000e+01,3.300000000000000000e+01
1.680080648675357580e+09,1.620400000000000000e+04,3.840000000000000000e+02,3.120000000000000000e+02,-6.720000000000000000e+02,5.200000000000000000e+01,4.500000000000000000e+01
1.680080648676150560e+09,1.608800000000000000e+04,4.520000000000000000e+02,3.040000000000000000e+02,-6.460000000000000000e+02,5.800000000000000000e+01,6.000000000000000000e+01
1.680080648677139521e+09,1.608400000000000000e+04,4.040000000000000000e+02,1.920000000000000000e+02,-6.240000000000000000e+02,5.100000000000000000e+01,6.500000000000000000e+01
1.680080648677944422e+09,1.608400000000000000e+04,4.040000000000000000e+02,1.920000000000000000e+02,-6.350000000000000000e+02,4.200000000000000000e+01,4.700000000000000000e+01
1.680080648678733349e+09,1.614400000000000000e+04,3.480000000000000000e+02,2.600000000000000000e+02,-6.260000000000000000e+02,4.600000000000000000e+01,3.700000000000000000e+01
1.680080648679679632e+09,1.619200000000000000e+04,2.800000000000000000e+02,3.040000000000000000e+02,-6.290000000000000000e+02,3.800000000000000000e+01,2.000000000000000000e+01
1.680080648680567026e+09,1.623200000000000000e+04,3.600000000000000000e+02,3.840000000000000000e+02,-6.340000000000000000e+02,2.500000000000000000e+01,3.800000000000000000e+01
1.680080648681363821e+09,1.618400000000000000e+04,4.040000000000000000e+02,3.920000000000000000e+02,-6.280000000000000000e+02,2.500000000000000000e+01,5.500000000000000000e+01
1.680080648682156563e+09,1.621600000000000000e+04,3.320000000000000000e+02,2.960000000000000000e+02,-6.320000000000000000e+02,3.700000000000000000e+01,4.700000000000000000e+01
1.680080648682948112e+09,1.621600000000000000e+04,3.320000000000000000e+02,2.960000000000000000e+02,-6.220000000000000000e+02,3.700000000000000000e+01,4.200000000000000000e+01
1.680080648683740854e+09,1.616400000000000000e+04,3.240000000000000000e+02,3.040000000000000000e+02,-6.240000000000000000e+02,3.600000000000000000e+01,4.800000000000000000e+01
1.680080648684613705e+09,1.609600000000000000e+04,3.960000000000000000e+02,2.760000000000000000e+02,-6.650000000000000000e+02,2.500000000000000000e+01,6.200000000000000000e+01
1.680080648685425997e+09,1.616800000000000000e+04,3.920000000000000000e+02,2.120000000000000000e+02,-6.580000000000000000e+02,4.600000000000000000e+01,6.700000000000000000e+01
1.680080648686393261e+09,1.625600000000000000e+04,3.960000000000000000e+02,2.480000000000000000e+02,-6.480000000000000000e+02,6.000000000000000000e+01,5.300000000000000000e+01
1.680080648687325716e+09,1.620000000000000000e+04,3.400000000000000000e+02,2.520000000000000000e+02,-6.530000000000000000e+02,3.400000000000000000e+01,4.900000000000000000e+01
1.680080648688159466e+09,1.622800000000000000e+04,3.320000000000000000e+02,2.560000000000000000e+02,-6.190000000000000000e+02,2.600000000000000000e+01,5.700000000000000000e+01
1.680080648688961267e+09,1.622800000000000000e+04,3.320000000000000000e+02,2.560000000000000000e+02,-6.240000000000000000e+02,3.100000000000000000e+01,5.100000000000000000e+01
1.680080648689894676e+09,1.621200000000000000e+04,3.640000000000000000e+02,2.040000000000000000e+02,-6.500000000000000000e+02,3.800000000000000000e+01,3.300000000000000000e+01
1.680080648690707445e+09,1.617200000000000000e+04,4.160000000000000000e+02,3.040000000000000000e+02,-6.570000000000000000e+02,4.400000000000000000e+01,4.800000000000000000e+01
1.680080648691493988e+09,1.604800000000000000e+04,3.480000000000000000e+02,2.000000000000000000e+02,-6.340000000000000000e+02,3.900000000000000000e+01,5.800000000000000000e+01
1.680080648692287683e+09,1.599200000000000000e+04,2.760000000000000000e+02,6.400000000000000000e+01,-6.310000000000000000e+02,3.000000000000000000e+01,5.200000000000000000e+01
1.680080648693073750e+09,1.603200000000000000e+04,3.240000000000000000e+02,1.760000000000000000e+02,-6.310000000000000000e+02,3.100000000000000000e+01,4.400000000000000000e+01
1.680080648693950415e+09,1.603200000000000000e+04,3.240000000000000000e+02,1.760000000000000000e+02,-6.350000000000000000e+02,4.100000000000000000e+01,4.300000000000000000e+01
1.680080648694806814e+09,1.613200000000000000e+04,3.240000000000000000e+02,2.080000000000000000e+02,-6.340000000000000000e+02,5.100000000000000000e+01,4.500000000000000000e+01
1.680080648695658207e+09,1.611600000000000000e+04,3.840000000000000000e+02,1.600000000000000000e+02,-6.250000000000000000e+02,4.300000000000000000e+01,3.500000000000000000e+01
1.680080648696630478e+09,1.621200000000000000e+04,3.840000000000000000e+02,2.360000000000000000e+02,-6.410000000000000000e+02,2.000000000000000000e+01,3.600000000000000000e+01
1.680080648697507858e+09,1.617200000000000000e+04,3.640000000000000000e+02,2.640000000000000000e+02,-6.280000000000000000e+02,7.000000000000000000e+00,4.700000000000000000e+01
1.680080648698312044e+09,1.604400000000000000e+04,3.560000000000000000e+02,1.440000000000000000e+02,-5.930000000000000000e+02,-1.000000000000000000e+00,5.700000000000000000e+01
1.680080648699207067e+09,1.607600000000000000e+04,4.000000000000000000e+02,0.000000000000000000e+00,-5.950000000000000000e+02,1.100000000000000000e+01,6.100000000000000000e+01
1.680080648699999809e+09,1.607600000000000000e+04,4.000000000000000000e+02,0.000000000000000000e+00,-6.200000000000000000e+02,4.700000000000000000e+01,5.400000000000000000e+01
1.680080648700796604e+09,1.616800000000000000e+04,3.720000000000000000e+02,1.640000000000000000e+02,-6.650000000000000000e+02,5.400000000000000000e+01,4.000000000000000000e+01
1.680080648701584816e+09,1.613600000000000000e+04,3.400000000000000000e+02,3.480000000000000000e+02,-6.590000000000000000e+02,3.700000000000000000e+01,3.200000000000000000e+01
1.680080648702373028e+09,1.612000000000000000e+04,3.760000000000000000e+02,2.280000000000000000e+02,-6.320000000000000000e+02,3.900000000000000000e+01,4.900000000000000000e+01
1.680080648703160524e+09,1.602400000000000000e+04,3.000000000000000000e+02,1.400000000000000000e+02,-6.350000000000000000e+02,3.200000000000000000e+01,6.400000000000000000e+01
1.680080648704032421e+09,1.608000000000000000e+04,3.520000000000000000e+02,1.920000000000000000e+02,-6.390000000000000000e+02,2.100000000000000000e+01,6.600000000000000000e+01
1.680080648704881907e+09,1.608000000000000000e+04,3.520000000000000000e+02,1.920000000000000000e+02,-6.180000000000000000e+02,1.100000000000000000e+01,6.000000000000000000e+01
1.680080648705686569e+09,1.607200000000000000e+04,4.120000000000000000e+02,2.600000000000000000e+02,-6.210000000000000000e+02,3.500000000000000000e+01,4.800000000000000000e+01
1.680080648706614971e+09,1.610000000000000000e+04,3.280000000000000000e+02,2.600000000000000000e+02,-6.520000000000000000e+02,2.700000000000000000e+01,1.900000000000000000e+01
1.680080648707456589e+09,1.602000000000000000e+04,2.960000000000000000e+02,1.760000000000000000e+02,-6.370000000000000000e+02,2.000000000000000000e+01,1.500000000000000000e+01
1.680080648708252907e+09,1.610800000000000000e+04,4.000000000000000000e+02,8.000000000000000000e+01,-5.960000000000000000e+02,3.600000000000000000e+01,3.500000000000000000e+01
1.680080648709156752e+09,1.617600000000000000e+04,3.400000000000000000e+02,1.680000000000000000e+02,-5.980000000000000000e+02,6.500000000000000000e+01,4.500000000000000000e+01
1.680080648710072041e+09,1.607600000000000000e+04,4.480000000000000000e+02,1.440000000000000000e+02,-6.230000000000000000e+02,7.700000000000000000e+01,3.300000000000000000e+01
1.680080648710966587e+09,1.607600000000000000e+04,4.480000000000000000e+02,1.440000000000000000e+02,-6.520000000000000000e+02,4.300000000000000000e+01,1.800000000000000000e+01
1.680080648711770773e+09,1.612000000000000000e+04,5.040000000000000000e+02,2.280000000000000000e+02,-6.350000000000000000e+02,1.800000000000000000e+01,1.400000000000000000e+01
1.680080648712570190e+09,1.616000000000000000e+04,3.440000000000000000e+02,2.560000000000000000e+02,-6.120000000000000000e+02,3.800000000000000000e+01,2.400000000000000000e+01
1.680080648713364124e+09,1.613600000000000000e+04,2.880000000000000000e+02,1.920000000000000000e+02,-6.110000000000000000e+02,5.600000000000000000e+01,3.100000000000000000e+01
1.680080648714159250e+09,1.606800000000000000e+04,3.760000000000000000e+02,2.520000000000000000e+02,-6.340000000000000000e+02,6.900000000000000000e+01,3.700000000000000000e+01
1.680080648714944363e+09,1.606800000000000000e+04,3.760000000000000000e+02,2.520000000000000000e+02,-6.630000000000000000e+02,3.500000000000000000e+01,3.300000000000000000e+01
1.680080648715768099e+09,1.614000000000000000e+04,3.560000000000000000e+02,2.400000000000000000e+02,-6.670000000000000000e+02,1.600000000000000000e+01,4.000000000000000000e+01
1.680080648716886520e+09,1.612000000000000000e+04,3.960000000000000000e+02,3.080000000000000000e+02,-6.220000000000000000e+02,2.400000000000000000e+01,4.700000000000000000e+01
1.680080648717797041e+09,1.624800000000000000e+04,4.400000000000000000e+02,2.200000000000000000e+02,-6.200000000000000000e+02,7.400000000000000000e+01,3.400000000000000000e+01
1.680080648718622923e+09,1.623600000000000000e+04,3.320000000000000000e+02,1.200000000000000000e+02,-6.360000000000000000e+02,8.500000000000000000e+01,3.000000000000000000e+01
1.680080648719425678e+09,1.629600000000000000e+04,2.800000000000000000e+02,1.200000000000000000e+02,-6.560000000000000000e+02,5.200000000000000000e+01,4.500000000000000000e+01
1.680080648720327616e+09,1.614800000000000000e+04,3.400000000000000000e+02,2.960000000000000000e+02,-6.430000000000000000e+02,1.900000000000000000e+01,3.300000000000000000e+01
1.680080648721124887e+09,1.618800000000000000e+04,3.200000000000000000e+02,3.600000000000000000e+02,-6.200000000000000000e+02,3.900000000000000000e+01,2.000000000000000000e+01
1.680080648721926212e+09,1.618800000000000000e+04,3.200000000000000000e+02,3.600000000000000000e+02,-6.100000000000000000e+02,6.600000000000000000e+01,2.900000000000000000e+01
1.680080648722722054e+09,1.610400000000000000e+04,2.840000000000000000e+02,2.760000000000000000e+02,-6.360000000000000000e+02,8.200000000000000000e+01,3.900000000000000000e+01
1.680080648723701715e+09,1.617600000000000000e+04,3.920000000000000000e+02,3.400000000000000000e+02,-6.690000000000000000e+02,6.800000000000000000e+01,4.000000000000000000e+01
1.680080648724582911e+09,1.616000000000000000e+04,4.080000000000000000e+02,3.000000000000000000e+02,-6.510000000000000000e+02,5.000000000000000000e+01,4.500000000000000000e+01
1.680080648725413561e+09,1.617600000000000000e+04,4.520000000000000000e+02,2.640000000000000000e+02,-6.270000000000000000e+02,3.600000000000000000e+01,4.400000000000000000e+01
1.680080648726214886e+09,1.614800000000000000e+04,4.000000000000000000e+02,4.520000000000000000e+02,-6.410000000000000000e+02,3.700000000000000000e+01,3.800000000000000000e+01
1.680080648727063894e+09,1.619200000000000000e+04,3.120000000000000000e+02,2.880000000000000000e+02,-6.230000000000000000e+02,1.800000000000000000e+01,4.100000000000000000e+01
1.680080648727854967e+09,1.619200000000000000e+04,3.120000000000000000e+02,2.880000000000000000e+02,-5.960000000000000000e+02,3.200000000000000000e+01,3.700000000000000000e+01
1.680080648728826284e+09,1.618800000000000000e+04,3.120000000000000000e+02,2.000000000000000000e+02,-5.850000000000000000e+02,4.100000000000000000e+01,3.100000000000000000e+01
1.680080648729645252e+09,1.620400000000000000e+04,4.200000000000000000e+02,2.560000000000000000e+02,-6.120000000000000000e+02,6.000000000000000000e+01,3.100000000000000000e+01
1.680080648730440140e+09,1.615600000000000000e+04,3.640000000000000000e+02,1.960000000000000000e+02,-6.680000000000000000e+02,5.200000000000000000e+01,4.000000000000000000e+01
1.680080648731243372e+09,1.601600000000000000e+04,3.520000000000000000e+02,2.360000000000000000e+02,-6.720000000000000000e+02,2.700000000000000000e+01,4.300000000000000000e+01
1.680080648732040882e+09,1.606000000000000000e+04,3.600000000000000000e+02,3.320000000000000000e+02,-6.170000000000000000e+02,2.700000000000000000e+01,4.400000000000000000e+01
1.680080648734152794e+09,1.606000000000000000e+04,3.600000000000000000e+02,3.320000000000000000e+02,-6.000000000000000000e+02,5.100000000000000000e+01,3.400000000000000000e+01
1.680080648735176563e+09,1.609600000000000000e+04,3.920000000000000000e+02,4.080000000000000000e+02,-6.550000000000000000e+02,2.300000000000000000e+01,4.600000000000000000e+01
1.680080648736160040e+09,1.614000000000000000e+04,3.520000000000000000e+02,3.280000000000000000e+02,-6.200000000000000000e+02,9.000000000000000000e+00,3.200000000000000000e+01
1.680080648737004042e+09,1.606800000000000000e+04,3.440000000000000000e+02,3.640000000000000000e+02,-5.920000000000000000e+02,4.000000000000000000e+01,2.800000000000000000e+01
1.680080648737846613e+09,1.606800000000000000e+04,3.440000000000000000e+02,3.640000000000000000e+02,-5.960000000000000000e+02,4.800000000000000000e+01,2.800000000000000000e+01
1.680080648738651037e+09,1.607600000000000000e+04,3.720000000000000000e+02,2.720000000000000000e+02,-6.410000000000000000e+02,4.800000000000000000e+01,4.200000000000000000e+01
1.680080648739466429e+09,1.619200000000000000e+04,3.760000000000000000e+02,3.560000000000000000e+02,-6.530000000000000000e+02,3.900000000000000000e+01,3.700000000000000000e+01
1.680080648740262508e+09,1.616000000000000000e+04,2.760000000000000000e+02,3.520000000000000000e+02,-6.340000000000000000e+02,5.000000000000000000e+01,3.700000000000000000e+01
1.680080648741141796e+09,1.611200000000000000e+04,3.160000000000000000e+02,3.800000000000000000e+02,-6.380000000000000000e+02,5.200000000000000000e+01,2.200000000000000000e+01
1.680080648741999149e+09,1.612400000000000000e+04,2.240000000000000000e+02,3.800000000000000000e+02,-6.330000000000000000e+02,3.600000000000000000e+01,1.600000000000000000e+01
1.680080648742819786e+09,1.612400000000000000e+04,2.240000000000000000e+02,3.800000000000000000e+02,-5.970000000000000000e+02,2.600000000000000000e+01,8.000000000000000000e+00
1.680080648743727684e+09,1.611200000000000000e+04,2.600000000000000000e+02,4.200000000000000000e+02,-6.060000000000000000e+02,5.600000000000000000e+01,3.600000000000000000e+01
1.680080648744568348e+09,1.622000000000000000e+04,3.240000000000000000e+02,4.040000000000000000e+02,-6.230000000000000000e+02,5.600000000000000000e+01,4.600000000000000000e+01
1.680080648745465994e+09,1.614400000000000000e+04,2.080000000000000000e+02,3.360000000000000000e+02,-6.560000000000000000e+02,7.200000000000000000e+01,3.300000000000000000e+01
1.680080648746448994e+09,1.605200000000000000e+04,2.560000000000000000e+02,3.680000000000000000e+02,-6.650000000000000000e+02,6.000000000000000000e+01,2.700000000000000000e+01
1.680080648747259855e+09,1.606400000000000000e+04,2.400000000000000000e+02,4.000000000000000000e+02,-6.310000000000000000e+02,4.000000000000000000e+01,3.000000000000000000e+01
1.680080648748064041e+09,1.614000000000000000e+04,3.200000000000000000e+02,3.080000000000000000e+02,-6.020000000000000000e+02,5.300000000000000000e+01,3.300000000000000000e+01
1.680080648748954773e+09,1.626000000000000000e+04,2.600000000000000000e+02,2.800000000000000000e+02,-6.150000000000000000e+02,7.100000000000000000e+01,3.000000000000000000e+01
1.680080648749767780e+09,1.626000000000000000e+04,2.600000000000000000e+02,2.800000000000000000e+02,-6.140000000000000000e+02,7.900000000000000000e+01,2.000000000000000000e+01
1.680080648750547886e+09,1.635200000000000000e+04,2.840000000000000000e+02,3.240000000000000000e+02,-6.130000000000000000e+02,6.700000000000000000e+01,3.200000000000000000e+01
1.680080648751450539e+09,1.615600000000000000e+04,2.440000000000000000e+02,4.320000000000000000e+02,-6.390000000000000000e+02,3.900000000000000000e+01,3.900000000000000000e+01
1.680080648752300739e+09,1.607600000000000000e+04,2.440000000000000000e+02,3.640000000000000000e+02,-6.440000000000000000e+02,2.000000000000000000e+01,4.300000000000000000e+01
1.680080648753121614e+09,1.608000000000000000e+04,2.240000000000000000e+02,2.720000000000000000e+02,-6.170000000000000000e+02,4.000000000000000000e+01,3.500000000000000000e+01
1.680080648754135847e+09,1.612000000000000000e+04,2.040000000000000000e+02,1.400000000000000000e+02,-6.180000000000000000e+02,6.200000000000000000e+01,2.300000000000000000e+01
1.680080648755013466e+09,1.622800000000000000e+04,2.240000000000000000e+02,2.840000000000000000e+02,-6.480000000000000000e+02,3.100000000000000000e+01,4.000000000000000000e+01
1.680080648755817175e+09,1.622800000000000000e+04,2.240000000000000000e+02,2.840000000000000000e+02,-6.500000000000000000e+02,-1.000000000000000000e+01,3.600000000000000000e+01
1.680080648756646156e+09,1.630800000000000000e+04,2.640000000000000000e+02,3.440000000000000000e+02,-6.280000000000000000e+02,-2.000000000000000000e+00,3.000000000000000000e+01
1.680080648757649660e+09,1.622400000000000000e+04,2.480000000000000000e+02,4.640000000000000000e+02,-6.000000000000000000e+02,4.900000000000000000e+01,2.900000000000000000e+01
1.680080648758491993e+09,1.620400000000000000e+04,1.720000000000000000e+02,5.080000000000000000e+02,-5.990000000000000000e+02,6.400000000000000000e+01,2.400000000000000000e+01
1.680080648759399891e+09,1.615600000000000000e+04,1.800000000000000000e+02,7.160000000000000000e+02,-6.350000000000000000e+02,3.600000000000000000e+01,2.600000000000000000e+01
1.680080648760296345e+09,1.612000000000000000e+04,1.680000000000000000e+02,5.800000000000000000e+02,-6.420000000000000000e+02,3.800000000000000000e+01,2.700000000000000000e+01
1.680080648761089802e+09,1.617200000000000000e+04,2.640000000000000000e+02,4.040000000000000000e+02,-6.380000000000000000e+02,4.900000000000000000e+01,2.200000000000000000e+01
1.680080648761892080e+09,1.624000000000000000e+04,2.760000000000000000e+02,3.800000000000000000e+02,-6.270000000000000000e+02,5.400000000000000000e+01,1.700000000000000000e+01
1.680080648762695074e+09,1.624000000000000000e+04,2.760000000000000000e+02,3.800000000000000000e+02,-6.180000000000000000e+02,3.500000000000000000e+01,7.000000000000000000e+00
1.680080648763484955e+09,1.625600000000000000e+04,2.760000000000000000e+02,2.960000000000000000e+02,-6.010000000000000000e+02,3.300000000000000000e+01,1.100000000000000000e+01
1.680080648764429331e+09,1.616400000000000000e+04,1.680000000000000000e+02,3.120000000000000000e+02,-6.050000000000000000e+02,4.200000000000000000e+01,1.600000000000000000e+01
1.680080648765241385e+09,1.620000000000000000e+04,1.960000000000000000e+02,4.440000000000000000e+02,-6.520000000000000000e+02,4.400000000000000000e+01,2.100000000000000000e+01
1.680080648766049862e+09,1.622000000000000000e+04,1.640000000000000000e+02,4.280000000000000000e+02,-6.440000000000000000e+02,3.500000000000000000e+01,3.100000000000000000e+01
1.680080648766892433e+09,1.621200000000000000e+04,1.600000000000000000e+02,4.000000000000000000e+02,-6.280000000000000000e+02,3.800000000000000000e+01,2.500000000000000000e+01
1.680080648767758846e+09,1.621200000000000000e+04,1.600000000000000000e+02,4.000000000000000000e+02,-6.170000000000000000e+02,3.300000000000000000e+01,2.800000000000000000e+01
1.680080648768583775e+09,1.620800000000000000e+04,2.040000000000000000e+02,5.000000000000000000e+02,-6.210000000000000000e+02,3.500000000000000000e+01,3.000000000000000000e+01
1.680080648769376040e+09,1.613200000000000000e+04,1.920000000000000000e+02,4.200000000000000000e+02,-6.190000000000000000e+02,5.200000000000000000e+01,4.600000000000000000e+01
1.680080648770309448e+09,1.611200000000000000e+04,2.720000000000000000e+02,4.440000000000000000e+02,-6.380000000000000000e+02,4.700000000000000000e+01,5.000000000000000000e+01
1.680080648771156788e+09,1.620000000000000000e+04,2.240000000000000000e+02,3.160000000000000000e+02,-6.190000000000000000e+02,3.100000000000000000e+01,5.600000000000000000e+01
1.680080648771962643e+09,1.623200000000000000e+04,2.440000000000000000e+02,3.400000000000000000e+02,-5.910000000000000000e+02,4.100000000000000000e+01,4.700000000000000000e+01
1.680080648773064375e+09,1.626800000000000000e+04,1.920000000000000000e+02,4.720000000000000000e+02,-6.010000000000000000e+02,5.400000000000000000e+01,3.000000000000000000e+01
1.680080648779381514e+09,1.612800000000000000e+04,9.200000000000000000e+01,3.520000000000000000e+02,-5.870000000000000000e+02,5.400000000000000000e+01,1.900000000000000000e+01
1.680080648780292273e+09,1.623600000000000000e+04,1.240000000000000000e+02,3.360000000000000000e+02,-6.170000000000000000e+02,-1.000000000000000000e+00,3.000000000000000000e+01
1.680080648781172514e+09,1.622000000000000000e+04,1.040000000000000000e+02,3.920000000000000000e+02,-5.970000000000000000e+02,2.000000000000000000e+01,3.500000000000000000e+01
1.680080648782078028e+09,1.620800000000000000e+04,1.640000000000000000e+02,4.240000000000000000e+02,-6.130000000000000000e+02,6.200000000000000000e+01,3.000000000000000000e+01
1.680080648782922268e+09,1.622800000000000000e+04,1.400000000000000000e+02,4.840000000000000000e+02,-6.560000000000000000e+02,5.000000000000000000e+01,2.200000000000000000e+01
1.680080648783729315e+09,1.622800000000000000e+04,1.400000000000000000e+02,4.840000000000000000e+02,-6.500000000000000000e+02,2.300000000000000000e+01,2.600000000000000000e+01
1.680080648785047531e+09,1.626800000000000000e+04,2.200000000000000000e+02,4.280000000000000000e+02,-5.900000000000000000e+02,3.700000000000000000e+01,3.400000000000000000e+01
1.680080648785923958e+09,1.620400000000000000e+04,2.600000000000000000e+02,5.520000000000000000e+02,-5.950000000000000000e+02,3.400000000000000000e+01,3.700000000000000000e+01
1.680080648786782026e+09,1.611600000000000000e+04,1.920000000000000000e+02,4.680000000000000000e+02,-6.280000000000000000e+02,6.300000000000000000e+01,5.100000000000000000e+01
1.680080648787854433e+09,1.611600000000000000e+04,1.920000000000000000e+02,4.680000000000000000e+02,-6.670000000000000000e+02,4.800000000000000000e+01,5.100000000000000000e+01
1.680080648789208412e+09,1.607200000000000000e+04,2.320000000000000000e+02,4.960000000000000000e+02,-6.350000000000000000e+02,3.200000000000000000e+01,3.800000000000000000e+01
1.680080648790065050e+09,1.619200000000000000e+04,1.960000000000000000e+02,4.720000000000000000e+02,-6.060000000000000000e+02,5.200000000000000000e+01,1.500000000000000000e+01
1.680080648791049957e+09,1.613600000000000000e+04,1.640000000000000000e+02,5.960000000000000000e+02,-6.340000000000000000e+02,5.500000000000000000e+01,3.400000000000000000e+01
1.680080648791973591e+09,1.617200000000000000e+04,2.360000000000000000e+02,5.600000000000000000e+02,-6.580000000000000000e+02,4.300000000000000000e+01,4.200000000000000000e+01
1.680080648792784691e+09,1.625600000000000000e+04,2.280000000000000000e+02,5.280000000000000000e+02,-6.480000000000000000e+02,2.900000000000000000e+01,4.200000000000000000e+01
1.680080648793677807e+09,1.625600000000000000e+04,2.280000000000000000e+02,5.280000000000000000e+02,-6.200000000000000000e+02,3.800000000000000000e+01,5.100000000000000000e+01
1.680080648794640303e+09,1.618800000000000000e+04,2.960000000000000000e+02,4.760000000000000000e+02,-6.230000000000000000e+02,3.900000000000000000e+01,5.400000000000000000e+01
1.680080648795468807e+09,1.625600000000000000e+04,1.880000000000000000e+02,4.880000000000000000e+02,-6.430000000000000000e+02,2.700000000000000000e+01,3.800000000000000000e+01
1.680080648796676874e+09,1.616800000000000000e+04,1.560000000000000000e+02,4.640000000000000000e+02,-6.090000000000000000e+02,4.200000000000000000e+01,3.700000000000000000e+01
1.680080648797609568e+09,1.615600000000000000e+04,2.080000000000000000e+02,4.960000000000000000e+02,-6.160000000000000000e+02,5.200000000000000000e+01,1.200000000000000000e+01
1.680080648798426628e+09,1.620800000000000000e+04,2.160000000000000000e+02,4.000000000000000000e+02,-6.390000000000000000e+02,5.900000000000000000e+01,1.900000000000000000e+01
1.680080648817241430e+09,1.620000000000000000e+04,1.800000000000000000e+02,5.160000000000000000e+02,-6.680000000000000000e+02,6.300000000000000000e+01,2.100000000000000000e+01
1.680080648818145514e+09,1.611600000000000000e+04,2.520000000000000000e+02,5.240000000000000000e+02,-6.460000000000000000e+02,4.100000000000000000e+01,1.700000000000000000e+01
1.680080648827645779e+09,1.626800000000000000e+04,2.920000000000000000e+02,2.720000000000000000e+02,-6.390000000000000000e+02,4.900000000000000000e+01,3.600000000000000000e+01
1.680080648828503847e+09,1.626800000000000000e+04,2.920000000000000000e+02,2.720000000000000000e+02,-6.520000000000000000e+02,2.500000000000000000e+01,1.800000000000000000e+01
1.680080648845676899e+09,1.613600000000000000e+04,2.920000000000000000e+02,3.400000000000000000e+02,-6.300000000000000000e+02,5.300000000000000000e+01,3.300000000000000000e+01
1.680080648846745014e+09,1.614400000000000000e+04,3.680000000000000000e+02,2.120000000000000000e+02,-6.430000000000000000e+02,4.100000000000000000e+01,3.800000000000000000e+01
1.680080648847637415e+09,1.624800000000000000e+04,3.440000000000000000e+02,1.480000000000000000e+02,-6.470000000000000000e+02,4.000000000000000000e+01,3.700000000000000000e+01
1.680080648854850054e+09,1.611200000000000000e+04,3.080000000000000000e+02,1.720000000000000000e+02,-6.510000000000000000e+02,6.900000000000000000e+01,1.200000000000000000e+01
1.680080648855875254e+09,1.620800000000000000e+04,3.560000000000000000e+02,2.560000000000000000e+02,-6.490000000000000000e+02,4.400000000000000000e+01,1.400000000000000000e+01
1.680080648856866360e+09,1.619600000000000000e+04,3.280000000000000000e+02,3.280000000000000000e+02,-6.290000000000000000e+02,4.400000000000000000e+01,1.600000000000000000e+01
1.680080648860142946e+09,1.614000000000000000e+04,2.800000000000000000e+02,3.240000000000000000e+02,-6.400000000000000000e+02,3.600000000000000000e+01,1.600000000000000000e+01
1.680080648861294985e+09,1.615200000000000000e+04,3.480000000000000000e+02,1.720000000000000000e+02,-6.790000000000000000e+02,2.800000000000000000e+01,2.400000000000000000e+01
1.680080648862172604e+09,1.608000000000000000e+04,3.320000000000000000e+02,1.080000000000000000e+02,-6.380000000000000000e+02,3.200000000000000000e+01,2.100000000000000000e+01
1.680080648863243580e+09,1.618800000000000000e+04,3.520000000000000000e+02,2.280000000000000000e+02,-6.180000000000000000e+02,3.900000000000000000e+01,2.700000000000000000e+01
1.680080648864069700e+09,1.615200000000000000e+04,3.680000000000000000e+02,2.560000000000000000e+02,-6.500000000000000000e+02,4.300000000000000000e+01,1.800000000000000000e+01
1.680080648870850563e+09,1.616800000000000000e+04,4.000000000000000000e+02,2.880000000000000000e+02,-6.130000000000000000e+02,5.600000000000000000e+01,3.400000000000000000e+01
1.680080648872760534e+09,1.615600000000000000e+04,3.480000000000000000e+02,2.360000000000000000e+02,-6.340000000000000000e+02,5.800000000000000000e+01,4.200000000000000000e+01
1.680080648873798609e+09,1.610000000000000000e+04,2.880000000000000000e+02,3.440000000000000000e+02,-6.580000000000000000e+02,4.300000000000000000e+01,1.700000000000000000e+01
1.680080648876475573e+09,1.618800000000000000e+04,2.680000000000000000e+02,2.640000000000000000e+02,-6.320000000000000000e+02,4.200000000000000000e+01,1.300000000000000000e+01
1.680080648881396055e+09,1.626400000000000000e+04,4.000000000000000000e+02,2.880000000000000000e+02,-6.320000000000000000e+02,3.300000000000000000e+01,5.300000000000000000e+01
1.680080648882960558e+09,1.620000000000000000e+04,3.760000000000000000e+02,2.360000000000000000e+02,-6.220000000000000000e+02,4.000000000000000000e+01,2.800000000000000000e+01
1.680080648883826256e+09,1.621600000000000000e+04,3.400000000000000000e+02,1.840000000000000000e+02,-6.260000000000000000e+02,4.400000000000000000e+01,3.700000000000000000e+01
1.680080648884686708e+09,1.623600000000000000e+04,3.800000000000000000e+02,2.960000000000000000e+02,-6.590000000000000000e+02,3.300000000000000000e+01,3.300000000000000000e+01
1.680080648887908459e+09,1.616000000000000000e+04,3.160000000000000000e+02,3.120000000000000000e+02,-6.500000000000000000e+02,3.100000000000000000e+01,4.100000000000000000e+01
1.680080648897230864e+09,1.611200000000000000e+04,4.480000000000000000e+02,3.760000000000000000e+02,-6.210000000000000000e+02,2.300000000000000000e+01,5.100000000000000000e+01
1.680080648898072243e+09,1.616400000000000000e+04,4.040000000000000000e+02,4.200000000000000000e+02,-5.820000000000000000e+02,3.900000000000000000e+01,4.300000000000000000e+01
1.680080648898945093e+09,1.616400000000000000e+04,3.360000000000000000e+02,4.240000000000000000e+02,-5.990000000000000000e+02,4.800000000000000000e+01,5.000000000000000000e+01
1.680080648899770260e+09,1.623200000000000000e+04,3.280000000000000000e+02,4.080000000000000000e+02,-6.350000000000000000e+02,3.200000000000000000e+01,3.200000000000000000e+01
1.680080648900620222e+09,1.624800000000000000e+04,3.520000000000000000e+02,3.600000000000000000e+02,-6.560000000000000000e+02,1.000000000000000000e+00,1.700000000000000000e+01
1.680080648901442766e+09,1.614000000000000000e+04,3.400000000000000000e+02,3.360000000000000000e+02,-6.250000000000000000e+02,-1.000000000000000000e+00,1.200000000000000000e+01
1.680080648902308702e+09,1.609600000000000000e+04,3.560000000000000000e+02,2.960000000000000000e+02,-6.040000000000000000e+02,4.500000000000000000e+01,4.000000000000000000e+01
1.680080648903125763e+09,1.609600000000000000e+04,3.560000000000000000e+02,2.960000000000000000e+02,-6.050000000000000000e+02,7.600000000000000000e+01,5.000000000000000000e+01
1.680080648904251814e+09,1.615600000000000000e+04,3.600000000000000000e+02,4.080000000000000000e+02,-6.330000000000000000e+02,6.300000000000000000e+01,5.400000000000000000e+01
1.680080648905077696e+09,1.622800000000000000e+04,3.200000000000000000e+02,3.720000000000000000e+02,-6.280000000000000000e+02,4.500000000000000000e+01,4.800000000000000000e+01
1.680080648916766882e+09,1.609200000000000000e+04,3.600000000000000000e+02,4.040000000000000000e+02,-6.250000000000000000e+02,4.600000000000000000e+01,3.600000000000000000e+01
1.680080648918126822e+09,1.617600000000000000e+04,2.760000000000000000e+02,3.080000000000000000e+02,-6.430000000000000000e+02,3.000000000000000000e+01,2.000000000000000000e+01
1.680080648926468134e+09,1.614400000000000000e+04,2.600000000000000000e+02,3.840000000000000000e+02,-6.040000000000000000e+02,2.000000000000000000e+01,2.300000000000000000e+01
1.680080648927820444e+09,1.618400000000000000e+04,2.680000000000000000e+02,3.880000000000000000e+02,-6.410000000000000000e+02,5.200000000000000000e+01,3.000000000000000000e+01
1.680080648928717852e+09,1.620800000000000000e+04,1.920000000000000000e+02,4.000000000000000000e+02,-6.640000000000000000e+02,4.200000000000000000e+01,2.700000000000000000e+01
1.680080648929569960e+09,1.622000000000000000e+04,2.760000000000000000e+02,5.000000000000000000e+02,-6.370000000000000000e+02,1.200000000000000000e+01,3.200000000000000000e+01
1.680080648937407494e+09,1.604000000000000000e+04,2.400000000000000000e+02,3.600000000000000000e+02,-6.730000000000000000e+02,4.200000000000000000e+01,4.800000000000000000e+01
1.680080648938292980e+09,1.620000000000000000e+04,3.480000000000000000e+02,3.080000000000000000e+02,-6.480000000000000000e+02,4.400000000000000000e+01,4.400000000000000000e+01
1.680080648939128876e+09,1.620000000000000000e+04,3.480000000000000000e+02,3.080000000000000000e+02,-6.360000000000000000e+02,3.000000000000000000e+01,2.600000000000000000e+01
1.680080648942298174e+09,1.632000000000000000e+04,2.680000000000000000e+02,3.560000000000000000e+02,-6.230000000000000000e+02,2.900000000000000000e+01,2.700000000000000000e+01
1.680080648943148136e+09,1.632000000000000000e+04,2.680000000000000000e+02,3.560000000000000000e+02,-6.410000000000000000e+02,2.100000000000000000e+01,2.000000000000000000e+01
1.680080648944162130e+09,1.632400000000000000e+04,3.040000000000000000e+02,4.560000000000000000e+02,-6.380000000000000000e+02,2.600000000000000000e+01,1.600000000000000000e+01
1.680080648945210457e+09,1.626400000000000000e+04,2.120000000000000000e+02,3.920000000000000000e+02,-6.180000000000000000e+02,3.000000000000000000e+01,1.200000000000000000e+01
1.680080648948003769e+09,1.614800000000000000e+04,3.400000000000000000e+02,4.120000000000000000e+02,-6.500000000000000000e+02,4.600000000000000000e+01,2.600000000000000000e+01
1.680080648948873043e+09,1.619200000000000000e+04,3.320000000000000000e+02,3.840000000000000000e+02,-6.360000000000000000e+02,3.700000000000000000e+01,2.000000000000000000e+01
1.680080648949714661e+09,1.616400000000000000e+04,2.640000000000000000e+02,4.280000000000000000e+02,-6.480000000000000000e+02,1.200000000000000000e+01,1.000000000000000000e+01
1.680080648957322836e+09,1.622800000000000000e+04,1.800000000000000000e+02,4.720000000000000000e+02,-6.490000000000000000e+02,5.000000000000000000e+00,3.200000000000000000e+01
1.680080648966526270e+09,1.628400000000000000e+04,2.040000000000000000e+02,3.840000000000000000e+02,-6.010000000000000000e+02,3.800000000000000000e+01,2.000000000000000000e+00
1.680080648967868328e+09,1.612400000000000000e+04,1.760000000000000000e+02,3.080000000000000000e+02,-6.310000000000000000e+02,2.800000000000000000e+01,3.600000000000000000e+01
1.680080648969128132e+09,1.619200000000000000e+04,2.280000000000000000e+02,4.000000000000000000e+02,-6.590000000000000000e+02,0.000000000000000000e+00,2.700000000000000000e+01
1.680080648969999313e+09,1.621200000000000000e+04,2.440000000000000000e+02,4.000000000000000000e+02,-6.100000000000000000e+02,1.000000000000000000e+00,4.000000000000000000e+01
1.680080648970881224e+09,1.622800000000000000e+04,2.480000000000000000e+02,3.040000000000000000e+02,-6.060000000000000000e+02,3.000000000000000000e+01,2.600000000000000000e+01
1.680080648971750259e+09,1.619600000000000000e+04,2.960000000000000000e+02,2.440000000000000000e+02,-6.370000000000000000e+02,6.800000000000000000e+01,1.100000000000000000e+01
1.680080648972624540e+09,1.619200000000000000e+04,2.480000000000000000e+02,4.240000000000000000e+02,-6.670000000000000000e+02,7.200000000000000000e+01,2.500000000000000000e+01
1.680080648973483562e+09,1.617200000000000000e+04,2.320000000000000000e+02,3.000000000000000000e+02,-6.580000000000000000e+02,5.500000000000000000e+01,4.400000000000000000e+01
1.680080648974330187e+09,1.612400000000000000e+04,2.320000000000000000e+02,2.160000000000000000e+02,-6.510000000000000000e+02,4.100000000000000000e+01,5.100000000000000000e+01
1.680080648977668285e+09,1.604800000000000000e+04,3.280000000000000000e+02,2.480000000000000000e+02,-6.370000000000000000e+02,5.300000000000000000e+01,2.600000000000000000e+01
1.680080648978547573e+09,1.611600000000000000e+04,2.840000000000000000e+02,3.680000000000000000e+02,-6.650000000000000000e+02,2.700000000000000000e+01,2.100000000000000000e+01
1.680080648979481697e+09,1.616400000000000000e+04,2.760000000000000000e+02,3.200000000000000000e+02,-6.350000000000000000e+02,-2.000000000000000000e+00,2.200000000000000000e+01
1.680080648989600182e+09,1.603600000000000000e+04,2.240000000000000000e+02,4.480000000000000000e+02,-6.360000000000000000e+02,4.800000000000000000e+01,2.400000000000000000e+01
1.680080648990811110e+09,1.615200000000000000e+04,3.000000000000000000e+02,4.120000000000000000e+02,-6.370000000000000000e+02,4.200000000000000000e+01,3.900000000000000000e+01
1.680080648991775274e+09,1.617200000000000000e+04,2.880000000000000000e+02,3.200000000000000000e+02,-6.320000000000000000e+02,4.400000000000000000e+01,5.600000000000000000e+01
1.680080648992784500e+09,1.615200000000000000e+04,3.520000000000000000e+02,1.920000000000000000e+02,-6.330000000000000000e+02,4.000000000000000000e+01,4.400000000000000000e+01
1.680080648993612051e+09,1.618400000000000000e+04,3.520000000000000000e+02,1.720000000000000000e+02,-6.450000000000000000e+02,3.300000000000000000e+01,2.700000000000000000e+01
1.680080648994608164e+09,1.624000000000000000e+04,3.720000000000000000e+02,2.640000000000000000e+02,-6.390000000000000000e+02,4.000000000000000000e+01,2.400000000000000000e+01
1.680080648995425463e+09,1.615200000000000000e+04,3.400000000000000000e+02,2.880000000000000000e+02,-6.350000000000000000e+02,4.900000000000000000e+01,2.300000000000000000e+01
1.680080648996548653e+09,1.619600000000000000e+04,3.400000000000000000e+02,3.600000000000000000e+02,-6.520000000000000000e+02,4.100000000000000000e+01,2.400000000000000000e+01
1.680080648997375488e+09,1.626400000000000000e+04,3.280000000000000000e+02,1.920000000000000000e+02,-6.270000000000000000e+02,1.900000000000000000e+01,2.600000000000000000e+01
1.680080648998308897e+09,1.618400000000000000e+04,2.800000000000000000e+02,1.200000000000000000e+02,-6.040000000000000000e+02,2.700000000000000000e+01,4.700000000000000000e+01
1.680080648999475479e+09,1.612800000000000000e+04,2.320000000000000000e+02,2.040000000000000000e+02,-6.110000000000000000e+02,4.200000000000000000e+01,4.100000000000000000e+01
1.680080649000282288e+09,1.612000000000000000e+04,2.960000000000000000e+02,1.320000000000000000e+02,-6.470000000000000000e+02,5.100000000000000000e+01,2.300000000000000000e+01
1.680080649001204014e+09,1.618000000000000000e+04,2.880000000000000000e+02,1.800000000000000000e+02,-6.790000000000000000e+02,4.700000000000000000e+01,3.000000000000000000e+01
1.680080649002043486e+09,1.624400000000000000e+04,2.240000000000000000e+02,2.320000000000000000e+02,-6.710000000000000000e+02,3.400000000000000000e+01,4.600000000000000000e+01
1.680080649003029585e+09,1.624400000000000000e+04,2.240000000000000000e+02,2.320000000000000000e+02,-6.340000000000000000e+02,4.400000000000000000e+01,5.800000000000000000e+01
1.680080649004045725e+09,1.625200000000000000e+04,2.800000000000000000e+02,3.200000000000000000e+02,-6.320000000000000000e+02,6.500000000000000000e+01,7.800000000000000000e+01
1.680080649004875183e+09,1.627200000000000000e+04,3.120000000000000000e+02,2.480000000000000000e+02,-6.530000000000000000e+02,5.400000000000000000e+01,6.800000000000000000e+01
1.680080649005851030e+09,1.611600000000000000e+04,3.920000000000000000e+02,2.520000000000000000e+02,-6.330000000000000000e+02,5.400000000000000000e+01,4.400000000000000000e+01
1.680080649006681919e+09,1.612000000000000000e+04,3.840000000000000000e+02,2.760000000000000000e+02,-6.430000000000000000e+02,5.000000000000000000e+01,3.000000000000000000e+00
1.680080649007652521e+09,1.620800000000000000e+04,4.120000000000000000e+02,4.160000000000000000e+02,-6.460000000000000000e+02,3.000000000000000000e+01,-1.000000000000000000e+00
1.680080649008496523e+09,1.621600000000000000e+04,3.640000000000000000e+02,3.360000000000000000e+02,-6.390000000000000000e+02,3.500000000000000000e+01,3.000000000000000000e+01
1.680080649009595633e+09,1.614400000000000000e+04,3.840000000000000000e+02,2.080000000000000000e+02,-6.630000000000000000e+02,3.900000000000000000e+01,4.800000000000000000e+01
1.680080649010481596e+09,1.610000000000000000e+04,3.400000000000000000e+02,1.760000000000000000e+02,-6.450000000000000000e+02,3.500000000000000000e+01,4.500000000000000000e+01
1.680080649011307001e+09,1.620400000000000000e+04,3.120000000000000000e+02,2.040000000000000000e+02,-6.210000000000000000e+02,3.600000000000000000e+01,3.300000000000000000e+01
1.680080649012305975e+09,1.615600000000000000e+04,4.040000000000000000e+02,2.640000000000000000e+02,-6.240000000000000000e+02,5.900000000000000000e+01,2.300000000000000000e+01
1.680080649013110876e+09,1.597600000000000000e+04,3.680000000000000000e+02,2.640000000000000000e+02,-6.640000000000000000e+02,6.000000000000000000e+01,3.000000000000000000e+01
1.680080649014108658e+09,1.597600000000000000e+04,3.680000000000000000e+02,2.640000000000000000e+02,-6.650000000000000000e+02,4.800000000000000000e+01,2.400000000000000000e+01
1.680080649014944553e+09,1.603200000000000000e+04,3.440000000000000000e+02,2.200000000000000000e+02,-6.300000000000000000e+02,5.600000000000000000e+01,3.000000000000000000e+00
1.680080649016001940e+09,1.603200000000000000e+04,3.440000000000000000e+02,2.200000000000000000e+02,-6.360000000000000000e+02,4.500000000000000000e+01,1.100000000000000000e+01
1.680080649016934156e+09,1.614800000000000000e+04,3.120000000000000000e+02,2.160000000000000000e+02,-6.340000000000000000e+02,2.300000000000000000e+01,2.600000000000000000e+01
1.680080649017770290e+09,1.607200000000000000e+04,3.480000000000000000e+02,2.480000000000000000e+02,-6.450000000000000000e+02,2.700000000000000000e+01,2.600000000000000000e+01
1.680080649018824100e+09,1.620800000000000000e+04,2.800000000000000000e+02,2.840000000000000000e+02,-6.610000000000000000e+02,8.000000000000000000e+00,3.300000000000000000e+01
1.680080649019654751e+09,1.618400000000000000e+04,3.720000000000000000e+02,3.000000000000000000e+02,-6.360000000000000000e+02,8.000000000000000000e+00,2.300000000000000000e+01
1.680080649020485163e+09,1.619600000000000000e+04,3.920000000000000000e+02,3.160000000000000000e+02,-6.130000000000000000e+02,2.800000000000000000e+01,1.700000000000000000e+01
1.680080649021289110e+09,1.621200000000000000e+04,4.480000000000000000e+02,2.640000000000000000e+02,-6.220000000000000000e+02,4.800000000000000000e+01,1.400000000000000000e+01
1.680080649022318840e+09,1.621600000000000000e+04,3.800000000000000000e+02,2.040000000000000000e+02,-6.470000000000000000e+02,4.800000000000000000e+01,1.800000000000000000e+01
1.680080649023146391e+09,1.616000000000000000e+04,3.000000000000000000e+02,2.440000000000000000e+02,-6.450000000000000000e+02,2.800000000000000000e+01,2.600000000000000000e+01
1.680080649023987293e+09,1.614000000000000000e+04,2.960000000000000000e+02,2.040000000000000000e+02,-6.240000000000000000e+02,3.500000000000000000e+01,4.000000000000000000e+01
1.680080649024833202e+09,1.614000000000000000e+04,2.960000000000000000e+02,2.040000000000000000e+02,-6.350000000000000000e+02,5.000000000000000000e+01,4.400000000000000000e+01
1.680080649026021004e+09,1.612400000000000000e+04,3.360000000000000000e+02,2.680000000000000000e+02,-6.600000000000000000e+02,2.300000000000000000e+01,2.900000000000000000e+01
1.680080649026877403e+09,1.612400000000000000e+04,3.360000000000000000e+02,2.680000000000000000e+02,-6.150000000000000000e+02,2.200000000000000000e+01,2.500000000000000000e+01
1.680080649027683735e+09,1.611600000000000000e+04,4.200000000000000000e+02,2.600000000000000000e+02,-6.000000000000000000e+02,4.700000000000000000e+01,2.600000000000000000e+01
1.680080649028759956e+09,1.615600000000000000e+04,3.200000000000000000e+02,3.880000000000000000e+02,-6.290000000000000000e+02,8.000000000000000000e+01,2.700000000000000000e+01
1.680080649029594660e+09,1.617600000000000000e+04,3.320000000000000000e+02,3.320000000000000000e+02,-6.650000000000000000e+02,5.800000000000000000e+01,3.100000000000000000e+01
1.680080649030522108e+09,1.625200000000000000e+04,3.560000000000000000e+02,3.440000000000000000e+02,-6.580000000000000000e+02,5.800000000000000000e+01,2.400000000000000000e+01
1.680080649031538486e+09,1.624400000000000000e+04,4.000000000000000000e+02,2.800000000000000000e+02,-6.300000000000000000e+02,5.800000000000000000e+01,2.100000000000000000e+01
1.680080649032347918e+09,1.619200000000000000e+04,3.320000000000000000e+02,3.560000000000000000e+02,-6.430000000000000000e+02,6.200000000000000000e+01,1.900000000000000000e+01
1.680080649033182383e+09,1.616800000000000000e+04,3.960000000000000000e+02,3.200000000000000000e+02,-6.660000000000000000e+02,5.600000000000000000e+01,3.400000000000000000e+01
1.680080649034152269e+09,1.628400000000000000e+04,4.080000000000000000e+02,1.480000000000000000e+02,-6.420000000000000000e+02,3.800000000000000000e+01,4.900000000000000000e+01
1.680080649035188198e+09,1.622000000000000000e+04,3.240000000000000000e+02,2.960000000000000000e+02,-6.040000000000000000e+02,4.600000000000000000e+01,4.800000000000000000e+01
1.680080649036085606e+09,1.616400000000000000e+04,3.640000000000000000e+02,2.120000000000000000e+02,-5.970000000000000000e+02,6.200000000000000000e+01,2.500000000000000000e+01
1.680080649037066460e+09,1.618000000000000000e+04,3.560000000000000000e+02,3.800000000000000000e+02,-6.440000000000000000e+02,4.500000000000000000e+01,2.200000000000000000e+01
1.680080649038056612e+09,1.624800000000000000e+04,4.040000000000000000e+02,4.560000000000000000e+02,-6.510000000000000000e+02,2.900000000000000000e+01,1.300000000000000000e+01
1.680080649038992882e+09,1.616000000000000000e+04,3.040000000000000000e+02,4.200000000000000000e+02,-6.230000000000000000e+02,3.900000000000000000e+01,2.800000000000000000e+01
1.680080649039817333e+09,1.616000000000000000e+04,3.040000000000000000e+02,4.200000000000000000e+02,-6.310000000000000000e+02,4.400000000000000000e+01,3.700000000000000000e+01
1.680080649040622234e+09,1.619200000000000000e+04,2.800000000000000000e+02,4.040000000000000000e+02,-6.450000000000000000e+02,3.600000000000000000e+01,4.800000000000000000e+01
1.680080649041734457e+09,1.617600000000000000e+04,3.160000000000000000e+02,2.760000000000000000e+02,-6.370000000000000000e+02,5.200000000000000000e+01,2.800000000000000000e+01
1.680080649042570829e+09,1.614400000000000000e+04,2.720000000000000000e+02,3.560000000000000000e+02,-6.430000000000000000e+02,6.100000000000000000e+01,1.700000000000000000e+01
1.680080649043473005e+09,1.623600000000000000e+04,2.800000000000000000e+02,3.680000000000000000e+02,-6.500000000000000000e+02,1.100000000000000000e+01,3.700000000000000000e+01
1.680080649044524908e+09,1.628400000000000000e+04,3.520000000000000000e+02,2.680000000000000000e+02,-6.220000000000000000e+02,-9.000000000000000000e+00,4.600000000000000000e+01
1.680080649045430899e+09,1.620800000000000000e+04,3.360000000000000000e+02,2.720000000000000000e+02,-5.900000000000000000e+02,2.700000000000000000e+01,3.200000000000000000e+01
1.680080649046265364e+09,1.620400000000000000e+04,3.000000000000000000e+02,2.400000000000000000e+02,-6.160000000000000000e+02,6.000000000000000000e+01,3.700000000000000000e+01
1.680080649047102690e+09,1.622800000000000000e+04,2.800000000000000000e+02,2.400000000000000000e+02,-6.620000000000000000e+02,6.300000000000000000e+01,4.300000000000000000e+01
1.680080649048192263e+09,1.625600000000000000e+04,2.280000000000000000e+02,2.960000000000000000e+02,-6.720000000000000000e+02,5.100000000000000000e+01,2.900000000000000000e+01
1.680080649048995495e+09,1.617200000000000000e+04,2.440000000000000000e+02,2.600000000000000000e+02,-6.060000000000000000e+02,3.400000000000000000e+01,7.000000000000000000e+00
1.680080649049904823e+09,1.618800000000000000e+04,3.200000000000000000e+02,4.560000000000000000e+02,-6.070000000000000000e+02,2.100000000000000000e+01,9.000000000000000000e+00
1.680080649051018953e+09,1.616000000000000000e+04,3.280000000000000000e+02,3.040000000000000000e+02,-6.370000000000000000e+02,2.100000000000000000e+01,3.700000000000000000e+01
1.680080649051859617e+09,1.618400000000000000e+04,3.200000000000000000e+02,3.240000000000000000e+02,-6.070000000000000000e+02,2.500000000000000000e+01,4.700000000000000000e+01
1.680080649052815676e+09,1.618400000000000000e+04,3.200000000000000000e+02,3.240000000000000000e+02,-5.890000000000000000e+02,3.500000000000000000e+01,3.700000000000000000e+01
1.680080649053633690e+09,1.622000000000000000e+04,3.000000000000000000e+02,3.000000000000000000e+02,-6.200000000000000000e+02,2.000000000000000000e+01,4.900000000000000000e+01
1.680080649054745674e+09,1.610400000000000000e+04,2.840000000000000000e+02,3.120000000000000000e+02,-6.620000000000000000e+02,9.000000000000000000e+00,4.800000000000000000e+01
1.680080649055669785e+09,1.629600000000000000e+04,3.360000000000000000e+02,3.720000000000000000e+02,-6.540000000000000000e+02,8.000000000000000000e+00,3.200000000000000000e+01
1.680080649056526184e+09,1.625200000000000000e+04,3.920000000000000000e+02,3.760000000000000000e+02,-6.100000000000000000e+02,3.500000000000000000e+01,3.500000000000000000e+01
1.680080649057510376e+09,1.610800000000000000e+04,3.000000000000000000e+02,3.560000000000000000e+02,-6.030000000000000000e+02,7.100000000000000000e+01,2.700000000000000000e+01
1.680080649058405638e+09,1.605200000000000000e+04,2.320000000000000000e+02,1.960000000000000000e+02,-6.190000000000000000e+02,6.900000000000000000e+01,2.400000000000000000e+01
1.680080649059229136e+09,1.614400000000000000e+04,2.680000000000000000e+02,3.240000000000000000e+02,-6.490000000000000000e+02,4.200000000000000000e+01,4.400000000000000000e+01
1.680080649060037374e+09,1.620000000000000000e+04,3.280000000000000000e+02,3.920000000000000000e+02,-6.360000000000000000e+02,3.800000000000000000e+01,6.600000000000000000e+01
1.680080649061121941e+09,1.618400000000000000e+04,3.160000000000000000e+02,4.040000000000000000e+02,-6.430000000000000000e+02,4.700000000000000000e+01,6.700000000000000000e+01
1.680080649061954498e+09,1.617200000000000000e+04,3.600000000000000000e+02,1.920000000000000000e+02,-6.260000000000000000e+02,4.100000000000000000e+01,3.400000000000000000e+01
1.680080649062865496e+09,1.610000000000000000e+04,3.520000000000000000e+02,3.080000000000000000e+02,-6.070000000000000000e+02,3.700000000000000000e+01,3.600000000000000000e+01
1.680080649063923597e+09,1.610000000000000000e+04,3.520000000000000000e+02,3.080000000000000000e+02,-6.060000000000000000e+02,5.900000000000000000e+01,4.200000000000000000e+01
1.680080649064738035e+09,1.614000000000000000e+04,3.800000000000000000e+02,2.880000000000000000e+02,-6.360000000000000000e+02,5.300000000000000000e+01,4.100000000000000000e+01
1.680080649065571547e+09,1.622800000000000000e+04,3.680000000000000000e+02,3.080000000000000000e+02,-6.290000000000000000e+02,4.300000000000000000e+01,3.800000000000000000e+01
1.680080649066406250e+09,1.624000000000000000e+04,3.360000000000000000e+02,3.560000000000000000e+02,-6.230000000000000000e+02,4.800000000000000000e+01,3.600000000000000000e+01
1.680080649067513704e+09,1.628000000000000000e+04,2.840000000000000000e+02,3.520000000000000000e+02,-6.420000000000000000e+02,6.000000000000000000e+01,4.200000000000000000e+01
1.680080649068325520e+09,1.623200000000000000e+04,3.080000000000000000e+02,3.360000000000000000e+02,-6.320000000000000000e+02,3.800000000000000000e+01,4.500000000000000000e+01
1.680080649069247961e+09,1.624000000000000000e+04,2.600000000000000000e+02,5.440000000000000000e+02,-5.940000000000000000e+02,4.600000000000000000e+01,4.000000000000000000e+01
1.680080649070384741e+09,1.615600000000000000e+04,2.760000000000000000e+02,6.320000000000000000e+02,-6.030000000000000000e+02,6.600000000000000000e+01,3.400000000000000000e+01
1.680080649071194410e+09,1.606000000000000000e+04,3.960000000000000000e+02,4.600000000000000000e+02,-6.490000000000000000e+02,7.900000000000000000e+01,2.100000000000000000e+01
1.680080649072196007e+09,1.611200000000000000e+04,3.160000000000000000e+02,4.840000000000000000e+02,-6.670000000000000000e+02,4.800000000000000000e+01,3.000000000000000000e+01
1.680080649073014259e+09,1.621200000000000000e+04,2.840000000000000000e+02,5.040000000000000000e+02,-6.470000000000000000e+02,4.400000000000000000e+01,5.300000000000000000e+01
1.680080649074153423e+09,1.621200000000000000e+04,2.840000000000000000e+02,2.600000000000000000e+02,-6.550000000000000000e+02,4.600000000000000000e+01,5.900000000000000000e+01
1.680080649075004578e+09,1.619600000000000000e+04,3.800000000000000000e+02,2.800000000000000000e+02,-6.610000000000000000e+02,3.700000000000000000e+01,4.700000000000000000e+01
1.680080649075840950e+09,1.623200000000000000e+04,3.600000000000000000e+02,2.760000000000000000e+02,-6.400000000000000000e+02,3.700000000000000000e+01,3.200000000000000000e+01
1.680080649076850653e+09,1.623200000000000000e+04,3.600000000000000000e+02,2.760000000000000000e+02,-6.270000000000000000e+02,5.100000000000000000e+01,9.000000000000000000e+00
1.680080649077876329e+09,1.616000000000000000e+04,2.400000000000000000e+02,4.200000000000000000e+02,-6.340000000000000000e+02,4.300000000000000000e+01,9.000000000000000000e+00
1.680080649078721046e+09,1.613200000000000000e+04,2.000000000000000000e+02,2.640000000000000000e+02,-6.200000000000000000e+02,4.900000000000000000e+01,2.200000000000000000e+01
1.680080649079536438e+09,1.613200000000000000e+04,2.000000000000000000e+02,2.640000000000000000e+02,-6.440000000000000000e+02,6.000000000000000000e+01,2.300000000000000000e+01
1.680080649080600739e+09,1.612000000000000000e+04,2.840000000000000000e+02,3.080000000000000000e+02,-6.500000000000000000e+02,2.800000000000000000e+01,2.200000000000000000e+01
1.680080649081447124e+09,1.616000000000000000e+04,3.400000000000000000e+02,3.800000000000000000e+02,-6.180000000000000000e+02,2.600000000000000000e+01,2.900000000000000000e+01
1.680080649082274675e+09,1.622000000000000000e+04,3.040000000000000000e+02,3.160000000000000000e+02,-6.190000000000000000e+02,3.900000000000000000e+01,3.500000000000000000e+01
1.680080649083263397e+09,1.625600000000000000e+04,3.000000000000000000e+02,3.320000000000000000e+02,-6.400000000000000000e+02,3.800000000000000000e+01,2.300000000000000000e+01
1.680080649084077597e+09,1.614000000000000000e+04,2.400000000000000000e+02,3.320000000000000000e+02,-6.630000000000000000e+02,4.800000000000000000e+01,2.900000000000000000e+01
1.680080649084903955e+09,1.618400000000000000e+04,2.640000000000000000e+02,3.360000000000000000e+02,-6.680000000000000000e+02,5.800000000000000000e+01,2.400000000000000000e+01
1.680080649085705280e+09,1.622400000000000000e+04,3.000000000000000000e+02,3.160000000000000000e+02,-6.340000000000000000e+02,5.300000000000000000e+01,1.700000000000000000e+01
1.680080649086700916e+09,1.622400000000000000e+04,3.000000000000000000e+02,3.160000000000000000e+02,-5.940000000000000000e+02,5.100000000000000000e+01,3.300000000000000000e+01
1.680080649087611437e+09,1.612000000000000000e+04,2.720000000000000000e+02,4.960000000000000000e+02,-6.210000000000000000e+02,5.100000000000000000e+01,3.700000000000000000e+01
1.680080649088451385e+09,1.615600000000000000e+04,2.800000000000000000e+02,4.800000000000000000e+02,-6.620000000000000000e+02,3.500000000000000000e+01,3.800000000000000000e+01
1.680080649089314222e+09,1.612800000000000000e+04,2.640000000000000000e+02,3.320000000000000000e+02,-6.590000000000000000e+02,6.000000000000000000e+00,4.000000000000000000e+01
1.680080649090430975e+09,1.627200000000000000e+04,1.600000000000000000e+02,4.640000000000000000e+02,-6.040000000000000000e+02,2.700000000000000000e+01,4.700000000000000000e+01
1.680080649091282368e+09,1.627600000000000000e+04,2.480000000000000000e+02,3.200000000000000000e+02,-6.020000000000000000e+02,5.300000000000000000e+01,3.200000000000000000e+01
1.680080649092094660e+09,1.620000000000000000e+04,2.800000000000000000e+02,2.200000000000000000e+02,-6.390000000000000000e+02,4.700000000000000000e+01,2.900000000000000000e+01
1.680080649093175411e+09,1.619600000000000000e+04,2.560000000000000000e+02,3.440000000000000000e+02,-6.710000000000000000e+02,2.200000000000000000e+01,2.800000000000000000e+01
1.680080649093993187e+09,1.622000000000000000e+04,2.120000000000000000e+02,3.240000000000000000e+02,-6.320000000000000000e+02,1.000000000000000000e+00,3.100000000000000000e+01
1.680080649094933510e+09,1.620800000000000000e+04,3.080000000000000000e+02,4.000000000000000000e+02,-6.120000000000000000e+02,2.900000000000000000e+01,3.600000000000000000e+01
1.680080649096053362e+09,1.607200000000000000e+04,2.840000000000000000e+02,4.560000000000000000e+02,-6.400000000000000000e+02,5.500000000000000000e+01,4.200000000000000000e+01
1.680080649096899986e+09,1.607200000000000000e+04,3.000000000000000000e+02,3.840000000000000000e+02,-6.620000000000000000e+02,4.500000000000000000e+01,3.900000000000000000e+01
1.680080649097838640e+09,1.626800000000000000e+04,2.920000000000000000e+02,3.280000000000000000e+02,-6.410000000000000000e+02,3.500000000000000000e+01,2.400000000000000000e+01
1.680080649098734140e+09,1.618800000000000000e+04,2.840000000000000000e+02,2.720000000000000000e+02,-6.500000000000000000e+02,5.100000000000000000e+01,2.600000000000000000e+01
1.680080649099722147e+09,1.618800000000000000e+04,2.840000000000000000e+02,2.720000000000000000e+02,-6.560000000000000000e+02,5.000000000000000000e+01,2.700000000000000000e+01
1.680080649100629807e+09,1.619600000000000000e+04,2.680000000000000000e+02,3.480000000000000000e+02,-6.570000000000000000e+02,4.800000000000000000e+01,3.000000000000000000e+01
1.680080649101579666e+09,1.619600000000000000e+04,2.680000000000000000e+02,3.480000000000000000e+02,-6.380000000000000000e+02,4.000000000000000000e+01,4.700000000000000000e+01
1.680080649102603197e+09,1.611200000000000000e+04,2.120000000000000000e+02,4.240000000000000000e+02,-6.390000000000000000e+02,2.800000000000000000e+01,5.100000000000000000e+01
1.680080649103432894e+09,1.616400000000000000e+04,2.360000000000000000e+02,4.840000000000000000e+02,-6.630000000000000000e+02,1.900000000000000000e+01,4.700000000000000000e+01
1.680080649104267836e+09,1.618800000000000000e+04,2.160000000000000000e+02,3.680000000000000000e+02,-6.120000000000000000e+02,2.900000000000000000e+01,3.600000000000000000e+01
1.680080649105083942e+09,1.620000000000000000e+04,2.120000000000000000e+02,4.200000000000000000e+02,-5.910000000000000000e+02,5.100000000000000000e+01,4.100000000000000000e+01
1.680080649106115580e+09,1.622400000000000000e+04,1.880000000000000000e+02,3.600000000000000000e+02,-6.120000000000000000e+02,5.700000000000000000e+01,3.300000000000000000e+01
1.680080649107056618e+09,1.622800000000000000e+04,1.640000000000000000e+02,3.080000000000000000e+02,-6.780000000000000000e+02,5.400000000000000000e+01,2.000000000000000000e+01
1.680080649108040333e+09,1.616000000000000000e+04,2.200000000000000000e+02,4.920000000000000000e+02,-6.690000000000000000e+02,2.400000000000000000e+01,5.000000000000000000e+01
1.680080649109019041e+09,1.609200000000000000e+04,3.080000000000000000e+02,5.280000000000000000e+02,-6.340000000000000000e+02,2.500000000000000000e+01,5.000000000000000000e+01
1.680080649109922409e+09,1.617600000000000000e+04,2.800000000000000000e+02,4.200000000000000000e+02,-6.130000000000000000e+02,4.700000000000000000e+01,4.900000000000000000e+01
1.680080649110774040e+09,1.624000000000000000e+04,3.000000000000000000e+02,3.560000000000000000e+02,-6.370000000000000000e+02,4.200000000000000000e+01,4.500000000000000000e+01
1.680080649111592531e+09,1.626400000000000000e+04,1.960000000000000000e+02,3.800000000000000000e+02,-6.700000000000000000e+02,3.200000000000000000e+01,5.000000000000000000e+01
1.680080649112736464e+09,1.626400000000000000e+04,1.960000000000000000e+02,3.800000000000000000e+02,-6.500000000000000000e+02,3.100000000000000000e+01,4.100000000000000000e+01
1.680080649113569260e+09,1.614400000000000000e+04,2.040000000000000000e+02,3.960000000000000000e+02,-5.990000000000000000e+02,4.600000000000000000e+01,4.900000000000000000e+01
1.680080649114528656e+09,1.614000000000000000e+04,2.480000000000000000e+02,3.200000000000000000e+02,-6.220000000000000000e+02,4.000000000000000000e+01,4.000000000000000000e+01
1.680080649115648031e+09,1.614800000000000000e+04,2.880000000000000000e+02,3.920000000000000000e+02,-6.510000000000000000e+02,3.000000000000000000e+01,5.500000000000000000e+01
1.680080649116501808e+09,1.616400000000000000e+04,2.400000000000000000e+02,5.680000000000000000e+02,-6.620000000000000000e+02,3.100000000000000000e+01,5.200000000000000000e+01
1.680080649117342710e+09,1.622000000000000000e+04,2.040000000000000000e+02,5.200000000000000000e+02,-6.530000000000000000e+02,2.700000000000000000e+01,5.100000000000000000e+01
1.680080649118186951e+09,1.622000000000000000e+04,2.120000000000000000e+02,3.800000000000000000e+02,-6.310000000000000000e+02,2.100000000000000000e+01,4.100000000000000000e+01
1.680080649119347811e+09,1.613200000000000000e+04,2.840000000000000000e+02,3.680000000000000000e+02,-6.110000000000000000e+02,5.400000000000000000e+01,4.700000000000000000e+01
1.680080649120218992e+09,1.616000000000000000e+04,2.320000000000000000e+02,4.040000000000000000e+02,-6.400000000000000000e+02,6.200000000000000000e+01,4.300000000000000000e+01
1.680080649121026516e+09,1.618000000000000000e+04,2.720000000000000000e+02,3.160000000000000000e+02,-6.710000000000000000e+02,4.400000000000000000e+01,2.900000000000000000e+01
1.680080649122129917e+09,1.615200000000000000e+04,2.360000000000000000e+02,3.560000000000000000e+02,-6.470000000000000000e+02,4.000000000000000000e+01,3.400000000000000000e+01
1.680080649122945786e+09,1.616400000000000000e+04,3.120000000000000000e+02,2.760000000000000000e+02,-6.290000000000000000e+02,4.000000000000000000e+01,2.900000000000000000e+01
1.680080649123786926e+09,1.614400000000000000e+04,3.160000000000000000e+02,3.440000000000000000e+02,-6.310000000000000000e+02,4.000000000000000000e+01,3.300000000000000000e+01
1.680080649124691725e+09,1.612000000000000000e+04,2.400000000000000000e+02,3.000000000000000000e+02,-6.060000000000000000e+02,4.800000000000000000e+01,3.900000000000000000e+01
1.680080649125676394e+09,1.612000000000000000e+04,2.400000000000000000e+02,3.000000000000000000e+02,-6.130000000000000000e+02,3.800000000000000000e+01,2.900000000000000000e+01
1.680080649127792358e+09,1.620800000000000000e+04,3.440000000000000000e+02,3.200000000000000000e+02,-6.440000000000000000e+02,7.000000000000000000e+00,2.900000000000000000e+01
1.680080649128646135e+09,1.613200000000000000e+04,2.400000000000000000e+02,3.520000000000000000e+02,-6.310000000000000000e+02,4.200000000000000000e+01,2.900000000000000000e+01
1.680080649129719496e+09,1.613200000000000000e+04,2.400000000000000000e+02,3.520000000000000000e+02,-6.540000000000000000e+02,5.100000000000000000e+01,1.500000000000000000e+01
1.680080649130541325e+09,1.621600000000000000e+04,2.320000000000000000e+02,4.480000000000000000e+02,-6.890000000000000000e+02,1.500000000000000000e+01,2.700000000000000000e+01
1.680080649131469727e+09,1.621600000000000000e+04,2.320000000000000000e+02,4.480000000000000000e+02,-6.480000000000000000e+02,8.000000000000000000e+00,3.700000000000000000e+01
1.680080649132596493e+09,1.616000000000000000e+04,1.840000000000000000e+02,4.000000000000000000e+02,-6.180000000000000000e+02,4.400000000000000000e+01,3.800000000000000000e+01
1.680080649133415222e+09,1.618000000000000000e+04,2.280000000000000000e+02,3.560000000000000000e+02,-6.510000000000000000e+02,6.600000000000000000e+01,2.800000000000000000e+01
1.680080649134357929e+09,1.609200000000000000e+04,2.840000000000000000e+02,2.720000000000000000e+02,-6.930000000000000000e+02,3.800000000000000000e+01,2.000000000000000000e+01
1.680080649135263443e+09,1.617200000000000000e+04,3.760000000000000000e+02,3.000000000000000000e+02,-6.770000000000000000e+02,2.000000000000000000e+00,3.800000000000000000e+01
1.680080649136239529e+09,1.621600000000000000e+04,3.440000000000000000e+02,3.320000000000000000e+02,-6.240000000000000000e+02,2.200000000000000000e+01,3.300000000000000000e+01
1.680080649137216806e+09,1.610000000000000000e+04,2.600000000000000000e+02,2.480000000000000000e+02,-6.250000000000000000e+02,5.400000000000000000e+01,5.000000000000000000e+01
1.680080649138129473e+09,1.622800000000000000e+04,2.240000000000000000e+02,1.920000000000000000e+02,-6.410000000000000000e+02,7.200000000000000000e+01,5.900000000000000000e+01
1.680080649139183521e+09,1.611200000000000000e+04,2.160000000000000000e+02,1.920000000000000000e+02,-6.780000000000000000e+02,3.800000000000000000e+01,4.800000000000000000e+01
1.680080649140093803e+09,1.609200000000000000e+04,2.600000000000000000e+02,3.040000000000000000e+02,-6.530000000000000000e+02,2.700000000000000000e+01,4.000000000000000000e+01
1.680080649140936136e+09,1.616400000000000000e+04,2.920000000000000000e+02,4.400000000000000000e+02,-6.290000000000000000e+02,2.900000000000000000e+01,2.600000000000000000e+01
1.680080649141774416e+09,1.626400000000000000e+04,3.480000000000000000e+02,4.440000000000000000e+02,-6.530000000000000000e+02,3.800000000000000000e+01,1.400000000000000000e+01
1.680080649142882824e+09,1.622800000000000000e+04,2.840000000000000000e+02,3.240000000000000000e+02,-6.380000000000000000e+02,2.100000000000000000e+01,3.800000000000000000e+01
1.680080649143723011e+09,1.615600000000000000e+04,3.080000000000000000e+02,3.520000000000000000e+02,-6.080000000000000000e+02,3.500000000000000000e+01,4.600000000000000000e+01
1.680080649144536018e+09,1.616800000000000000e+04,3.280000000000000000e+02,4.480000000000000000e+02,-6.150000000000000000e+02,3.600000000000000000e+01,3.100000000000000000e+01
1.680080649145554066e+09,1.616800000000000000e+04,3.280000000000000000e+02,4.480000000000000000e+02,-6.410000000000000000e+02,4.700000000000000000e+01,1.900000000000000000e+01
1.680080649146393299e+09,1.618800000000000000e+04,4.280000000000000000e+02,3.760000000000000000e+02,-6.610000000000000000e+02,2.000000000000000000e+01,2.200000000000000000e+01
1.680080649147239447e+09,1.626000000000000000e+04,3.400000000000000000e+02,2.840000000000000000e+02,-6.580000000000000000e+02,2.000000000000000000e+00,3.900000000000000000e+01
1.680080649148052216e+09,1.625200000000000000e+04,3.680000000000000000e+02,2.520000000000000000e+02,-6.270000000000000000e+02,2.200000000000000000e+01,4.600000000000000000e+01
1.680080649149091244e+09,1.626000000000000000e+04,3.360000000000000000e+02,2.840000000000000000e+02,-6.160000000000000000e+02,5.800000000000000000e+01,3.100000000000000000e+01
1.680080649149910688e+09,1.624000000000000000e+04,3.200000000000000000e+02,2.560000000000000000e+02,-6.430000000000000000e+02,7.600000000000000000e+01,2.400000000000000000e+01
1.680080649150825024e+09,1.626000000000000000e+04,2.920000000000000000e+02,2.480000000000000000e+02,-6.660000000000000000e+02,4.900000000000000000e+01,2.300000000000000000e+01
1.680080649151966810e+09,1.624400000000000000e+04,3.800000000000000000e+02,2.720000000000000000e+02,-6.470000000000000000e+02,3.700000000000000000e+01,2.600000000000000000e+01
1.680080649152787447e+09,1.624800000000000000e+04,3.600000000000000000e+02,3.960000000000000000e+02,-6.370000000000000000e+02,4.100000000000000000e+01,3.400000000000000000e+01
1.680080649153732300e+09,1.623200000000000000e+04,3.360000000000000000e+02,3.760000000000000000e+02,-6.590000000000000000e+02,2.800000000000000000e+01,2.800000000000000000e+01
1.680080649154641867e+09,1.617600000000000000e+04,3.240000000000000000e+02,2.440000000000000000e+02,-6.500000000000000000e+02,2.700000000000000000e+01,3.000000000000000000e+01
1.680080649155621529e+09,1.618400000000000000e+04,3.680000000000000000e+02,2.800000000000000000e+02,-6.250000000000000000e+02,4.900000000000000000e+01,2.000000000000000000e+01
1.680080649156564951e+09,1.628000000000000000e+04,3.080000000000000000e+02,2.800000000000000000e+02,-6.400000000000000000e+02,5.900000000000000000e+01,-1.000000000000000000e+00
1.680080649157468081e+09,1.614800000000000000e+04,2.760000000000000000e+02,2.280000000000000000e+02,-6.550000000000000000e+02,3.800000000000000000e+01,7.000000000000000000e+00
1.680080649158485413e+09,1.614800000000000000e+04,2.760000000000000000e+02,2.280000000000000000e+02,-6.410000000000000000e+02,4.300000000000000000e+01,2.000000000000000000e+01
1.680080649159395933e+09,1.612000000000000000e+04,2.480000000000000000e+02,2.800000000000000000e+02,-6.370000000000000000e+02,6.500000000000000000e+01,5.200000000000000000e+01
1.680080649160246134e+09,1.615200000000000000e+04,3.400000000000000000e+02,3.160000000000000000e+02,-6.580000000000000000e+02,4.200000000000000000e+01,4.600000000000000000e+01
1.680080649161069632e+09,1.614800000000000000e+04,3.240000000000000000e+02,2.960000000000000000e+02,-6.390000000000000000e+02,2.900000000000000000e+01,3.700000000000000000e+01
1.680080649162153244e+09,1.624400000000000000e+04,3.320000000000000000e+02,3.520000000000000000e+02,-6.080000000000000000e+02,4.100000000000000000e+01,2.800000000000000000e+01
1.680080649163015842e+09,1.623200000000000000e+04,2.920000000000000000e+02,3.120000000000000000e+02,-6.090000000000000000e+02,5.500000000000000000e+01,1.700000000000000000e+01
1.680080649163834810e+09,1.615200000000000000e+04,3.880000000000000000e+02,3.240000000000000000e+02,-6.410000000000000000e+02,3.600000000000000000e+01,7.000000000000000000e+00
1.680080649164820194e+09,1.621600000000000000e+04,3.520000000000000000e+02,3.080000000000000000e+02,-6.540000000000000000e+02,4.300000000000000000e+01,-1.000000000000000000e+00
1.680080649165662527e+09,1.616800000000000000e+04,2.920000000000000000e+02,3.160000000000000000e+02,-6.230000000000000000e+02,4.000000000000000000e+01,1.800000000000000000e+01
1.680080649166555643e+09,1.613200000000000000e+04,3.080000000000000000e+02,3.880000000000000000e+02,-6.290000000000000000e+02,4.100000000000000000e+01,4.300000000000000000e+01
1.680080649167354345e+09,1.613200000000000000e+04,3.080000000000000000e+02,3.880000000000000000e+02,-6.370000000000000000e+02,3.500000000000000000e+01,4.900000000000000000e+01
1.680080649168445349e+09,1.610000000000000000e+04,2.600000000000000000e+02,3.080000000000000000e+02,-6.630000000000000000e+02,2.800000000000000000e+01,2.000000000000000000e+01
1.680080649169274092e+09,1.615200000000000000e+04,3.640000000000000000e+02,2.960000000000000000e+02,-6.410000000000000000e+02,3.400000000000000000e+01,1.400000000000000000e+01
1.680080649170196533e+09,1.605600000000000000e+04,3.560000000000000000e+02,2.640000000000000000e+02,-6.350000000000000000e+02,2.400000000000000000e+01,2.200000000000000000e+01
1.680080649171321630e+09,1.624000000000000000e+04,3.320000000000000000e+02,2.600000000000000000e+02,-6.510000000000000000e+02,1.500000000000000000e+01,2.500000000000000000e+01
1.680080649172139406e+09,1.620800000000000000e+04,3.800000000000000000e+02,2.760000000000000000e+02,-6.230000000000000000e+02,2.200000000000000000e+01,-2.000000000000000000e+00
1.680080649173047304e+09,1.612400000000000000e+04,3.880000000000000000e+02,2.800000000000000000e+02,-6.180000000000000000e+02,3.900000000000000000e+01,0.000000000000000000e+00
1.680080649173949718e+09,1.618800000000000000e+04,2.800000000000000000e+02,2.920000000000000000e+02,-6.630000000000000000e+02,3.300000000000000000e+01,3.600000000000000000e+01
1.680080649174973965e+09,1.622000000000000000e+04,4.400000000000000000e+02,3.320000000000000000e+02,-6.590000000000000000e+02,4.600000000000000000e+01,6.100000000000000000e+01
1.680080649175893784e+09,1.625600000000000000e+04,3.840000000000000000e+02,3.920000000000000000e+02,-6.330000000000000000e+02,4.900000000000000000e+01,5.600000000000000000e+01
1.680080649176823616e+09,1.624800000000000000e+04,3.360000000000000000e+02,3.280000000000000000e+02,-6.160000000000000000e+02,2.700000000000000000e+01,3.900000000000000000e+01
1.680080649177918673e+09,1.621600000000000000e+04,4.560000000000000000e+02,3.160000000000000000e+02,-6.110000000000000000e+02,1.400000000000000000e+01,9.000000000000000000e+00
1.680080649178759575e+09,1.600000000000000000e+04,4.400000000000000000e+02,2.920000000000000000e+02,-6.370000000000000000e+02,2.500000000000000000e+01,2.100000000000000000e+01
1.680080649179604053e+09,1.602800000000000000e+04,3.640000000000000000e+02,2.360000000000000000e+02,-6.350000000000000000e+02,3.900000000000000000e+01,3.000000000000000000e+01
1.680080649180402994e+09,1.616800000000000000e+04,3.120000000000000000e+02,2.920000000000000000e+02,-6.400000000000000000e+02,5.000000000000000000e+01,2.800000000000000000e+01
1.680080649181541920e+09,1.618800000000000000e+04,2.880000000000000000e+02,4.440000000000000000e+02,-6.630000000000000000e+02,2.200000000000000000e+01,2.700000000000000000e+01
1.680080649182378292e+09,1.620400000000000000e+04,3.640000000000000000e+02,2.560000000000000000e+02,-6.370000000000000000e+02,1.100000000000000000e+01,4.400000000000000000e+01
1.680080649183195114e+09,1.620400000000000000e+04,3.640000000000000000e+02,2.560000000000000000e+02,-6.240000000000000000e+02,3.100000000000000000e+01,4.400000000000000000e+01
1.680080649184360266e+09,1.620000000000000000e+04,2.840000000000000000e+02,2.560000000000000000e+02,-6.270000000000000000e+02,5.500000000000000000e+01,3.000000000000000000e+01
1.680080649185184956e+09,1.622000000000000000e+04,3.640000000000000000e+02,2.200000000000000000e+02,-6.590000000000000000e+02,7.000000000000000000e+01,9.000000000000000000e+00
1.680080649186096668e+09,1.622400000000000000e+04,3.920000000000000000e+02,1.880000000000000000e+02,-6.680000000000000000e+02,6.100000000000000000e+01,-1.100000000000000000e+01
1.680080649186940670e+09,1.618000000000000000e+04,3.480000000000000000e+02,3.640000000000000000e+02,-6.440000000000000000e+02,4.600000000000000000e+01,1.100000000000000000e+01
1.680080649188097954e+09,1.611600000000000000e+04,3.680000000000000000e+02,3.200000000000000000e+02,-6.330000000000000000e+02,3.900000000000000000e+01,3.600000000000000000e+01
1.680080649188989639e+09,1.628000000000000000e+04,3.920000000000000000e+02,3.120000000000000000e+02,-6.150000000000000000e+02,4.200000000000000000e+01,3.600000000000000000e+01
1.680080649189802408e+09,1.626400000000000000e+04,3.520000000000000000e+02,1.680000000000000000e+02,-6.380000000000000000e+02,4.300000000000000000e+01,1.800000000000000000e+01
1.680080649190906763e+09,1.617200000000000000e+04,4.080000000000000000e+02,2.360000000000000000e+02,-6.440000000000000000e+02,4.800000000000000000e+01,3.000000000000000000e+01
1.680080649191748619e+09,1.614800000000000000e+04,3.720000000000000000e+02,3.160000000000000000e+02,-6.240000000000000000e+02,6.800000000000000000e+01,4.100000000000000000e+01
1.680080649192588091e+09,1.624000000000000000e+04,4.280000000000000000e+02,2.800000000000000000e+02,-6.140000000000000000e+02,7.000000000000000000e+01,2.500000000000000000e+01
1.680080649193405151e+09,1.629600000000000000e+04,4.080000000000000000e+02,4.120000000000000000e+02,-6.320000000000000000e+02,3.400000000000000000e+01,4.000000000000000000e+00
1.680080649194452763e+09,1.622400000000000000e+04,3.880000000000000000e+02,3.120000000000000000e+02,-6.300000000000000000e+02,1.300000000000000000e+01,2.300000000000000000e+01
1.680080649195320845e+09,1.622400000000000000e+04,3.880000000000000000e+02,3.120000000000000000e+02,-5.960000000000000000e+02,3.400000000000000000e+01,4.800000000000000000e+01
1.680080649196135283e+09,1.618800000000000000e+04,3.240000000000000000e+02,4.280000000000000000e+02,-5.940000000000000000e+02,4.400000000000000000e+01,7.500000000000000000e+01
1.680080649197190762e+09,1.614000000000000000e+04,3.640000000000000000e+02,4.920000000000000000e+02,-6.190000000000000000e+02,6.700000000000000000e+01,6.100000000000000000e+01
1.680080649198033810e+09,1.613600000000000000e+04,3.960000000000000000e+02,4.240000000000000000e+02,-6.560000000000000000e+02,5.500000000000000000e+01,2.700000000000000000e+01
1.680080649199008942e+09,1.610800000000000000e+04,3.520000000000000000e+02,2.720000000000000000e+02,-6.430000000000000000e+02,2.200000000000000000e+01,2.600000000000000000e+01
1.680080649199858665e+09,1.624000000000000000e+04,3.280000000000000000e+02,1.800000000000000000e+02,-5.990000000000000000e+02,1.600000000000000000e+01,1.800000000000000000e+01
1.680080649201008558e+09,1.622000000000000000e+04,3.240000000000000000e+02,2.280000000000000000e+02,-6.220000000000000000e+02,7.700000000000000000e+01,2.600000000000000000e+01
1.680080649201848984e+09,1.620800000000000000e+04,2.920000000000000000e+02,2.760000000000000000e+02,-6.520000000000000000e+02,9.500000000000000000e+01,3.700000000000000000e+01
1.680080649202663898e+09,1.617600000000000000e+04,3.360000000000000000e+02,1.560000000000000000e+02,-6.690000000000000000e+02,7.700000000000000000e+01,4.800000000000000000e+01
1.680080649203743696e+09,1.622400000000000000e+04,3.920000000000000000e+02,2.280000000000000000e+02,-6.450000000000000000e+02,4.800000000000000000e+01,3.900000000000000000e+01
1.680080649204557896e+09,1.624000000000000000e+04,4.600000000000000000e+02,4.000000000000000000e+02,-6.050000000000000000e+02,5.000000000000000000e+01,3.300000000000000000e+01
1.680080649205400467e+09,1.621200000000000000e+04,2.840000000000000000e+02,5.040000000000000000e+02,-6.510000000000000000e+02,3.500000000000000000e+01,4.100000000000000000e+01
1.680080649206312418e+09,1.623200000000000000e+04,3.600000000000000000e+02,5.120000000000000000e+02,-6.760000000000000000e+02,1.500000000000000000e+01,2.700000000000000000e+01
1.680080649207321882e+09,1.620800000000000000e+04,3.080000000000000000e+02,3.000000000000000000e+02,-6.220000000000000000e+02,4.200000000000000000e+01,9.000000000000000000e+00
1.680080649208325148e+09,1.612400000000000000e+04,2.760000000000000000e+02,2.440000000000000000e+02,-6.180000000000000000e+02,5.100000000000000000e+01,1.500000000000000000e+01
1.680080649209228516e+09,1.612400000000000000e+04,2.760000000000000000e+02,2.440000000000000000e+02,-6.440000000000000000e+02,6.100000000000000000e+01,3.600000000000000000e+01
1.680080649210273027e+09,1.618800000000000000e+04,3.760000000000000000e+02,3.440000000000000000e+02,-6.770000000000000000e+02,2.700000000000000000e+01,4.100000000000000000e+01
1.680080649211213827e+09,1.626000000000000000e+04,4.080000000000000000e+02,3.760000000000000000e+02,-6.270000000000000000e+02,1.400000000000000000e+01,3.100000000000000000e+01
1.680080649212119579e+09,1.612800000000000000e+04,3.360000000000000000e+02,5.160000000000000000e+02,-5.800000000000000000e+02,3.700000000000000000e+01,3.000000000000000000e+01
1.680080649213107347e+09,1.616000000000000000e+04,2.840000000000000000e+02,4.520000000000000000e+02,-6.060000000000000000e+02,4.600000000000000000e+01,3.500000000000000000e+01
1.680080649213922501e+09,1.606000000000000000e+04,2.960000000000000000e+02,3.840000000000000000e+02,-6.520000000000000000e+02,4.200000000000000000e+01,4.400000000000000000e+01
1.680080649214827061e+09,1.614800000000000000e+04,2.840000000000000000e+02,3.080000000000000000e+02,-6.510000000000000000e+02,3.000000000000000000e+01,5.500000000000000000e+01
1.680080649215738535e+09,1.620400000000000000e+04,2.960000000000000000e+02,2.600000000000000000e+02,-6.250000000000000000e+02,1.400000000000000000e+01,2.700000000000000000e+01
1.680080649216821909e+09,1.622800000000000000e+04,3.400000000000000000e+02,3.760000000000000000e+02,-6.030000000000000000e+02,3.900000000000000000e+01,3.600000000000000000e+01
1.680080649217730999e+09,1.623600000000000000e+04,2.880000000000000000e+02,4.120000000000000000e+02,-6.230000000000000000e+02,5.300000000000000000e+01,5.000000000000000000e+01
1.680080649218657017e+09,1.616800000000000000e+04,2.240000000000000000e+02,3.880000000000000000e+02,-6.360000000000000000e+02,4.900000000000000000e+01,4.400000000000000000e+01
1.680080649219658613e+09,1.616400000000000000e+04,1.720000000000000000e+02,4.080000000000000000e+02,-6.270000000000000000e+02,5.300000000000000000e+01,4.100000000000000000e+01
1.680080649220490456e+09,1.617600000000000000e+04,2.240000000000000000e+02,3.720000000000000000e+02,-6.310000000000000000e+02,3.300000000000000000e+01,4.800000000000000000e+01
1.680080649221334219e+09,1.622800000000000000e+04,2.240000000000000000e+02,3.480000000000000000e+02,-6.320000000000000000e+02,1.300000000000000000e+01,4.200000000000000000e+01
1.680080649222151756e+09,1.622800000000000000e+04,2.240000000000000000e+02,3.480000000000000000e+02,-6.120000000000000000e+02,3.300000000000000000e+01,4.700000000000000000e+01
1.680080649223139286e+09,1.620800000000000000e+04,3.000000000000000000e+02,4.360000000000000000e+02,-6.310000000000000000e+02,6.800000000000000000e+01,3.900000000000000000e+01
1.680080649224045992e+09,1.619600000000000000e+04,2.760000000000000000e+02,4.760000000000000000e+02,-6.910000000000000000e+02,3.200000000000000000e+01,2.500000000000000000e+01
1.680080649224908352e+09,1.620000000000000000e+04,2.280000000000000000e+02,3.880000000000000000e+02,-6.510000000000000000e+02,2.400000000000000000e+01,2.500000000000000000e+01
1.680080649225733519e+09,1.624800000000000000e+04,3.240000000000000000e+02,4.720000000000000000e+02,-6.150000000000000000e+02,5.000000000000000000e+01,3.000000000000000000e+01
1.680080649226745844e+09,1.619600000000000000e+04,2.640000000000000000e+02,3.960000000000000000e+02,-6.170000000000000000e+02,7.800000000000000000e+01,4.200000000000000000e+01
1.680080649227674961e+09,1.614400000000000000e+04,3.360000000000000000e+02,4.480000000000000000e+02,-6.580000000000000000e+02,5.700000000000000000e+01,3.000000000000000000e+01
1.680080649228586197e+09,1.613600000000000000e+04,3.760000000000000000e+02,3.040000000000000000e+02,-6.560000000000000000e+02,3.500000000000000000e+01,3.300000000000000000e+01
1.680080649229580641e+09,1.617600000000000000e+04,3.520000000000000000e+02,2.880000000000000000e+02,-6.090000000000000000e+02,4.100000000000000000e+01,3.900000000000000000e+01
1.680080649230558395e+09,1.617200000000000000e+04,2.600000000000000000e+02,3.680000000000000000e+02,-6.230000000000000000e+02,5.300000000000000000e+01,4.400000000000000000e+01
1.680080649231508017e+09,1.618800000000000000e+04,2.440000000000000000e+02,4.640000000000000000e+02,-6.270000000000000000e+02,3.300000000000000000e+01,4.200000000000000000e+01
1.680080649232606411e+09,1.628000000000000000e+04,2.480000000000000000e+02,2.520000000000000000e+02,-6.220000000000000000e+02,3.800000000000000000e+01,3.600000000000000000e+01
1.680080649233483315e+09,1.620800000000000000e+04,2.960000000000000000e+02,3.960000000000000000e+02,-6.320000000000000000e+02,5.900000000000000000e+01,3.900000000000000000e+01
1.680080649234338522e+09,1.624000000000000000e+04,3.600000000000000000e+02,4.520000000000000000e+02,-6.370000000000000000e+02,6.600000000000000000e+01,4.400000000000000000e+01
1.680080649235198736e+09,1.620800000000000000e+04,2.800000000000000000e+02,3.200000000000000000e+02,-6.620000000000000000e+02,3.400000000000000000e+01,2.800000000000000000e+01
1.680080649236296415e+09,1.620800000000000000e+04,2.800000000000000000e+02,3.200000000000000000e+02,-6.400000000000000000e+02,2.000000000000000000e+01,2.200000000000000000e+01
1.680080649237189293e+09,1.618400000000000000e+04,2.560000000000000000e+02,3.120000000000000000e+02,-6.100000000000000000e+02,4.700000000000000000e+01,2.800000000000000000e+01
1.680080649238098621e+09,1.618400000000000000e+04,2.560000000000000000e+02,3.120000000000000000e+02,-6.240000000000000000e+02,6.600000000000000000e+01,3.600000000000000000e+01
1.680080649239078045e+09,1.611200000000000000e+04,3.160000000000000000e+02,2.960000000000000000e+02,-6.620000000000000000e+02,4.500000000000000000e+01,4.200000000000000000e+01
1.680080649239991665e+09,1.618800000000000000e+04,3.000000000000000000e+02,2.920000000000000000e+02,-6.520000000000000000e+02,1.100000000000000000e+01,5.100000000000000000e+01
1.680080649240830898e+09,1.618800000000000000e+04,2.520000000000000000e+02,3.040000000000000000e+02,-6.020000000000000000e+02,1.800000000000000000e+01,5.300000000000000000e+01
1.680080649241648436e+09,1.620400000000000000e+04,2.120000000000000000e+02,3.720000000000000000e+02,-5.800000000000000000e+02,3.500000000000000000e+01,4.300000000000000000e+01
1.680080649242705584e+09,1.626800000000000000e+04,2.720000000000000000e+02,2.120000000000000000e+02,-6.000000000000000000e+02,5.700000000000000000e+01,3.000000000000000000e+01
1.680080649243551493e+09,1.626800000000000000e+04,3.240000000000000000e+02,3.160000000000000000e+02,-6.400000000000000000e+02,3.300000000000000000e+01,2.700000000000000000e+01
1.680080649244467020e+09,1.622400000000000000e+04,2.920000000000000000e+02,3.840000000000000000e+02,-6.360000000000000000e+02,8.000000000000000000e+00,3.800000000000000000e+01
1.680080649245641947e+09,1.621200000000000000e+04,3.040000000000000000e+02,3.200000000000000000e+02,-5.940000000000000000e+02,1.800000000000000000e+01,3.300000000000000000e+01
1.680080649246500492e+09,1.612000000000000000e+04,1.960000000000000000e+02,3.680000000000000000e+02,-6.020000000000000000e+02,4.000000000000000000e+01,2.800000000000000000e+01
1.680080649247451305e+09,1.626000000000000000e+04,1.520000000000000000e+02,3.240000000000000000e+02,-6.450000000000000000e+02,4.700000000000000000e+01,2.000000000000000000e+01
1.680080649248367548e+09,1.624000000000000000e+04,1.000000000000000000e+02,4.520000000000000000e+02,-6.480000000000000000e+02,4.800000000000000000e+01,1.900000000000000000e+01
1.680080649249385357e+09,1.618800000000000000e+04,2.040000000000000000e+02,2.960000000000000000e+02,-6.290000000000000000e+02,6.700000000000000000e+01,4.200000000000000000e+01
1.680080649250415564e+09,1.614000000000000000e+04,1.920000000000000000e+02,2.120000000000000000e+02,-6.270000000000000000e+02,6.000000000000000000e+01,5.200000000000000000e+01
1.680080649251255274e+09,1.617600000000000000e+04,3.000000000000000000e+02,3.040000000000000000e+02,-6.160000000000000000e+02,5.500000000000000000e+01,5.200000000000000000e+01
1.680080649252290964e+09,1.617600000000000000e+04,3.000000000000000000e+02,3.040000000000000000e+02,-5.960000000000000000e+02,6.400000000000000000e+01,4.300000000000000000e+01
1.680080649253218889e+09,1.628800000000000000e+04,2.240000000000000000e+02,3.400000000000000000e+02,-6.320000000000000000e+02,4.900000000000000000e+01,4.400000000000000000e+01
1.680080649254147768e+09,1.629200000000000000e+04,1.960000000000000000e+02,4.840000000000000000e+02,-6.490000000000000000e+02,2.700000000000000000e+01,4.700000000000000000e+01
1.680080649255205154e+09,1.629200000000000000e+04,1.960000000000000000e+02,4.840000000000000000e+02,-6.430000000000000000e+02,3.200000000000000000e+01,5.400000000000000000e+01
1.680080649256045580e+09,1.625600000000000000e+04,2.200000000000000000e+02,4.160000000000000000e+02,-6.330000000000000000e+02,4.700000000000000000e+01,3.900000000000000000e+01
1.680080649256916523e+09,1.618000000000000000e+04,1.800000000000000000e+02,4.040000000000000000e+02,-6.500000000000000000e+02,3.700000000000000000e+01,4.300000000000000000e+01
1.680080649257728577e+09,1.616000000000000000e+04,2.040000000000000000e+02,4.400000000000000000e+02,-6.350000000000000000e+02,5.000000000000000000e+00,4.500000000000000000e+01
1.680080649258805752e+09,1.614400000000000000e+04,2.920000000000000000e+02,4.440000000000000000e+02,-6.150000000000000000e+02,2.400000000000000000e+01,3.300000000000000000e+01
1.680080649259632587e+09,1.613200000000000000e+04,2.600000000000000000e+02,4.000000000000000000e+02,-6.140000000000000000e+02,4.700000000000000000e+01,3.100000000000000000e+01
1.680080649260534525e+09,1.624000000000000000e+04,2.920000000000000000e+02,3.440000000000000000e+02,-6.430000000000000000e+02,4.300000000000000000e+01,3.600000000000000000e+01
1.680080649261683702e+09,1.622000000000000000e+04,2.920000000000000000e+02,3.120000000000000000e+02,-6.510000000000000000e+02,4.000000000000000000e+01,5.000000000000000000e+01
1.680080649262515306e+09,1.618800000000000000e+04,2.120000000000000000e+02,3.480000000000000000e+02,-6.400000000000000000e+02,4.900000000000000000e+01,2.900000000000000000e+01
1.680080649263360262e+09,1.615600000000000000e+04,2.680000000000000000e+02,3.800000000000000000e+02,-6.330000000000000000e+02,3.300000000000000000e+01,1.900000000000000000e+01
1.680080649264265299e+09,1.621200000000000000e+04,2.360000000000000000e+02,3.520000000000000000e+02,-6.330000000000000000e+02,1.500000000000000000e+01,3.300000000000000000e+01
1.680080649265265226e+09,1.612800000000000000e+04,1.400000000000000000e+02,2.880000000000000000e+02,-6.130000000000000000e+02,4.000000000000000000e+01,4.600000000000000000e+01
1.680080649266314030e+09,1.616800000000000000e+04,1.760000000000000000e+02,2.720000000000000000e+02,-6.410000000000000000e+02,4.800000000000000000e+01,2.800000000000000000e+01
1.680080649267241478e+09,1.613200000000000000e+04,2.160000000000000000e+02,3.080000000000000000e+02,-6.330000000000000000e+02,1.400000000000000000e+01,1.000000000000000000e+01
1.680080649268295050e+09,1.612400000000000000e+04,2.000000000000000000e+02,3.160000000000000000e+02,-5.970000000000000000e+02,3.000000000000000000e+01,1.600000000000000000e+01
1.680080649269314289e+09,1.616800000000000000e+04,3.280000000000000000e+02,2.080000000000000000e+02,-6.040000000000000000e+02,5.200000000000000000e+01,2.800000000000000000e+01
1.680080649270330667e+09,1.614800000000000000e+04,3.880000000000000000e+02,4.120000000000000000e+02,-6.600000000000000000e+02,4.100000000000000000e+01,4.400000000000000000e+01
1.680080649271339178e+09,1.630800000000000000e+04,3.000000000000000000e+02,4.960000000000000000e+02,-6.670000000000000000e+02,5.100000000000000000e+01,2.300000000000000000e+01
1.680080649272254467e+09,1.630400000000000000e+04,3.640000000000000000e+02,4.000000000000000000e+02,-6.280000000000000000e+02,6.500000000000000000e+01,3.000000000000000000e+01
1.680080649273104191e+09,1.618000000000000000e+04,3.160000000000000000e+02,4.080000000000000000e+02,-6.370000000000000000e+02,5.400000000000000000e+01,2.200000000000000000e+01
1.680080649273934841e+09,1.618000000000000000e+04,3.160000000000000000e+02,4.080000000000000000e+02,-6.450000000000000000e+02,2.800000000000000000e+01,1.800000000000000000e+01
1.680080649274996042e+09,1.614000000000000000e+04,2.560000000000000000e+02,3.520000000000000000e+02,-6.580000000000000000e+02,1.500000000000000000e+01,1.900000000000000000e+01
1.680080649275822639e+09,1.615200000000000000e+04,2.880000000000000000e+02,4.120000000000000000e+02,-6.350000000000000000e+02,4.600000000000000000e+01,2.500000000000000000e+01
1.680080649276775122e+09,1.620800000000000000e+04,2.240000000000000000e+02,3.800000000000000000e+02,-6.480000000000000000e+02,4.800000000000000000e+01,4.400000000000000000e+01
1.680080649277766705e+09,1.617200000000000000e+04,1.400000000000000000e+02,3.640000000000000000e+02,-6.450000000000000000e+02,1.300000000000000000e+01,4.000000000000000000e+01
1.680080649278711319e+09,1.614400000000000000e+04,2.800000000000000000e+02,3.920000000000000000e+02,-6.100000000000000000e+02,1.600000000000000000e+01,3.700000000000000000e+01
1.680080649279551983e+09,1.617600000000000000e+04,2.960000000000000000e+02,3.480000000000000000e+02,-5.970000000000000000e+02,4.100000000000000000e+01,3.100000000000000000e+01
1.680080649280371428e+09,1.614400000000000000e+04,2.840000000000000000e+02,3.280000000000000000e+02,-6.020000000000000000e+02,4.800000000000000000e+01,1.200000000000000000e+01
1.680080649281446457e+09,1.614400000000000000e+04,3.240000000000000000e+02,3.240000000000000000e+02,-6.370000000000000000e+02,4.800000000000000000e+01,1.700000000000000000e+01
1.680080649282277107e+09,1.614400000000000000e+04,2.640000000000000000e+02,3.080000000000000000e+02,-6.670000000000000000e+02,8.000000000000000000e+00,3.100000000000000000e+01
1.680080649283200502e+09,1.612800000000000000e+04,2.840000000000000000e+02,3.320000000000000000e+02,-6.420000000000000000e+02,9.000000000000000000e+00,4.200000000000000000e+01
1.680080649284355879e+09,1.624000000000000000e+04,2.560000000000000000e+02,4.600000000000000000e+02,-6.320000000000000000e+02,5.100000000000000000e+01,5.900000000000000000e+01
1.680080649285175800e+09,1.614000000000000000e+04,3.360000000000000000e+02,3.080000000000000000e+02,-6.480000000000000000e+02,7.000000000000000000e+01,5.100000000000000000e+01
1.680080649286223650e+09,1.617600000000000000e+04,3.600000000000000000e+02,2.960000000000000000e+02,-6.800000000000000000e+02,4.600000000000000000e+01,2.300000000000000000e+01
1.680080649287114859e+09,1.627600000000000000e+04,3.600000000000000000e+02,3.480000000000000000e+02,-6.550000000000000000e+02,1.600000000000000000e+01,2.200000000000000000e+01
1.680080649288139820e+09,1.624000000000000000e+04,3.200000000000000000e+02,3.400000000000000000e+02,-6.120000000000000000e+02,2.900000000000000000e+01,4.500000000000000000e+01
1.680080649289109945e+09,1.619200000000000000e+04,3.160000000000000000e+02,3.280000000000000000e+02,-6.210000000000000000e+02,4.900000000000000000e+01,3.100000000000000000e+01
1.680080649289993048e+09,1.624800000000000000e+04,2.360000000000000000e+02,3.200000000000000000e+02,-6.550000000000000000e+02,5.300000000000000000e+01,1.500000000000000000e+01
1.680080649291119099e+09,1.624800000000000000e+04,2.360000000000000000e+02,3.200000000000000000e+02,-6.590000000000000000e+02,4.400000000000000000e+01,2.100000000000000000e+01
1.680080649291969538e+09,1.610800000000000000e+04,2.800000000000000000e+02,9.600000000000000000e+01,-6.380000000000000000e+02,4.200000000000000000e+01,4.600000000000000000e+01
1.680080649292884111e+09,1.610800000000000000e+04,2.800000000000000000e+02,9.600000000000000000e+01,-6.470000000000000000e+02,2.400000000000000000e+01,3.400000000000000000e+01
1.680080649294050455e+09,1.625600000000000000e+04,3.720000000000000000e+02,1.320000000000000000e+02,-6.380000000000000000e+02,2.900000000000000000e+01,1.200000000000000000e+01
1.680080649294871092e+09,1.624400000000000000e+04,3.080000000000000000e+02,3.040000000000000000e+02,-6.340000000000000000e+02,4.700000000000000000e+01,2.700000000000000000e+01
1.680080649295713425e+09,1.622000000000000000e+04,2.760000000000000000e+02,4.000000000000000000e+02,-6.360000000000000000e+02,3.500000000000000000e+01,4.900000000000000000e+01
1.680080649296560049e+09,1.619600000000000000e+04,2.640000000000000000e+02,3.880000000000000000e+02,-6.300000000000000000e+02,2.100000000000000000e+01,3.800000000000000000e+01
1.680080649297621489e+09,1.617600000000000000e+04,3.200000000000000000e+02,3.120000000000000000e+02,-6.150000000000000000e+02,2.100000000000000000e+01,2.100000000000000000e+01
1.680080649298541546e+09,1.611200000000000000e+04,3.480000000000000000e+02,3.880000000000000000e+02,-6.420000000000000000e+02,3.300000000000000000e+01,3.100000000000000000e+01
1.680080649299389839e+09,1.616000000000000000e+04,3.640000000000000000e+02,3.520000000000000000e+02,-6.380000000000000000e+02,1.400000000000000000e+01,3.900000000000000000e+01
1.680080649300443172e+09,1.616800000000000000e+04,2.960000000000000000e+02,2.440000000000000000e+02,-5.950000000000000000e+02,2.100000000000000000e+01,4.400000000000000000e+01
1.680080649301312923e+09,1.618000000000000000e+04,3.600000000000000000e+02,3.320000000000000000e+02,-6.020000000000000000e+02,4.500000000000000000e+01,3.900000000000000000e+01
1.680080649302157879e+09,1.614000000000000000e+04,3.720000000000000000e+02,2.720000000000000000e+02,-6.500000000000000000e+02,5.900000000000000000e+01,3.600000000000000000e+01
1.680080649302980185e+09,1.603200000000000000e+04,4.280000000000000000e+02,3.520000000000000000e+02,-6.750000000000000000e+02,5.000000000000000000e+01,3.300000000000000000e+01
1.680080649304008961e+09,1.603200000000000000e+04,4.280000000000000000e+02,3.520000000000000000e+02,-6.580000000000000000e+02,3.200000000000000000e+01,3.400000000000000000e+01
1.680080649304837704e+09,1.613200000000000000e+04,3.440000000000000000e+02,3.320000000000000000e+02,-6.110000000000000000e+02,2.600000000000000000e+01,4.600000000000000000e+01
1.680080649305745840e+09,1.620800000000000000e+04,3.560000000000000000e+02,4.120000000000000000e+02,-6.080000000000000000e+02,4.400000000000000000e+01,4.100000000000000000e+01
1.680080649306922913e+09,1.619600000000000000e+04,3.320000000000000000e+02,4.880000000000000000e+02,-6.530000000000000000e+02,5.000000000000000000e+01,4.500000000000000000e+01
1.680080649307757139e+09,1.615600000000000000e+04,4.040000000000000000e+02,2.720000000000000000e+02,-6.870000000000000000e+02,4.000000000000000000e+01,3.300000000000000000e+01
1.680080649308602571e+09,1.616400000000000000e+04,3.760000000000000000e+02,2.840000000000000000e+02,-6.540000000000000000e+02,4.300000000000000000e+01,3.200000000000000000e+01
1.680080649309417248e+09,1.628400000000000000e+04,3.840000000000000000e+02,3.200000000000000000e+02,-6.370000000000000000e+02,5.300000000000000000e+01,2.200000000000000000e+01
1.680080649310515642e+09,1.626000000000000000e+04,3.480000000000000000e+02,3.640000000000000000e+02,-6.510000000000000000e+02,3.900000000000000000e+01,1.100000000000000000e+01
1.680080649311360836e+09,1.627600000000000000e+04,3.640000000000000000e+02,2.240000000000000000e+02,-6.390000000000000000e+02,3.400000000000000000e+01,1.100000000000000000e+01
1.680080649312267065e+09,1.628000000000000000e+04,4.040000000000000000e+02,2.080000000000000000e+02,-6.360000000000000000e+02,4.800000000000000000e+01,2.700000000000000000e+01
1.680080649313573599e+09,1.623600000000000000e+04,3.120000000000000000e+02,3.080000000000000000e+02,-6.420000000000000000e+02,4.200000000000000000e+01,3.100000000000000000e+01
1.680080649314476013e+09,1.616800000000000000e+04,2.760000000000000000e+02,2.520000000000000000e+02,-5.750000000000000000e+02,3.200000000000000000e+01,6.000000000000000000e+01
1.680080649315446854e+09,1.624400000000000000e+04,3.000000000000000000e+02,2.680000000000000000e+02,-5.750000000000000000e+02,5.300000000000000000e+01,5.700000000000000000e+01
1.680080649316499472e+09,1.628400000000000000e+04,3.320000000000000000e+02,2.200000000000000000e+02,-6.260000000000000000e+02,7.000000000000000000e+01,3.600000000000000000e+01
1.680080649317343235e+09,1.627200000000000000e+04,3.280000000000000000e+02,2.800000000000000000e+02,-6.920000000000000000e+02,3.700000000000000000e+01,1.000000000000000000e+01
1.680080649318365335e+09,1.614800000000000000e+04,2.560000000000000000e+02,2.680000000000000000e+02,-6.640000000000000000e+02,3.200000000000000000e+01,2.700000000000000000e+01
1.680080649319196224e+09,1.620400000000000000e+04,2.880000000000000000e+02,2.520000000000000000e+02,-6.230000000000000000e+02,3.700000000000000000e+01,3.000000000000000000e+01
1.680080649320325851e+09,1.619600000000000000e+04,2.720000000000000000e+02,2.840000000000000000e+02,-6.380000000000000000e+02,3.000000000000000000e+01,4.400000000000000000e+01
1.680080649321167707e+09,1.575200000000000000e+04,2.960000000000000000e+02,2.240000000000000000e+02,-6.730000000000000000e+02,4.400000000000000000e+01,4.200000000000000000e+01
1.680080649321977377e+09,1.624000000000000000e+04,2.320000000000000000e+02,1.520000000000000000e+02,-6.690000000000000000e+02,6.400000000000000000e+01,4.000000000000000000e+01
1.680080649322982311e+09,1.624000000000000000e+04,2.320000000000000000e+02,1.520000000000000000e+02,-6.420000000000000000e+02,5.700000000000000000e+01,3.600000000000000000e+01
1.680080649323828459e+09,1.640800000000000000e+04,3.240000000000000000e+02,2.280000000000000000e+02,-6.330000000000000000e+02,5.200000000000000000e+01,2.400000000000000000e+01
1.680080649324679136e+09,1.640800000000000000e+04,3.240000000000000000e+02,2.280000000000000000e+02,-6.460000000000000000e+02,3.800000000000000000e+01,2.200000000000000000e+01
1.680080649325668812e+09,1.602000000000000000e+04,2.960000000000000000e+02,2.560000000000000000e+02,-6.330000000000000000e+02,3.000000000000000000e+00,3.800000000000000000e+01
1.680080649326697826e+09,1.592800000000000000e+04,3.880000000000000000e+02,2.640000000000000000e+02,-6.130000000000000000e+02,2.200000000000000000e+01,6.700000000000000000e+01
1.680080649327758551e+09,1.591600000000000000e+04,3.800000000000000000e+02,1.680000000000000000e+02,-6.280000000000000000e+02,5.200000000000000000e+01,7.000000000000000000e+01
1.680080649328583956e+09,1.621200000000000000e+04,4.000000000000000000e+02,2.400000000000000000e+02,-6.460000000000000000e+02,5.600000000000000000e+01,6.700000000000000000e+01
1.680080649329636812e+09,1.626400000000000000e+04,3.760000000000000000e+02,2.000000000000000000e+02,-6.730000000000000000e+02,3.800000000000000000e+01,6.000000000000000000e+01
1.680080649330540180e+09,1.632800000000000000e+04,3.880000000000000000e+02,2.160000000000000000e+02,-6.510000000000000000e+02,4.400000000000000000e+01,6.000000000000000000e+01
1.680080649331464767e+09,1.629200000000000000e+04,3.160000000000000000e+02,4.720000000000000000e+02,-6.400000000000000000e+02,4.100000000000000000e+01,5.600000000000000000e+01
1.680080649332464218e+09,1.624800000000000000e+04,3.400000000000000000e+02,4.760000000000000000e+02,-6.200000000000000000e+02,2.800000000000000000e+01,2.300000000000000000e+01
1.680080649333367586e+09,1.600800000000000000e+04,3.880000000000000000e+02,3.000000000000000000e+02,-6.170000000000000000e+02,3.800000000000000000e+01,2.000000000000000000e+01
1.680080649334240198e+09,1.594400000000000000e+04,4.360000000000000000e+02,2.640000000000000000e+02,-6.180000000000000000e+02,2.300000000000000000e+01,2.500000000000000000e+01
1.680080649335071325e+09,1.616800000000000000e+04,4.320000000000000000e+02,3.120000000000000000e+02,-6.350000000000000000e+02,3.400000000000000000e+01,3.400000000000000000e+01
1.680080649336166620e+09,1.637200000000000000e+04,3.440000000000000000e+02,2.560000000000000000e+02,-6.410000000000000000e+02,6.300000000000000000e+01,4.300000000000000000e+01
1.680080649337008238e+09,1.638400000000000000e+04,3.320000000000000000e+02,4.000000000000000000e+02,-6.530000000000000000e+02,6.100000000000000000e+01,5.200000000000000000e+01
1.680080649338102102e+09,1.612400000000000000e+04,2.480000000000000000e+02,1.880000000000000000e+02,-6.470000000000000000e+02,3.500000000000000000e+01,3.900000000000000000e+01
1.680080649339198351e+09,1.632400000000000000e+04,3.080000000000000000e+02,3.400000000000000000e+02,-6.170000000000000000e+02,1.900000000000000000e+01,3.000000000000000000e+01
1.680080649340030909e+09,1.616400000000000000e+04,3.400000000000000000e+02,2.360000000000000000e+02,-6.210000000000000000e+02,2.200000000000000000e+01,3.400000000000000000e+01
1.680080649340965748e+09,1.598400000000000000e+04,3.800000000000000000e+02,1.920000000000000000e+02,-6.400000000000000000e+02,3.200000000000000000e+01,2.900000000000000000e+01
1.680080649341804743e+09,1.611600000000000000e+04,3.120000000000000000e+02,1.640000000000000000e+02,-6.400000000000000000e+02,4.400000000000000000e+01,4.300000000000000000e+01
1.680080649342803478e+09,1.635600000000000000e+04,3.640000000000000000e+02,2.600000000000000000e+02,-6.310000000000000000e+02,4.300000000000000000e+01,5.900000000000000000e+01
1.680080649343763351e+09,1.635600000000000000e+04,3.640000000000000000e+02,2.600000000000000000e+02,-6.540000000000000000e+02,2.500000000000000000e+01,5.700000000000000000e+01
1.680080649344651937e+09,1.628000000000000000e+04,3.080000000000000000e+02,2.320000000000000000e+02,-6.340000000000000000e+02,1.700000000000000000e+01,4.600000000000000000e+01
1.680080649345662832e+09,1.603200000000000000e+04,3.480000000000000000e+02,3.640000000000000000e+02,-6.020000000000000000e+02,4.500000000000000000e+01,3.800000000000000000e+01
1.680080649346606255e+09,1.614400000000000000e+04,4.520000000000000000e+02,3.760000000000000000e+02,-6.030000000000000000e+02,7.800000000000000000e+01,3.500000000000000000e+01
1.680080649347461700e+09,1.618000000000000000e+04,4.160000000000000000e+02,3.160000000000000000e+02,-6.470000000000000000e+02,4.900000000000000000e+01,2.400000000000000000e+01
1.680080649348279476e+09,1.620000000000000000e+04,3.320000000000000000e+02,3.760000000000000000e+02,-6.590000000000000000e+02,2.000000000000000000e+01,3.500000000000000000e+01
1.680080649349494934e+09,1.626400000000000000e+04,4.320000000000000000e+02,3.520000000000000000e+02,-6.070000000000000000e+02,4.100000000000000000e+01,5.500000000000000000e+01
1.680080649350337744e+09,1.634400000000000000e+04,3.480000000000000000e+02,3.800000000000000000e+02,-6.040000000000000000e+02,4.900000000000000000e+01,4.800000000000000000e+01
1.680080649351159573e+09,1.624400000000000000e+04,2.000000000000000000e+02,2.760000000000000000e+02,-6.310000000000000000e+02,6.400000000000000000e+01,1.600000000000000000e+01
1.680080649352295637e+09,1.602400000000000000e+04,2.680000000000000000e+02,1.000000000000000000e+02,-6.730000000000000000e+02,5.800000000000000000e+01,1.300000000000000000e+01
1.680080649353115082e+09,1.616000000000000000e+04,3.000000000000000000e+02,2.320000000000000000e+02,-6.450000000000000000e+02,5.500000000000000000e+01,2.000000000000000000e+00
1.680080649353963614e+09,1.622800000000000000e+04,3.880000000000000000e+02,1.920000000000000000e+02,-6.130000000000000000e+02,5.800000000000000000e+01,4.100000000000000000e+01
1.680080649354895592e+09,1.617200000000000000e+04,3.520000000000000000e+02,1.800000000000000000e+02,-6.170000000000000000e+02,3.500000000000000000e+01,5.800000000000000000e+01
1.680080649355881691e+09,1.614400000000000000e+04,2.800000000000000000e+02,2.880000000000000000e+02,-6.130000000000000000e+02,8.000000000000000000e+00,5.800000000000000000e+01
1.680080649357035875e+09,1.620800000000000000e+04,2.760000000000000000e+02,3.560000000000000000e+02,-5.720000000000000000e+02,4.300000000000000000e+01,4.300000000000000000e+01
1.680080649357873440e+09,1.614800000000000000e+04,2.760000000000000000e+02,2.760000000000000000e+02,-5.960000000000000000e+02,7.800000000000000000e+01,1.800000000000000000e+01
1.680080649358946562e+09,1.614400000000000000e+04,3.120000000000000000e+02,3.040000000000000000e+02,-6.420000000000000000e+02,7.900000000000000000e+01,2.000000000000000000e+01
1.680080649359825611e+09,1.627200000000000000e+04,3.200000000000000000e+02,3.280000000000000000e+02,-6.540000000000000000e+02,4.200000000000000000e+01,2.700000000000000000e+01
1.680080649360671043e+09,1.605200000000000000e+04,3.800000000000000000e+02,3.480000000000000000e+02,-6.060000000000000000e+02,1.700000000000000000e+01,2.600000000000000000e+01
1.680080649361738920e+09,1.605200000000000000e+04,3.800000000000000000e+02,3.480000000000000000e+02,-5.910000000000000000e+02,3.000000000000000000e+01,2.600000000000000000e+01
1.680080649362581968e+09,1.599600000000000000e+04,3.360000000000000000e+02,3.680000000000000000e+02,-6.160000000000000000e+02,3.400000000000000000e+01,2.800000000000000000e+01
1.680080649363422632e+09,1.632000000000000000e+04,3.360000000000000000e+02,3.360000000000000000e+02,-6.570000000000000000e+02,1.600000000000000000e+01,2.600000000000000000e+01
1.680080649364243746e+09,1.627200000000000000e+04,3.480000000000000000e+02,3.840000000000000000e+02,-6.570000000000000000e+02,1.400000000000000000e+01,3.200000000000000000e+01
1.680080649365308046e+09,1.602400000000000000e+04,2.840000000000000000e+02,3.320000000000000000e+02,-6.060000000000000000e+02,4.100000000000000000e+01,3.400000000000000000e+01
1.680080649366136551e+09,1.604800000000000000e+04,2.920000000000000000e+02,4.240000000000000000e+02,-5.940000000000000000e+02,7.900000000000000000e+01,1.800000000000000000e+01
1.680080649367088079e+09,1.634000000000000000e+04,3.080000000000000000e+02,3.680000000000000000e+02,-6.280000000000000000e+02,6.400000000000000000e+01,3.800000000000000000e+01
1.680080649368246078e+09,1.641600000000000000e+04,3.520000000000000000e+02,2.040000000000000000e+02,-6.570000000000000000e+02,3.600000000000000000e+01,4.500000000000000000e+01
1.680080649369068623e+09,1.615200000000000000e+04,3.760000000000000000e+02,4.240000000000000000e+02,-6.500000000000000000e+02,5.000000000000000000e+01,3.200000000000000000e+01
1.680080649370224237e+09,1.609600000000000000e+04,2.920000000000000000e+02,2.800000000000000000e+02,-6.630000000000000000e+02,5.200000000000000000e+01,3.700000000000000000e+01
1.680080649371215105e+09,1.619200000000000000e+04,3.880000000000000000e+02,1.400000000000000000e+02,-6.530000000000000000e+02,4.600000000000000000e+01,4.700000000000000000e+01
1.680080649372155905e+09,1.627200000000000000e+04,3.400000000000000000e+02,1.520000000000000000e+02,-6.420000000000000000e+02,5.400000000000000000e+01,5.200000000000000000e+01
1.680080649373017073e+09,1.642400000000000000e+04,2.920000000000000000e+02,3.760000000000000000e+02,-6.340000000000000000e+02,3.400000000000000000e+01,5.000000000000000000e+01
1.680080649373858213e+09,1.612000000000000000e+04,2.880000000000000000e+02,3.640000000000000000e+02,-6.300000000000000000e+02,3.300000000000000000e+01,3.600000000000000000e+01
1.680080649374991179e+09,1.614400000000000000e+04,2.800000000000000000e+02,4.560000000000000000e+02,-6.430000000000000000e+02,1.200000000000000000e+01,4.700000000000000000e+01
1.680080649375847101e+09,1.636000000000000000e+04,3.760000000000000000e+02,5.720000000000000000e+02,-6.050000000000000000e+02,1.800000000000000000e+01,4.800000000000000000e+01
1.680080649376786947e+09,1.625600000000000000e+04,3.480000000000000000e+02,6.400000000000000000e+02,-6.080000000000000000e+02,3.200000000000000000e+01,3.600000000000000000e+01
1.680080649377914906e+09,1.618000000000000000e+04,2.840000000000000000e+02,4.320000000000000000e+02,-6.470000000000000000e+02,8.000000000000000000e+01,4.700000000000000000e+01
1.680080649378740549e+09,1.616000000000000000e+04,2.880000000000000000e+02,4.240000000000000000e+02,-6.780000000000000000e+02,6.600000000000000000e+01,4.800000000000000000e+01
1.680080649379594564e+09,1.616000000000000000e+04,2.880000000000000000e+02,4.240000000000000000e+02,-6.520000000000000000e+02,2.200000000000000000e+01,5.100000000000000000e+01
1.680080649380422831e+09,1.612800000000000000e+04,2.240000000000000000e+02,3.400000000000000000e+02,-6.300000000000000000e+02,2.700000000000000000e+01,4.400000000000000000e+01
1.680080649381534815e+09,1.617600000000000000e+04,2.760000000000000000e+02,2.680000000000000000e+02,-6.390000000000000000e+02,4.800000000000000000e+01,2.800000000000000000e+01
1.680080649382418633e+09,1.621200000000000000e+04,3.120000000000000000e+02,3.480000000000000000e+02,-6.350000000000000000e+02,4.900000000000000000e+01,8.000000000000000000e+00
1.680080649383264542e+09,1.628800000000000000e+04,2.960000000000000000e+02,4.000000000000000000e+02,-6.250000000000000000e+02,7.200000000000000000e+01,4.000000000000000000e+00
1.680080649384365082e+09,1.613200000000000000e+04,2.960000000000000000e+02,4.040000000000000000e+02,-6.270000000000000000e+02,7.300000000000000000e+01,3.000000000000000000e+00
1.680080649385190964e+09,1.602800000000000000e+04,3.360000000000000000e+02,4.320000000000000000e+02,-6.380000000000000000e+02,3.500000000000000000e+01,2.700000000000000000e+01
1.680080649386031151e+09,1.618000000000000000e+04,3.400000000000000000e+02,2.680000000000000000e+02,-6.020000000000000000e+02,2.200000000000000000e+01,4.400000000000000000e+01
1.680080649386979580e+09,1.619200000000000000e+04,2.920000000000000000e+02,4.000000000000000000e+02,-5.890000000000000000e+02,2.100000000000000000e+01,3.600000000000000000e+01
1.680080649388005972e+09,1.613200000000000000e+04,3.000000000000000000e+02,2.520000000000000000e+02,-6.270000000000000000e+02,5.400000000000000000e+01,1.400000000000000000e+01
1.680080649389097214e+09,1.621600000000000000e+04,3.400000000000000000e+02,3.760000000000000000e+02,-6.730000000000000000e+02,3.400000000000000000e+01,2.400000000000000000e+01
1.680080649389928818e+09,1.613200000000000000e+04,3.160000000000000000e+02,3.400000000000000000e+02,-6.450000000000000000e+02,1.000000000000000000e+01,5.200000000000000000e+01
1.680080649390990734e+09,1.617200000000000000e+04,2.480000000000000000e+02,3.040000000000000000e+02,-5.940000000000000000e+02,2.000000000000000000e+01,5.200000000000000000e+01
1.680080649391917229e+09,1.646800000000000000e+04,3.960000000000000000e+02,2.680000000000000000e+02,-6.140000000000000000e+02,6.000000000000000000e+01,4.200000000000000000e+01
1.680080649392845154e+09,1.637200000000000000e+04,3.600000000000000000e+02,5.080000000000000000e+02,-6.590000000000000000e+02,6.200000000000000000e+01,2.400000000000000000e+01
1.680080649393833876e+09,1.612800000000000000e+04,3.240000000000000000e+02,2.800000000000000000e+02,-6.690000000000000000e+02,6.400000000000000000e+01,2.000000000000000000e+01
1.680080649394769430e+09,1.597600000000000000e+04,3.120000000000000000e+02,2.760000000000000000e+02,-6.530000000000000000e+02,5.900000000000000000e+01,3.200000000000000000e+01
1.680080649395617723e+09,1.619600000000000000e+04,2.800000000000000000e+02,2.680000000000000000e+02,-6.410000000000000000e+02,4.000000000000000000e+01,4.800000000000000000e+01
1.680080649396467924e+09,1.619600000000000000e+04,2.800000000000000000e+02,2.680000000000000000e+02,-6.300000000000000000e+02,1.000000000000000000e+01,4.600000000000000000e+01
1.680080649397689104e+09,1.620400000000000000e+04,2.240000000000000000e+02,4.080000000000000000e+02,-6.010000000000000000e+02,3.000000000000000000e+00,4.000000000000000000e+01
1.680080649398593426e+09,1.608400000000000000e+04,2.720000000000000000e+02,4.160000000000000000e+02,-6.110000000000000000e+02,6.600000000000000000e+01,4.300000000000000000e+01
1.680080649399782896e+09,1.615200000000000000e+04,3.240000000000000000e+02,4.200000000000000000e+02,-6.460000000000000000e+02,6.000000000000000000e+01,3.700000000000000000e+01
1.680080649401182652e+09,1.627600000000000000e+04,2.800000000000000000e+02,3.640000000000000000e+02,-6.640000000000000000e+02,5.100000000000000000e+01,4.100000000000000000e+01
1.680080649402173042e+09,1.631200000000000000e+04,2.960000000000000000e+02,6.400000000000000000e+02,-6.250000000000000000e+02,3.700000000000000000e+01,3.000000000000000000e+01
1.680080649403061867e+09,1.607600000000000000e+04,2.720000000000000000e+02,3.640000000000000000e+02,-6.120000000000000000e+02,3.500000000000000000e+01,2.600000000000000000e+01
1.680080649404190540e+09,1.600800000000000000e+04,3.000000000000000000e+02,3.560000000000000000e+02,-6.390000000000000000e+02,5.500000000000000000e+01,4.200000000000000000e+01
1.680080649405299902e+09,1.617600000000000000e+04,2.680000000000000000e+02,3.400000000000000000e+02,-6.490000000000000000e+02,2.000000000000000000e+01,5.500000000000000000e+01
1.680080649406211853e+09,1.615600000000000000e+04,2.560000000000000000e+02,3.000000000000000000e+02,-6.140000000000000000e+02,2.000000000000000000e+01,3.800000000000000000e+01
1.680080649407397747e+09,1.621200000000000000e+04,2.560000000000000000e+02,2.280000000000000000e+02,-6.290000000000000000e+02,3.100000000000000000e+01,1.500000000000000000e+01
1.680080649408299208e+09,1.633200000000000000e+04,2.800000000000000000e+02,3.440000000000000000e+02,-6.490000000000000000e+02,2.900000000000000000e+01,3.400000000000000000e+01
1.680080649409324884e+09,1.618800000000000000e+04,2.800000000000000000e+02,3.600000000000000000e+02,-6.280000000000000000e+02,6.300000000000000000e+01,3.000000000000000000e+01
1.680080649410511971e+09,1.611200000000000000e+04,2.600000000000000000e+02,3.360000000000000000e+02,-6.340000000000000000e+02,3.300000000000000000e+01,2.800000000000000000e+01
1.680080649411509991e+09,1.622000000000000000e+04,2.960000000000000000e+02,2.760000000000000000e+02,-6.360000000000000000e+02,2.000000000000000000e+01,4.500000000000000000e+01
1.680080649412546396e+09,1.645200000000000000e+04,2.720000000000000000e+02,2.680000000000000000e+02,-6.540000000000000000e+02,4.700000000000000000e+01,4.000000000000000000e+01
1.680080649413794518e+09,1.606800000000000000e+04,1.440000000000000000e+02,4.040000000000000000e+02,-6.560000000000000000e+02,4.200000000000000000e+01,2.600000000000000000e+01
1.680080649414741993e+09,1.601200000000000000e+04,1.240000000000000000e+02,3.440000000000000000e+02,-6.140000000000000000e+02,3.000000000000000000e+01,3.900000000000000000e+01
1.680080649415780067e+09,1.629200000000000000e+04,2.200000000000000000e+02,3.200000000000000000e+02,-6.120000000000000000e+02,5.600000000000000000e+01,2.700000000000000000e+01
1.680080649416985750e+09,1.628800000000000000e+04,1.240000000000000000e+02,3.320000000000000000e+02,-6.350000000000000000e+02,4.900000000000000000e+01,1.400000000000000000e+01
1.680080649418009043e+09,1.612400000000000000e+04,1.960000000000000000e+02,3.000000000000000000e+02,-6.110000000000000000e+02,5.000000000000000000e+01,1.900000000000000000e+01
1.680080649419015169e+09,1.625200000000000000e+04,1.760000000000000000e+02,4.080000000000000000e+02,-6.310000000000000000e+02,4.300000000000000000e+01,2.300000000000000000e+01
1.680080649420313597e+09,1.608800000000000000e+04,1.760000000000000000e+02,3.320000000000000000e+02,-6.610000000000000000e+02,6.000000000000000000e+00,4.400000000000000000e+01
1.680080649421245813e+09,1.622000000000000000e+04,2.000000000000000000e+02,2.600000000000000000e+02,-6.170000000000000000e+02,3.200000000000000000e+01,4.500000000000000000e+01
1.680080649422336817e+09,1.628000000000000000e+04,2.440000000000000000e+02,4.080000000000000000e+02,-5.970000000000000000e+02,6.300000000000000000e+01,3.800000000000000000e+01
1.680080649423431873e+09,1.606000000000000000e+04,2.600000000000000000e+02,3.040000000000000000e+02,-6.380000000000000000e+02,5.900000000000000000e+01,4.200000000000000000e+01
1.680080649424292088e+09,1.603200000000000000e+04,2.160000000000000000e+02,4.520000000000000000e+02,-6.750000000000000000e+02,2.200000000000000000e+01,3.400000000000000000e+01
1.680080649425156355e+09,1.636800000000000000e+04,2.440000000000000000e+02,5.040000000000000000e+02,-6.310000000000000000e+02,2.600000000000000000e+01,2.500000000000000000e+01
1.680080649425989866e+09,1.616000000000000000e+04,1.280000000000000000e+02,4.040000000000000000e+02,-5.990000000000000000e+02,4.000000000000000000e+01,2.500000000000000000e+01
1.680080649427143097e+09,1.614400000000000000e+04,2.440000000000000000e+02,2.000000000000000000e+02,-5.970000000000000000e+02,5.000000000000000000e+01,3.300000000000000000e+01
1.680080649427993536e+09,1.635200000000000000e+04,2.760000000000000000e+02,4.720000000000000000e+02,-6.500000000000000000e+02,3.500000000000000000e+01,3.600000000000000000e+01
1.680080649428846836e+09,1.594000000000000000e+04,1.960000000000000000e+02,3.520000000000000000e+02,-6.580000000000000000e+02,2.700000000000000000e+01,4.300000000000000000e+01
1.680080649429847002e+09,1.610000000000000000e+04,1.880000000000000000e+02,2.320000000000000000e+02,-6.370000000000000000e+02,2.800000000000000000e+01,6.000000000000000000e+01
1.680080649430760145e+09,1.644800000000000000e+04,1.600000000000000000e+02,5.080000000000000000e+02,-6.640000000000000000e+02,5.400000000000000000e+01,7.600000000000000000e+01
1.680080649431608438e+09,1.634800000000000000e+04,1.640000000000000000e+02,4.000000000000000000e+02,-6.890000000000000000e+02,3.800000000000000000e+01,5.500000000000000000e+01
1.680080649432438612e+09,1.608000000000000000e+04,1.920000000000000000e+02,5.080000000000000000e+02,-6.500000000000000000e+02,1.900000000000000000e+01,3.800000000000000000e+01
1.680080649433507919e+09,1.608000000000000000e+04,1.920000000000000000e+02,5.080000000000000000e+02,-6.150000000000000000e+02,2.600000000000000000e+01,3.100000000000000000e+01
1.680080649434448719e+09,1.589200000000000000e+04,2.160000000000000000e+02,3.280000000000000000e+02,-6.250000000000000000e+02,6.300000000000000000e+01,4.800000000000000000e+01
1.680080649435290098e+09,1.622800000000000000e+04,2.480000000000000000e+02,3.920000000000000000e+02,-6.370000000000000000e+02,6.400000000000000000e+01,5.600000000000000000e+01
1.680080649436327696e+09,1.642400000000000000e+04,2.360000000000000000e+02,2.800000000000000000e+02,-6.360000000000000000e+02,1.600000000000000000e+01,5.500000000000000000e+01
1.680080649437230349e+09,1.633600000000000000e+04,2.320000000000000000e+02,3.240000000000000000e+02,-5.950000000000000000e+02,1.800000000000000000e+01,3.600000000000000000e+01
1.680080649438090801e+09,1.610000000000000000e+04,3.440000000000000000e+02,3.320000000000000000e+02,-6.020000000000000000e+02,6.100000000000000000e+01,3.200000000000000000e+01
1.680080649438917398e+09,1.614000000000000000e+04,3.600000000000000000e+02,3.200000000000000000e+02,-6.330000000000000000e+02,5.300000000000000000e+01,4.800000000000000000e+01
1.680080649439992666e+09,1.628400000000000000e+04,2.120000000000000000e+02,4.000000000000000000e+02,-6.630000000000000000e+02,3.700000000000000000e+01,5.200000000000000000e+01
1.680080649441001415e+09,1.632400000000000000e+04,1.280000000000000000e+02,2.640000000000000000e+02,-6.200000000000000000e+02,4.800000000000000000e+01,2.700000000000000000e+01
1.680080649441829443e+09,1.617600000000000000e+04,1.480000000000000000e+02,2.840000000000000000e+02,-5.990000000000000000e+02,5.300000000000000000e+01,8.000000000000000000e+00
1.680080649442967892e+09,1.606000000000000000e+04,2.400000000000000000e+02,8.800000000000000000e+01,-6.120000000000000000e+02,3.600000000000000000e+01,2.500000000000000000e+01
1.680080649443791389e+09,1.633200000000000000e+04,2.360000000000000000e+02,2.520000000000000000e+02,-5.980000000000000000e+02,2.900000000000000000e+01,4.100000000000000000e+01
1.680080649444645166e+09,1.632800000000000000e+04,1.920000000000000000e+02,4.320000000000000000e+02,-6.210000000000000000e+02,2.600000000000000000e+01,3.000000000000000000e+01
1.680080649445562840e+09,1.591600000000000000e+04,2.440000000000000000e+02,2.960000000000000000e+02,-6.590000000000000000e+02,5.700000000000000000e+01,3.100000000000000000e+01
1.680080649446626902e+09,1.590000000000000000e+04,2.840000000000000000e+02,3.800000000000000000e+02,-6.730000000000000000e+02,4.600000000000000000e+01,4.200000000000000000e+01
1.680080649447586775e+09,1.608400000000000000e+04,2.560000000000000000e+02,3.280000000000000000e+02,-6.510000000000000000e+02,4.300000000000000000e+01,4.400000000000000000e+01
1.680080649448423386e+09,1.604400000000000000e+04,3.080000000000000000e+02,2.120000000000000000e+02,-6.170000000000000000e+02,4.800000000000000000e+01,2.800000000000000000e+01
1.680080649449566364e+09,1.604400000000000000e+04,3.080000000000000000e+02,2.120000000000000000e+02,-6.280000000000000000e+02,4.000000000000000000e+01,1.100000000000000000e+01
1.680080649450421810e+09,1.626400000000000000e+04,2.120000000000000000e+02,2.480000000000000000e+02,-6.440000000000000000e+02,3.500000000000000000e+01,5.000000000000000000e+00
1.680080649451349258e+09,1.620000000000000000e+04,1.800000000000000000e+02,2.880000000000000000e+02,-6.330000000000000000e+02,4.200000000000000000e+01,1.400000000000000000e+01
1.680080649452341080e+09,1.620000000000000000e+04,1.800000000000000000e+02,2.880000000000000000e+02,-6.230000000000000000e+02,4.600000000000000000e+01,2.600000000000000000e+01
1.680080649453253984e+09,1.617200000000000000e+04,3.240000000000000000e+02,4.920000000000000000e+02,-6.410000000000000000e+02,5.100000000000000000e+01,3.800000000000000000e+01
1.680080649454104900e+09,1.620800000000000000e+04,2.960000000000000000e+02,2.840000000000000000e+02,-6.530000000000000000e+02,3.300000000000000000e+01,2.900000000000000000e+01
1.680080649454921484e+09,1.615600000000000000e+04,3.480000000000000000e+02,3.080000000000000000e+02,-6.280000000000000000e+02,2.800000000000000000e+01,2.700000000000000000e+01
1.680080649455990076e+09,1.623600000000000000e+04,3.520000000000000000e+02,2.960000000000000000e+02,-6.030000000000000000e+02,3.400000000000000000e+01,4.000000000000000000e+01
1.680080649456866503e+09,1.634400000000000000e+04,3.720000000000000000e+02,2.920000000000000000e+02,-6.370000000000000000e+02,2.900000000000000000e+01,3.600000000000000000e+01
1.680080649457810879e+09,1.629200000000000000e+04,2.760000000000000000e+02,4.680000000000000000e+02,-6.380000000000000000e+02,5.500000000000000000e+01,2.400000000000000000e+01
1.680080649458983421e+09,1.621200000000000000e+04,3.080000000000000000e+02,4.040000000000000000e+02,-6.500000000000000000e+02,4.900000000000000000e+01,2.600000000000000000e+01
1.680080649459815979e+09,1.625600000000000000e+04,2.760000000000000000e+02,3.240000000000000000e+02,-6.470000000000000000e+02,4.100000000000000000e+01,2.400000000000000000e+01
1.680080649460725307e+09,1.615200000000000000e+04,2.840000000000000000e+02,1.640000000000000000e+02,-6.300000000000000000e+02,5.500000000000000000e+01,3.200000000000000000e+01
1.680080649461640596e+09,1.614400000000000000e+04,2.880000000000000000e+02,2.040000000000000000e+02,-6.480000000000000000e+02,5.600000000000000000e+01,3.300000000000000000e+01
1.680080649462632895e+09,1.618400000000000000e+04,2.560000000000000000e+02,2.520000000000000000e+02,-6.480000000000000000e+02,4.900000000000000000e+01,2.300000000000000000e+01
1.680080649463587999e+09,1.611200000000000000e+04,3.160000000000000000e+02,2.440000000000000000e+02,-6.390000000000000000e+02,5.300000000000000000e+01,2.300000000000000000e+01
1.680080649464516640e+09,1.607600000000000000e+04,3.480000000000000000e+02,3.200000000000000000e+02,-6.480000000000000000e+02,6.300000000000000000e+01,2.000000000000000000e+01
1.680080649465592146e+09,1.616800000000000000e+04,3.760000000000000000e+02,3.400000000000000000e+02,-6.370000000000000000e+02,6.700000000000000000e+01,1.200000000000000000e+01
1.680080649466532946e+09,1.615200000000000000e+04,2.360000000000000000e+02,3.760000000000000000e+02,-6.260000000000000000e+02,5.300000000000000000e+01,2.300000000000000000e+01
1.680080649467482328e+09,1.604800000000000000e+04,2.560000000000000000e+02,3.040000000000000000e+02,-6.690000000000000000e+02,4.700000000000000000e+01,3.300000000000000000e+01
1.680080649469792843e+09,1.617200000000000000e+04,3.200000000000000000e+02,3.280000000000000000e+02,-6.560000000000000000e+02,3.600000000000000000e+01,4.000000000000000000e+01
1.680080649470742941e+09,1.623200000000000000e+04,3.240000000000000000e+02,3.040000000000000000e+02,-6.210000000000000000e+02,4.100000000000000000e+01,4.000000000000000000e+01
1.680080649471616745e+09,1.623200000000000000e+04,3.800000000000000000e+02,2.760000000000000000e+02,-6.320000000000000000e+02,1.200000000000000000e+01,4.000000000000000000e+01
1.680080649472447395e+09,1.618400000000000000e+04,3.440000000000000000e+02,2.600000000000000000e+02,-6.210000000000000000e+02,2.300000000000000000e+01,3.900000000000000000e+01
1.680080649473445654e+09,1.610800000000000000e+04,3.320000000000000000e+02,2.640000000000000000e+02,-6.220000000000000000e+02,3.200000000000000000e+01,4.400000000000000000e+01
1.680080649474306345e+09,1.612000000000000000e+04,3.680000000000000000e+02,4.080000000000000000e+02,-6.340000000000000000e+02,5.100000000000000000e+01,4.400000000000000000e+01
1.680080649475187540e+09,1.612000000000000000e+04,3.680000000000000000e+02,4.080000000000000000e+02,-6.710000000000000000e+02,5.100000000000000000e+01,3.900000000000000000e+01
1.680080649476031780e+09,1.622400000000000000e+04,4.240000000000000000e+02,4.000000000000000000e+02,-6.700000000000000000e+02,4.300000000000000000e+01,4.200000000000000000e+01
1.680080649477137089e+09,1.621200000000000000e+04,3.360000000000000000e+02,3.400000000000000000e+02,-6.370000000000000000e+02,4.100000000000000000e+01,3.900000000000000000e+01
1.680080649478015900e+09,1.617200000000000000e+04,3.400000000000000000e+02,3.240000000000000000e+02,-6.040000000000000000e+02,4.700000000000000000e+01,2.400000000000000000e+01
1.680080649478824854e+09,1.614400000000000000e+04,3.000000000000000000e+02,2.480000000000000000e+02,-6.220000000000000000e+02,7.300000000000000000e+01,2.400000000000000000e+01
1.680080649479790688e+09,1.612800000000000000e+04,2.960000000000000000e+02,2.160000000000000000e+02,-6.600000000000000000e+02,7.100000000000000000e+01,2.800000000000000000e+01
1.680080649480633259e+09,1.605200000000000000e+04,3.920000000000000000e+02,2.040000000000000000e+02,-6.470000000000000000e+02,6.200000000000000000e+01,3.000000000000000000e+01
1.680080649481499195e+09,1.620400000000000000e+04,3.720000000000000000e+02,2.560000000000000000e+02,-6.310000000000000000e+02,5.600000000000000000e+01,1.900000000000000000e+01
1.680080649482339621e+09,1.622400000000000000e+04,4.360000000000000000e+02,3.320000000000000000e+02,-6.270000000000000000e+02,5.800000000000000000e+01,-1.000000000000000000e+00
1.680080649483441353e+09,1.619200000000000000e+04,4.520000000000000000e+02,1.440000000000000000e+02,-6.420000000000000000e+02,4.100000000000000000e+01,4.000000000000000000e+00
1.680080649484290123e+09,1.619200000000000000e+04,3.400000000000000000e+02,2.440000000000000000e+02,-6.220000000000000000e+02,2.700000000000000000e+01,2.400000000000000000e+01
1.680080649485190630e+09,1.619600000000000000e+04,2.920000000000000000e+02,2.400000000000000000e+02,-6.070000000000000000e+02,3.200000000000000000e+01,4.300000000000000000e+01
1.680080649486301184e+09,1.619600000000000000e+04,2.920000000000000000e+02,2.400000000000000000e+02,-6.120000000000000000e+02,4.300000000000000000e+01,4.400000000000000000e+01
1.680080649487204313e+09,1.611600000000000000e+04,3.720000000000000000e+02,2.280000000000000000e+02,-6.430000000000000000e+02,5.000000000000000000e+01,4.800000000000000000e+01
1.680080649488063812e+09,1.611600000000000000e+04,3.720000000000000000e+02,2.280000000000000000e+02,-6.540000000000000000e+02,4.000000000000000000e+01,5.400000000000000000e+01
1.680080649489028454e+09,1.625200000000000000e+04,4.080000000000000000e+02,1.960000000000000000e+02,-6.410000000000000000e+02,2.600000000000000000e+01,4.100000000000000000e+01
1.680080649490003824e+09,1.624800000000000000e+04,4.080000000000000000e+02,4.040000000000000000e+02,-6.460000000000000000e+02,3.200000000000000000e+01,2.700000000000000000e+01
1.680080649490870953e+09,1.610800000000000000e+04,3.760000000000000000e+02,5.320000000000000000e+02,-6.320000000000000000e+02,6.000000000000000000e+01,2.700000000000000000e+01
1.680080649491710663e+09,1.608400000000000000e+04,3.880000000000000000e+02,3.360000000000000000e+02,-6.300000000000000000e+02,8.300000000000000000e+01,2.300000000000000000e+01
1.680080649492702007e+09,1.605600000000000000e+04,4.240000000000000000e+02,2.080000000000000000e+02,-6.560000000000000000e+02,6.100000000000000000e+01,1.000000000000000000e+00
1.680080649493535280e+09,1.604400000000000000e+04,4.000000000000000000e+02,1.200000000000000000e+02,-6.290000000000000000e+02,3.400000000000000000e+01,2.400000000000000000e+01
1.680080649494394302e+09,1.611200000000000000e+04,3.400000000000000000e+02,2.280000000000000000e+02,-5.970000000000000000e+02,4.300000000000000000e+01,5.500000000000000000e+01
1.680080649495224714e+09,1.617200000000000000e+04,3.560000000000000000e+02,3.400000000000000000e+02,-6.070000000000000000e+02,6.400000000000000000e+01,5.400000000000000000e+01
1.680080649496224880e+09,1.620800000000000000e+04,3.320000000000000000e+02,3.440000000000000000e+02,-6.460000000000000000e+02,7.600000000000000000e+01,2.600000000000000000e+01
1.680080649497133255e+09,1.620800000000000000e+04,3.320000000000000000e+02,3.440000000000000000e+02,-6.630000000000000000e+02,4.100000000000000000e+01,2.700000000000000000e+01
1.680080649498051405e+09,1.619200000000000000e+04,2.800000000000000000e+02,2.800000000000000000e+02,-6.220000000000000000e+02,9.000000000000000000e+00,3.800000000000000000e+01
1.680080649499106884e+09,1.621200000000000000e+04,3.400000000000000000e+02,2.360000000000000000e+02,-5.870000000000000000e+02,1.900000000000000000e+01,4.000000000000000000e+01
1.680080649499954462e+09,1.620800000000000000e+04,3.680000000000000000e+02,2.120000000000000000e+02,-6.200000000000000000e+02,4.500000000000000000e+01,2.500000000000000000e+01
1.680080649500809669e+09,1.620400000000000000e+04,3.600000000000000000e+02,2.840000000000000000e+02,-6.580000000000000000e+02,5.400000000000000000e+01,2.900000000000000000e+01
1.680080649501639366e+09,1.624400000000000000e+04,3.680000000000000000e+02,4.160000000000000000e+02,-6.620000000000000000e+02,5.100000000000000000e+01,4.300000000000000000e+01
1.680080649502557993e+09,1.620400000000000000e+04,3.640000000000000000e+02,2.960000000000000000e+02,-6.430000000000000000e+02,5.500000000000000000e+01,3.800000000000000000e+01
1.680080649503394604e+09,1.611200000000000000e+04,2.960000000000000000e+02,2.640000000000000000e+02,-6.390000000000000000e+02,4.600000000000000000e+01,3.600000000000000000e+01
1.680080649504262447e+09,1.613200000000000000e+04,2.720000000000000000e+02,2.480000000000000000e+02,-6.500000000000000000e+02,2.100000000000000000e+01,2.600000000000000000e+01
1.680080649505217791e+09,1.622000000000000000e+04,3.280000000000000000e+02,3.320000000000000000e+02,-6.480000000000000000e+02,1.800000000000000000e+01,3.700000000000000000e+01
1.680080649506134510e+09,1.623600000000000000e+04,4.200000000000000000e+02,3.680000000000000000e+02,-6.300000000000000000e+02,3.500000000000000000e+01,2.500000000000000000e+01
1.680080649507107496e+09,1.623600000000000000e+04,4.200000000000000000e+02,3.680000000000000000e+02,-6.440000000000000000e+02,3.400000000000000000e+01,2.700000000000000000e+01
1.680080649507941484e+09,1.623200000000000000e+04,3.320000000000000000e+02,3.560000000000000000e+02,-6.530000000000000000e+02,3.800000000000000000e+01,3.900000000000000000e+01
1.680080649508886337e+09,1.628800000000000000e+04,3.680000000000000000e+02,3.600000000000000000e+02,-6.250000000000000000e+02,4.500000000000000000e+01,5.200000000000000000e+01
1.680080649509821177e+09,1.622000000000000000e+04,3.520000000000000000e+02,3.160000000000000000e+02,-6.370000000000000000e+02,3.300000000000000000e+01,3.300000000000000000e+01
1.680080649510680676e+09,1.612000000000000000e+04,3.000000000000000000e+02,3.880000000000000000e+02,-6.460000000000000000e+02,5.000000000000000000e+00,2.400000000000000000e+01
1.680080649511512280e+09,1.608000000000000000e+04,3.760000000000000000e+02,4.240000000000000000e+02,-6.080000000000000000e+02,1.300000000000000000e+01,3.500000000000000000e+01
1.680080649512580633e+09,1.608000000000000000e+04,3.760000000000000000e+02,3.400000000000000000e+02,-5.870000000000000000e+02,4.400000000000000000e+01,4.200000000000000000e+01
1.680080649513462782e+09,1.612800000000000000e+04,3.320000000000000000e+02,3.400000000000000000e+02,-6.270000000000000000e+02,7.300000000000000000e+01,3.100000000000000000e+01
1.680080649514446020e+09,1.618400000000000000e+04,2.840000000000000000e+02,3.320000000000000000e+02,-6.800000000000000000e+02,5.400000000000000000e+01,4.300000000000000000e+01
1.680080649515299797e+09,1.627200000000000000e+04,3.400000000000000000e+02,1.720000000000000000e+02,-6.570000000000000000e+02,1.900000000000000000e+01,4.400000000000000000e+01
1.680080649516129494e+09,1.610800000000000000e+04,3.560000000000000000e+02,2.880000000000000000e+02,-6.110000000000000000e+02,1.900000000000000000e+01,4.300000000000000000e+01
1.680080649517027378e+09,1.610800000000000000e+04,3.560000000000000000e+02,2.880000000000000000e+02,-5.870000000000000000e+02,5.100000000000000000e+01,5.400000000000000000e+01
1.680080649517858267e+09,1.614400000000000000e+04,3.600000000000000000e+02,4.080000000000000000e+02,-6.080000000000000000e+02,6.700000000000000000e+01,4.800000000000000000e+01
1.680080649518825531e+09,1.604000000000000000e+04,3.640000000000000000e+02,2.720000000000000000e+02,-6.520000000000000000e+02,4.800000000000000000e+01,1.900000000000000000e+01
1.680080649519686937e+09,1.612000000000000000e+04,4.080000000000000000e+02,2.480000000000000000e+02,-6.470000000000000000e+02,2.700000000000000000e+01,1.800000000000000000e+01
1.680080649520622730e+09,1.617600000000000000e+04,2.960000000000000000e+02,3.640000000000000000e+02,-6.000000000000000000e+02,3.100000000000000000e+01,4.200000000000000000e+01
1.680080649521553516e+09,1.619200000000000000e+04,2.280000000000000000e+02,3.080000000000000000e+02,-6.070000000000000000e+02,5.200000000000000000e+01,4.800000000000000000e+01
1.680080649522464752e+09,1.618400000000000000e+04,2.600000000000000000e+02,3.280000000000000000e+02,-6.390000000000000000e+02,4.800000000000000000e+01,3.000000000000000000e+01
1.680080649523335218e+09,1.617600000000000000e+04,2.320000000000000000e+02,3.200000000000000000e+02,-6.810000000000000000e+02,3.100000000000000000e+01,3.000000000000000000e+01
1.680080649524218321e+09,1.609200000000000000e+04,3.400000000000000000e+02,3.800000000000000000e+02,-6.420000000000000000e+02,2.900000000000000000e+01,3.100000000000000000e+01
1.680080649525159597e+09,1.610800000000000000e+04,2.960000000000000000e+02,3.880000000000000000e+02,-6.060000000000000000e+02,4.200000000000000000e+01,2.100000000000000000e+01
1.680080649526002645e+09,1.610800000000000000e+04,2.960000000000000000e+02,3.880000000000000000e+02,-6.150000000000000000e+02,6.300000000000000000e+01,6.000000000000000000e+00
1.680080649526896715e+09,1.618400000000000000e+04,2.480000000000000000e+02,3.120000000000000000e+02,-6.470000000000000000e+02,6.500000000000000000e+01,1.300000000000000000e+01
1.680080649527950764e+09,1.626400000000000000e+04,2.800000000000000000e+02,2.840000000000000000e+02,-6.590000000000000000e+02,2.400000000000000000e+01,3.000000000000000000e+01
1.680080649528797150e+09,1.627200000000000000e+04,3.840000000000000000e+02,3.960000000000000000e+02,-6.210000000000000000e+02,2.500000000000000000e+01,4.200000000000000000e+01
1.680080649529649973e+09,1.623600000000000000e+04,3.520000000000000000e+02,4.080000000000000000e+02,-6.230000000000000000e+02,3.200000000000000000e+01,5.500000000000000000e+01
1.680080649530469894e+09,1.622000000000000000e+04,3.240000000000000000e+02,3.720000000000000000e+02,-6.380000000000000000e+02,3.800000000000000000e+01,3.900000000000000000e+01
1.680080649531408548e+09,1.618000000000000000e+04,2.480000000000000000e+02,3.760000000000000000e+02,-6.390000000000000000e+02,5.300000000000000000e+01,4.800000000000000000e+01
1.680080649532344580e+09,1.608800000000000000e+04,3.120000000000000000e+02,2.600000000000000000e+02,-6.450000000000000000e+02,5.700000000000000000e+01,6.100000000000000000e+01
1.680080649533194542e+09,1.618000000000000000e+04,3.240000000000000000e+02,2.960000000000000000e+02,-6.500000000000000000e+02,3.600000000000000000e+01,4.700000000000000000e+01
1.680080649534025669e+09,1.618400000000000000e+04,2.760000000000000000e+02,2.160000000000000000e+02,-6.330000000000000000e+02,1.300000000000000000e+01,2.500000000000000000e+01
1.680080649535133839e+09,1.620400000000000000e+04,3.720000000000000000e+02,4.320000000000000000e+02,-6.090000000000000000e+02,3.800000000000000000e+01,2.000000000000000000e+01
1.680080649536025286e+09,1.620400000000000000e+04,3.720000000000000000e+02,4.320000000000000000e+02,-6.240000000000000000e+02,5.800000000000000000e+01,3.500000000000000000e+01
1.680080649536972761e+09,1.623200000000000000e+04,3.280000000000000000e+02,3.320000000000000000e+02,-6.570000000000000000e+02,5.900000000000000000e+01,3.000000000000000000e+01
1.680080649537908554e+09,1.619600000000000000e+04,3.040000000000000000e+02,3.040000000000000000e+02,-6.700000000000000000e+02,4.000000000000000000e+01,4.700000000000000000e+01
1.680080649538740158e+09,1.617600000000000000e+04,2.440000000000000000e+02,2.480000000000000000e+02,-6.290000000000000000e+02,6.100000000000000000e+01,4.500000000000000000e+01
1.680080649539599657e+09,1.620000000000000000e+04,3.480000000000000000e+02,2.640000000000000000e+02,-6.240000000000000000e+02,6.900000000000000000e+01,3.100000000000000000e+01
1.680080649540575981e+09,1.632000000000000000e+04,3.400000000000000000e+02,3.040000000000000000e+02,-6.300000000000000000e+02,4.700000000000000000e+01,3.800000000000000000e+01
1.680080649541568041e+09,1.621600000000000000e+04,3.560000000000000000e+02,3.680000000000000000e+02,-6.010000000000000000e+02,4.800000000000000000e+01,4.100000000000000000e+01
1.680080649542434931e+09,1.617600000000000000e+04,2.400000000000000000e+02,3.480000000000000000e+02,-5.990000000000000000e+02,3.100000000000000000e+01,3.200000000000000000e+01
1.680080649543286800e+09,1.616000000000000000e+04,3.200000000000000000e+02,3.520000000000000000e+02,-6.340000000000000000e+02,3.500000000000000000e+01,3.200000000000000000e+01
1.680080649544787169e+09,1.617600000000000000e+04,2.960000000000000000e+02,3.920000000000000000e+02,-6.320000000000000000e+02,4.900000000000000000e+01,3.100000000000000000e+01
1.680080649545969009e+09,1.619200000000000000e+04,2.400000000000000000e+02,3.240000000000000000e+02,-6.150000000000000000e+02,6.200000000000000000e+01,4.800000000000000000e+01
1.680080649546947956e+09,1.606400000000000000e+04,3.120000000000000000e+02,3.400000000000000000e+02,-6.350000000000000000e+02,9.000000000000000000e+00,3.200000000000000000e+01
1.680080649548285007e+09,1.611200000000000000e+04,3.000000000000000000e+02,4.160000000000000000e+02,-5.990000000000000000e+02,2.400000000000000000e+01,2.900000000000000000e+01
1.680080649549144506e+09,1.614800000000000000e+04,3.640000000000000000e+02,3.560000000000000000e+02,-6.010000000000000000e+02,4.200000000000000000e+01,3.500000000000000000e+01
1.680080649550159454e+09,1.613200000000000000e+04,4.720000000000000000e+02,3.680000000000000000e+02,-6.490000000000000000e+02,5.000000000000000000e+01,2.600000000000000000e+01
1.680080649551010132e+09,1.632800000000000000e+04,4.160000000000000000e+02,2.360000000000000000e+02,-6.660000000000000000e+02,4.600000000000000000e+01,1.900000000000000000e+01
1.680080649551846743e+09,1.632800000000000000e+04,4.160000000000000000e+02,2.360000000000000000e+02,-6.330000000000000000e+02,3.200000000000000000e+01,3.300000000000000000e+01
1.680080649552685976e+09,1.620800000000000000e+04,3.680000000000000000e+02,3.880000000000000000e+02,-5.940000000000000000e+02,3.800000000000000000e+01,3.800000000000000000e+01
1.680080649553830862e+09,1.608400000000000000e+04,2.720000000000000000e+02,3.480000000000000000e+02,-6.240000000000000000e+02,3.700000000000000000e+01,6.000000000000000000e+01
1.680080649554677010e+09,1.614000000000000000e+04,2.920000000000000000e+02,3.440000000000000000e+02,-6.320000000000000000e+02,5.000000000000000000e+00,5.000000000000000000e+01
1.680080649555514812e+09,1.624000000000000000e+04,3.880000000000000000e+02,3.520000000000000000e+02,-6.030000000000000000e+02,1.300000000000000000e+01,2.500000000000000000e+01
1.680080649556493282e+09,1.619200000000000000e+04,2.920000000000000000e+02,4.320000000000000000e+02,-6.080000000000000000e+02,2.700000000000000000e+01,1.400000000000000000e+01
1.680080649557325602e+09,1.626000000000000000e+04,2.680000000000000000e+02,2.520000000000000000e+02,-6.320000000000000000e+02,4.700000000000000000e+01,2.900000000000000000e+01
1.680080649558197737e+09,1.624800000000000000e+04,2.400000000000000000e+02,2.960000000000000000e+02,-6.410000000000000000e+02,2.600000000000000000e+01,2.800000000000000000e+01
1.680080649559029102e+09,1.623200000000000000e+04,2.720000000000000000e+02,3.000000000000000000e+02,-6.320000000000000000e+02,2.400000000000000000e+01,3.100000000000000000e+01
1.680080649559967041e+09,1.626400000000000000e+04,2.800000000000000000e+02,2.720000000000000000e+02,-6.110000000000000000e+02,3.800000000000000000e+01,3.800000000000000000e+01
1.680080649560837984e+09,1.626400000000000000e+04,2.800000000000000000e+02,2.720000000000000000e+02,-6.250000000000000000e+02,5.000000000000000000e+01,4.000000000000000000e+01
1.680080649561770916e+09,1.619200000000000000e+04,2.960000000000000000e+02,4.560000000000000000e+02,-6.350000000000000000e+02,6.000000000000000000e+01,3.300000000000000000e+01
1.680080649562629223e+09,1.622400000000000000e+04,3.000000000000000000e+02,3.760000000000000000e+02,-6.590000000000000000e+02,2.200000000000000000e+01,1.700000000000000000e+01
1.680080649563570738e+09,1.620000000000000000e+04,3.080000000000000000e+02,2.720000000000000000e+02,-6.280000000000000000e+02,5.000000000000000000e+00,6.000000000000000000e+00
1.680080649564419031e+09,1.620000000000000000e+04,2.240000000000000000e+02,2.400000000000000000e+02,-5.910000000000000000e+02,2.900000000000000000e+01,6.000000000000000000e+00
1.680080649565267801e+09,1.610400000000000000e+04,2.560000000000000000e+02,4.040000000000000000e+02,-6.120000000000000000e+02,4.800000000000000000e+01,2.300000000000000000e+01
1.680080649566128016e+09,1.619600000000000000e+04,3.080000000000000000e+02,3.880000000000000000e+02,-6.550000000000000000e+02,5.900000000000000000e+01,3.700000000000000000e+01
1.680080649566987753e+09,1.619600000000000000e+04,2.880000000000000000e+02,3.560000000000000000e+02,-6.760000000000000000e+02,3.400000000000000000e+01,3.700000000000000000e+01
1.680080649567951679e+09,1.620400000000000000e+04,3.640000000000000000e+02,3.400000000000000000e+02,-6.500000000000000000e+02,2.500000000000000000e+01,3.300000000000000000e+01
1.680080649568792343e+09,1.620400000000000000e+04,3.640000000000000000e+02,3.400000000000000000e+02,-6.040000000000000000e+02,3.700000000000000000e+01,2.000000000000000000e+01
1.680080649569653034e+09,1.618400000000000000e+04,2.760000000000000000e+02,3.200000000000000000e+02,-5.950000000000000000e+02,5.200000000000000000e+01,1.500000000000000000e+01
1.680080649570691824e+09,1.616000000000000000e+04,2.640000000000000000e+02,4.240000000000000000e+02,-6.270000000000000000e+02,6.200000000000000000e+01,3.600000000000000000e+01
1.680080649571541786e+09,1.603600000000000000e+04,3.400000000000000000e+02,3.400000000000000000e+02,-6.640000000000000000e+02,3.000000000000000000e+01,3.100000000000000000e+01
1.680080649572398663e+09,1.618800000000000000e+04,3.480000000000000000e+02,3.000000000000000000e+02,-6.440000000000000000e+02,2.000000000000000000e+01,2.800000000000000000e+01
1.680080649573222637e+09,1.622800000000000000e+04,2.760000000000000000e+02,2.440000000000000000e+02,-6.170000000000000000e+02,3.700000000000000000e+01,2.600000000000000000e+01
1.680080649574142933e+09,1.617200000000000000e+04,2.760000000000000000e+02,2.840000000000000000e+02,-6.360000000000000000e+02,5.500000000000000000e+01,2.700000000000000000e+01
1.680080649575060129e+09,1.611200000000000000e+04,2.960000000000000000e+02,2.520000000000000000e+02,-6.680000000000000000e+02,7.200000000000000000e+01,4.900000000000000000e+01
1.680080649575919867e+09,1.614800000000000000e+04,2.480000000000000000e+02,3.120000000000000000e+02,-6.670000000000000000e+02,4.400000000000000000e+01,4.900000000000000000e+01
1.680080649576784134e+09,1.614800000000000000e+04,2.480000000000000000e+02,3.120000000000000000e+02,-6.480000000000000000e+02,3.700000000000000000e+01,2.600000000000000000e+01
1.680080649577900171e+09,1.620800000000000000e+04,2.320000000000000000e+02,4.200000000000000000e+02,-6.090000000000000000e+02,5.100000000000000000e+01,3.600000000000000000e+01
1.680080649578742266e+09,1.620800000000000000e+04,2.320000000000000000e+02,4.200000000000000000e+02,-6.260000000000000000e+02,4.700000000000000000e+01,1.400000000000000000e+01
1.680080649579784393e+09,1.614400000000000000e+04,2.960000000000000000e+02,3.600000000000000000e+02,-6.210000000000000000e+02,4.000000000000000000e+01,2.300000000000000000e+01
1.680080649580643177e+09,1.610000000000000000e+04,2.680000000000000000e+02,2.880000000000000000e+02,-6.100000000000000000e+02,4.300000000000000000e+01,3.400000000000000000e+01
1.680080649581478119e+09,1.616400000000000000e+04,2.760000000000000000e+02,1.760000000000000000e+02,-6.290000000000000000e+02,4.000000000000000000e+01,3.400000000000000000e+01
1.680080649582350492e+09,1.616400000000000000e+04,2.440000000000000000e+02,2.920000000000000000e+02,-6.640000000000000000e+02,4.400000000000000000e+01,3.400000000000000000e+01
1.680080649583355188e+09,1.629200000000000000e+04,3.000000000000000000e+02,4.480000000000000000e+02,-6.580000000000000000e+02,3.900000000000000000e+01,2.800000000000000000e+01
1.680080649584305763e+09,1.614400000000000000e+04,2.840000000000000000e+02,3.920000000000000000e+02,-6.210000000000000000e+02,4.300000000000000000e+01,2.500000000000000000e+01
1.680080649585205555e+09,1.616400000000000000e+04,2.960000000000000000e+02,3.320000000000000000e+02,-6.020000000000000000e+02,5.000000000000000000e+01,4.500000000000000000e+01
1.680080649586056948e+09,1.613600000000000000e+04,2.840000000000000000e+02,2.680000000000000000e+02,-6.210000000000000000e+02,4.500000000000000000e+01,3.400000000000000000e+01
1.680080649587063074e+09,1.606800000000000000e+04,2.760000000000000000e+02,3.040000000000000000e+02,-6.390000000000000000e+02,2.400000000000000000e+01,3.600000000000000000e+01
1.680080649587924004e+09,1.620000000000000000e+04,2.080000000000000000e+02,3.160000000000000000e+02,-6.270000000000000000e+02,2.100000000000000000e+01,4.000000000000000000e+01
1.680080649588787556e+09,1.620000000000000000e+04,2.080000000000000000e+02,3.160000000000000000e+02,-6.410000000000000000e+02,2.000000000000000000e+01,3.000000000000000000e+01
1.680080649589626074e+09,1.621200000000000000e+04,2.560000000000000000e+02,1.480000000000000000e+02,-6.640000000000000000e+02,3.700000000000000000e+01,3.000000000000000000e+01
1.680080649590584040e+09,1.620800000000000000e+04,2.480000000000000000e+02,2.800000000000000000e+02,-6.450000000000000000e+02,5.500000000000000000e+01,3.900000000000000000e+01
1.680080649591424942e+09,1.614400000000000000e+04,1.760000000000000000e+02,3.000000000000000000e+02,-6.390000000000000000e+02,5.900000000000000000e+01,3.300000000000000000e+01
1.680080649592437983e+09,1.627200000000000000e+04,3.000000000000000000e+02,4.520000000000000000e+02,-6.570000000000000000e+02,3.800000000000000000e+01,3.600000000000000000e+01
1.680080649593298674e+09,1.620800000000000000e+04,3.200000000000000000e+02,3.920000000000000000e+02,-6.320000000000000000e+02,1.900000000000000000e+01,3.400000000000000000e+01
1.680080649594151258e+09,1.618800000000000000e+04,3.080000000000000000e+02,4.200000000000000000e+02,-6.000000000000000000e+02,2.400000000000000000e+01,3.000000000000000000e+01
1.680080649595003605e+09,1.622800000000000000e+04,2.800000000000000000e+02,3.880000000000000000e+02,-6.150000000000000000e+02,3.000000000000000000e+01,3.800000000000000000e+01
1.680080649595816612e+09,1.621200000000000000e+04,2.960000000000000000e+02,4.280000000000000000e+02,-6.470000000000000000e+02,3.600000000000000000e+01,4.400000000000000000e+01
1.680080649596767664e+09,1.618800000000000000e+04,2.680000000000000000e+02,3.320000000000000000e+02,-6.560000000000000000e+02,4.500000000000000000e+01,3.200000000000000000e+01
1.680080649597690821e+09,1.618800000000000000e+04,2.680000000000000000e+02,3.320000000000000000e+02,-6.370000000000000000e+02,5.700000000000000000e+01,3.000000000000000000e+01
1.680080649598547459e+09,1.618800000000000000e+04,3.080000000000000000e+02,3.400000000000000000e+02,-6.330000000000000000e+02,5.900000000000000000e+01,3.300000000000000000e+01
1.680080649599389553e+09,1.610400000000000000e+04,3.120000000000000000e+02,4.360000000000000000e+02,-6.540000000000000000e+02,2.900000000000000000e+01,1.600000000000000000e+01
1.680080649600321293e+09,1.615600000000000000e+04,2.800000000000000000e+02,4.720000000000000000e+02,-6.300000000000000000e+02,1.500000000000000000e+01,1.900000000000000000e+01
1.680080649601201057e+09,1.618800000000000000e+04,1.960000000000000000e+02,3.320000000000000000e+02,-6.150000000000000000e+02,2.600000000000000000e+01,4.500000000000000000e+01
1.680080649602109432e+09,1.622000000000000000e+04,2.520000000000000000e+02,3.080000000000000000e+02,-6.490000000000000000e+02,2.600000000000000000e+01,4.600000000000000000e+01
1.680080649603062153e+09,1.624800000000000000e+04,2.000000000000000000e+02,4.440000000000000000e+02,-6.600000000000000000e+02,3.700000000000000000e+01,3.800000000000000000e+01
1.680080649603973389e+09,1.620000000000000000e+04,2.080000000000000000e+02,4.840000000000000000e+02,-6.190000000000000000e+02,3.100000000000000000e+01,2.900000000000000000e+01
1.680080649604842663e+09,1.615600000000000000e+04,2.440000000000000000e+02,3.160000000000000000e+02,-6.280000000000000000e+02,1.900000000000000000e+01,2.500000000000000000e+01
1.680080649605677605e+09,1.615600000000000000e+04,2.440000000000000000e+02,3.160000000000000000e+02,-6.420000000000000000e+02,3.000000000000000000e+00,2.200000000000000000e+01
1.680080649606829643e+09,1.620800000000000000e+04,3.360000000000000000e+02,3.920000000000000000e+02,-6.120000000000000000e+02,1.300000000000000000e+01,2.800000000000000000e+01
1.680080649607794285e+09,1.621600000000000000e+04,3.280000000000000000e+02,3.760000000000000000e+02,-6.080000000000000000e+02,3.900000000000000000e+01,3.500000000000000000e+01
1.680080649608635902e+09,1.610400000000000000e+04,2.040000000000000000e+02,3.640000000000000000e+02,-6.420000000000000000e+02,7.600000000000000000e+01,2.200000000000000000e+01
1.680080649609553337e+09,1.604400000000000000e+04,2.240000000000000000e+02,2.960000000000000000e+02,-6.760000000000000000e+02,5.500000000000000000e+01,9.000000000000000000e+00
1.680080649610477686e+09,1.624000000000000000e+04,2.520000000000000000e+02,3.480000000000000000e+02,-6.500000000000000000e+02,3.100000000000000000e+01,5.000000000000000000e+00
1.680080649611346245e+09,1.619200000000000000e+04,3.320000000000000000e+02,2.720000000000000000e+02,-6.210000000000000000e+02,3.800000000000000000e+01,1.200000000000000000e+01
1.680080649612174749e+09,1.624800000000000000e+04,2.560000000000000000e+02,3.000000000000000000e+02,-6.170000000000000000e+02,5.200000000000000000e+01,3.500000000000000000e+01
1.680080649613147497e+09,1.624400000000000000e+04,2.840000000000000000e+02,4.120000000000000000e+02,-6.650000000000000000e+02,5.600000000000000000e+01,4.700000000000000000e+01
1.680080649613988400e+09,1.627200000000000000e+04,2.880000000000000000e+02,4.480000000000000000e+02,-6.800000000000000000e+02,4.400000000000000000e+01,4.000000000000000000e+01
1.680080649615325689e+09,1.625600000000000000e+04,2.280000000000000000e+02,3.640000000000000000e+02,-6.270000000000000000e+02,3.000000000000000000e+01,2.600000000000000000e+01
1.680080649616180420e+09,1.617600000000000000e+04,2.120000000000000000e+02,3.520000000000000000e+02,-6.050000000000000000e+02,5.100000000000000000e+01,3.200000000000000000e+01
1.680080649617036581e+09,1.620000000000000000e+04,2.400000000000000000e+02,2.040000000000000000e+02,-6.280000000000000000e+02,5.200000000000000000e+01,3.600000000000000000e+01
1.680080649618031502e+09,1.622800000000000000e+04,3.400000000000000000e+02,3.640000000000000000e+02,-6.790000000000000000e+02,2.300000000000000000e+01,3.500000000000000000e+01
1.680080649619004965e+09,1.620800000000000000e+04,3.600000000000000000e+02,4.280000000000000000e+02,-6.420000000000000000e+02,2.400000000000000000e+01,3.000000000000000000e+01
1.680080649619974375e+09,1.622800000000000000e+04,2.920000000000000000e+02,3.760000000000000000e+02,-6.110000000000000000e+02,2.900000000000000000e+01,2.300000000000000000e+01
1.680080649620972395e+09,1.623600000000000000e+04,3.200000000000000000e+02,3.800000000000000000e+02,-6.470000000000000000e+02,6.100000000000000000e+01,3.000000000000000000e+01
1.680080649621811390e+09,1.615600000000000000e+04,2.440000000000000000e+02,4.320000000000000000e+02,-6.860000000000000000e+02,5.400000000000000000e+01,4.700000000000000000e+01
1.680080649624267578e+09,1.615600000000000000e+04,2.440000000000000000e+02,4.320000000000000000e+02,-6.710000000000000000e+02,5.100000000000000000e+01,5.600000000000000000e+01
1.680080649626381636e+09,1.626000000000000000e+04,3.880000000000000000e+02,2.480000000000000000e+02,-6.300000000000000000e+02,3.400000000000000000e+01,3.500000000000000000e+01
1.680080649627417564e+09,1.618000000000000000e+04,2.560000000000000000e+02,3.240000000000000000e+02,-6.300000000000000000e+02,2.500000000000000000e+01,4.400000000000000000e+01
1.680080649628551483e+09,1.616400000000000000e+04,2.760000000000000000e+02,3.400000000000000000e+02,-6.450000000000000000e+02,2.200000000000000000e+01,3.100000000000000000e+01
1.680080649629527569e+09,1.615200000000000000e+04,2.840000000000000000e+02,3.360000000000000000e+02,-6.080000000000000000e+02,3.500000000000000000e+01,2.400000000000000000e+01
1.680080649630426884e+09,1.614800000000000000e+04,1.600000000000000000e+02,3.320000000000000000e+02,-6.280000000000000000e+02,4.500000000000000000e+01,3.100000000000000000e+01
1.680080649631271839e+09,1.616800000000000000e+04,2.960000000000000000e+02,4.440000000000000000e+02,-6.550000000000000000e+02,4.800000000000000000e+01,2.600000000000000000e+01
1.680080649632270336e+09,1.616000000000000000e+04,3.680000000000000000e+02,4.440000000000000000e+02,-6.700000000000000000e+02,3.200000000000000000e+01,2.200000000000000000e+01
1.680080649633128881e+09,1.617200000000000000e+04,2.480000000000000000e+02,5.360000000000000000e+02,-6.230000000000000000e+02,2.700000000000000000e+01,1.500000000000000000e+01
1.680080649633991003e+09,1.619600000000000000e+04,2.600000000000000000e+02,3.480000000000000000e+02,-6.040000000000000000e+02,4.500000000000000000e+01,3.300000000000000000e+01
1.680080649634833097e+09,1.620400000000000000e+04,2.920000000000000000e+02,2.480000000000000000e+02,-6.250000000000000000e+02,5.500000000000000000e+01,3.700000000000000000e+01
1.680080649635758400e+09,1.609200000000000000e+04,2.400000000000000000e+02,3.520000000000000000e+02,-6.650000000000000000e+02,4.200000000000000000e+01,3.800000000000000000e+01
1.680080649636633635e+09,1.609200000000000000e+04,2.400000000000000000e+02,3.520000000000000000e+02,-6.870000000000000000e+02,1.600000000000000000e+01,2.900000000000000000e+01
1.680080649637677670e+09,1.628800000000000000e+04,2.760000000000000000e+02,3.400000000000000000e+02,-6.220000000000000000e+02,3.000000000000000000e+01,4.100000000000000000e+01
1.680080649638579369e+09,1.628800000000000000e+04,2.760000000000000000e+02,3.400000000000000000e+02,-5.910000000000000000e+02,6.200000000000000000e+01,3.500000000000000000e+01
1.680080649639411449e+09,1.624000000000000000e+04,2.640000000000000000e+02,3.880000000000000000e+02,-6.140000000000000000e+02,6.800000000000000000e+01,1.800000000000000000e+01
1.680080649640261650e+09,1.624000000000000000e+04,1.920000000000000000e+02,4.120000000000000000e+02,-6.490000000000000000e+02,4.500000000000000000e+01,2.400000000000000000e+01
1.680080649641091824e+09,1.619200000000000000e+04,1.520000000000000000e+02,3.400000000000000000e+02,-6.430000000000000000e+02,2.600000000000000000e+01,2.700000000000000000e+01
1.680080649642060518e+09,1.616800000000000000e+04,3.520000000000000000e+02,2.840000000000000000e+02,-6.160000000000000000e+02,2.300000000000000000e+01,2.600000000000000000e+01
1.680080649642916441e+09,1.618400000000000000e+04,4.040000000000000000e+02,2.360000000000000000e+02,-6.160000000000000000e+02,4.100000000000000000e+01,3.500000000000000000e+01
1.680080649643781662e+09,1.616400000000000000e+04,3.600000000000000000e+02,2.360000000000000000e+02,-6.300000000000000000e+02,6.800000000000000000e+01,3.900000000000000000e+01
1.680080649644603729e+09,1.604800000000000000e+04,3.320000000000000000e+02,3.360000000000000000e+02,-6.720000000000000000e+02,4.800000000000000000e+01,3.800000000000000000e+01
1.680080649645536661e+09,1.604800000000000000e+04,3.320000000000000000e+02,3.360000000000000000e+02,-6.290000000000000000e+02,9.000000000000000000e+00,1.700000000000000000e+01
1.680080649646411657e+09,1.611200000000000000e+04,3.080000000000000000e+02,4.240000000000000000e+02,-5.850000000000000000e+02,1.800000000000000000e+01,2.200000000000000000e+01
1.680080649647339821e+09,1.612800000000000000e+04,3.280000000000000000e+02,2.960000000000000000e+02,-6.100000000000000000e+02,3.500000000000000000e+01,3.800000000000000000e+01
1.680080649648377657e+09,1.610400000000000000e+04,3.400000000000000000e+02,2.920000000000000000e+02,-6.590000000000000000e+02,4.700000000000000000e+01,3.600000000000000000e+01
1.680080649649213076e+09,1.621200000000000000e+04,4.320000000000000000e+02,1.840000000000000000e+02,-6.410000000000000000e+02,3.900000000000000000e+01,1.600000000000000000e+01
1.680080649650066137e+09,1.621200000000000000e+04,4.120000000000000000e+02,3.120000000000000000e+02,-6.110000000000000000e+02,4.400000000000000000e+01,2.600000000000000000e+01
1.680080649650895596e+09,1.617200000000000000e+04,3.760000000000000000e+02,4.160000000000000000e+02,-6.000000000000000000e+02,5.600000000000000000e+01,2.400000000000000000e+01
1.680080649651807785e+09,1.614000000000000000e+04,4.080000000000000000e+02,3.640000000000000000e+02,-6.200000000000000000e+02,5.700000000000000000e+01,1.100000000000000000e+01
1.680080649652749300e+09,1.622000000000000000e+04,3.360000000000000000e+02,3.800000000000000000e+02,-6.270000000000000000e+02,3.600000000000000000e+01,1.000000000000000000e+01
1.680080649653605223e+09,1.623600000000000000e+04,3.400000000000000000e+02,4.760000000000000000e+02,-6.050000000000000000e+02,4.800000000000000000e+01,1.900000000000000000e+01
1.680080649654438734e+09,1.623600000000000000e+04,3.400000000000000000e+02,4.760000000000000000e+02,-6.260000000000000000e+02,5.400000000000000000e+01,1.500000000000000000e+01
1.680080649655427933e+09,1.618800000000000000e+04,3.840000000000000000e+02,3.640000000000000000e+02,-6.410000000000000000e+02,4.300000000000000000e+01,3.700000000000000000e+01
1.680080649656280518e+09,1.615200000000000000e+04,3.280000000000000000e+02,2.920000000000000000e+02,-6.400000000000000000e+02,3.600000000000000000e+01,5.000000000000000000e+01
1.680080649657155991e+09,1.620800000000000000e+04,3.440000000000000000e+02,3.680000000000000000e+02,-6.510000000000000000e+02,2.200000000000000000e+01,5.400000000000000000e+01
1.680080649658178329e+09,1.620800000000000000e+04,3.680000000000000000e+02,3.640000000000000000e+02,-6.700000000000000000e+02,1.600000000000000000e+01,4.500000000000000000e+01
1.680080649659020185e+09,1.620400000000000000e+04,3.160000000000000000e+02,2.880000000000000000e+02,-6.190000000000000000e+02,2.200000000000000000e+01,3.800000000000000000e+01
1.680080649659889698e+09,1.619200000000000000e+04,3.320000000000000000e+02,2.480000000000000000e+02,-5.790000000000000000e+02,2.300000000000000000e+01,3.600000000000000000e+01
1.680080649660880327e+09,1.616800000000000000e+04,3.280000000000000000e+02,2.960000000000000000e+02,-6.160000000000000000e+02,5.600000000000000000e+01,1.900000000000000000e+01
1.680080649661823034e+09,1.613600000000000000e+04,2.320000000000000000e+02,4.840000000000000000e+02,-6.440000000000000000e+02,6.000000000000000000e+01,1.700000000000000000e+01
1.680080649662733316e+09,1.628000000000000000e+04,3.080000000000000000e+02,3.800000000000000000e+02,-6.590000000000000000e+02,4.500000000000000000e+01,4.500000000000000000e+01
1.680080649663595915e+09,1.622400000000000000e+04,3.880000000000000000e+02,3.000000000000000000e+02,-6.260000000000000000e+02,5.700000000000000000e+01,6.900000000000000000e+01
1.680080649664590836e+09,1.620000000000000000e+04,3.480000000000000000e+02,3.160000000000000000e+02,-6.250000000000000000e+02,3.900000000000000000e+01,5.500000000000000000e+01
1.680080649665443897e+09,1.620000000000000000e+04,3.480000000000000000e+02,3.160000000000000000e+02,-6.350000000000000000e+02,8.000000000000000000e+00,3.100000000000000000e+01
1.680080649666311264e+09,1.612000000000000000e+04,2.960000000000000000e+02,3.360000000000000000e+02,-6.190000000000000000e+02,1.800000000000000000e+01,2.000000000000000000e+01
1.680080649667200804e+09,1.622800000000000000e+04,3.240000000000000000e+02,3.640000000000000000e+02,-6.270000000000000000e+02,4.200000000000000000e+01,2.500000000000000000e+01
1.680080649668134928e+09,1.614000000000000000e+04,3.000000000000000000e+02,3.040000000000000000e+02,-6.630000000000000000e+02,4.900000000000000000e+01,3.100000000000000000e+01
1.680080649668978214e+09,1.615200000000000000e+04,2.160000000000000000e+02,2.360000000000000000e+02,-6.340000000000000000e+02,4.500000000000000000e+01,3.700000000000000000e+01
1.680080649669985294e+09,1.622800000000000000e+04,2.560000000000000000e+02,4.360000000000000000e+02,-5.920000000000000000e+02,4.700000000000000000e+01,2.500000000000000000e+01
1.680080649670904636e+09,1.620000000000000000e+04,2.880000000000000000e+02,4.480000000000000000e+02,-6.000000000000000000e+02,6.300000000000000000e+01,1.900000000000000000e+01
1.680080649671745300e+09,1.622800000000000000e+04,4.040000000000000000e+02,3.040000000000000000e+02,-6.460000000000000000e+02,6.800000000000000000e+01,1.600000000000000000e+01
1.680080649672627687e+09,1.607600000000000000e+04,4.280000000000000000e+02,2.200000000000000000e+02,-6.770000000000000000e+02,3.900000000000000000e+01,1.900000000000000000e+01
1.680080649673629045e+09,1.613200000000000000e+04,3.120000000000000000e+02,3.120000000000000000e+02,-6.340000000000000000e+02,2.400000000000000000e+01,2.300000000000000000e+01
1.680080649674471855e+09,1.623200000000000000e+04,2.840000000000000000e+02,3.560000000000000000e+02,-5.950000000000000000e+02,5.100000000000000000e+01,3.500000000000000000e+01
1.680080649675296545e+09,1.623200000000000000e+04,2.840000000000000000e+02,3.560000000000000000e+02,-5.990000000000000000e+02,5.900000000000000000e+01,4.300000000000000000e+01
1.680080649676168203e+09,1.617600000000000000e+04,3.400000000000000000e+02,2.960000000000000000e+02,-6.400000000000000000e+02,6.300000000000000000e+01,4.300000000000000000e+01
1.680080649677267790e+09,1.610000000000000000e+04,3.240000000000000000e+02,2.720000000000000000e+02,-6.670000000000000000e+02,3.900000000000000000e+01,2.300000000000000000e+01
1.680080649678189039e+09,1.610400000000000000e+04,2.920000000000000000e+02,2.960000000000000000e+02,-6.230000000000000000e+02,3.100000000000000000e+01,2.000000000000000000e+01
1.680080649679129839e+09,1.619600000000000000e+04,3.840000000000000000e+02,2.840000000000000000e+02,-6.100000000000000000e+02,4.900000000000000000e+01,3.000000000000000000e+01
1.680080649679996014e+09,1.619600000000000000e+04,3.240000000000000000e+02,3.520000000000000000e+02,-6.290000000000000000e+02,6.100000000000000000e+01,3.100000000000000000e+01
1.680080649681015730e+09,1.616800000000000000e+04,3.360000000000000000e+02,3.560000000000000000e+02,-6.520000000000000000e+02,3.800000000000000000e+01,3.600000000000000000e+01
1.680080649681858301e+09,1.620400000000000000e+04,3.240000000000000000e+02,3.520000000000000000e+02,-6.410000000000000000e+02,2.700000000000000000e+01,3.800000000000000000e+01
1.680080649683307171e+09,1.616800000000000000e+04,3.240000000000000000e+02,3.160000000000000000e+02,-6.050000000000000000e+02,4.700000000000000000e+01,4.100000000000000000e+01
1.680080649684856892e+09,1.621200000000000000e+04,4.360000000000000000e+02,3.600000000000000000e+02,-6.390000000000000000e+02,5.300000000000000000e+01,2.400000000000000000e+01
1.680080649686180830e+09,1.620800000000000000e+04,3.560000000000000000e+02,4.400000000000000000e+02,-6.450000000000000000e+02,2.000000000000000000e+01,3.500000000000000000e+01
1.680080649687204838e+09,1.616400000000000000e+04,4.000000000000000000e+02,2.160000000000000000e+02,-6.100000000000000000e+02,5.400000000000000000e+01,5.000000000000000000e+01
1.680080649690294981e+09,1.618000000000000000e+04,2.280000000000000000e+02,3.000000000000000000e+02,-6.560000000000000000e+02,5.400000000000000000e+01,1.100000000000000000e+01
1.680080649691254377e+09,1.618000000000000000e+04,3.120000000000000000e+02,3.520000000000000000e+02,-6.430000000000000000e+02,5.700000000000000000e+01,2.800000000000000000e+01
1.680080649692099810e+09,1.620800000000000000e+04,3.440000000000000000e+02,3.680000000000000000e+02,-6.500000000000000000e+02,5.700000000000000000e+01,4.400000000000000000e+01
1.680080649692945957e+09,1.618000000000000000e+04,3.480000000000000000e+02,2.920000000000000000e+02,-6.450000000000000000e+02,4.400000000000000000e+01,4.000000000000000000e+01
1.680080649693780899e+09,1.616000000000000000e+04,3.200000000000000000e+02,1.880000000000000000e+02,-6.310000000000000000e+02,3.400000000000000000e+01,5.100000000000000000e+01
1.680080649694936752e+09,1.619600000000000000e+04,3.160000000000000000e+02,2.360000000000000000e+02,-6.520000000000000000e+02,2.300000000000000000e+01,4.800000000000000000e+01
1.680080649695802450e+09,1.615600000000000000e+04,2.480000000000000000e+02,2.640000000000000000e+02,-6.570000000000000000e+02,3.300000000000000000e+01,2.800000000000000000e+01
1.680080649696667910e+09,1.617600000000000000e+04,3.240000000000000000e+02,3.840000000000000000e+02,-6.290000000000000000e+02,6.100000000000000000e+01,3.000000000000000000e+01
1.680080649697688341e+09,1.619600000000000000e+04,3.520000000000000000e+02,3.840000000000000000e+02,-6.470000000000000000e+02,5.000000000000000000e+01,3.700000000000000000e+01
1.680080649698566914e+09,1.604800000000000000e+04,3.640000000000000000e+02,3.840000000000000000e+02,-6.660000000000000000e+02,4.600000000000000000e+01,3.200000000000000000e+01
1.680080649699742556e+09,1.610000000000000000e+04,3.240000000000000000e+02,3.600000000000000000e+02,-6.410000000000000000e+02,5.800000000000000000e+01,3.900000000000000000e+01
1.680080649700626135e+09,1.607200000000000000e+04,3.640000000000000000e+02,2.960000000000000000e+02,-6.490000000000000000e+02,1.200000000000000000e+01,2.500000000000000000e+01
1.680080649701468706e+09,1.606800000000000000e+04,2.600000000000000000e+02,3.200000000000000000e+02,-6.360000000000000000e+02,1.500000000000000000e+01,3.800000000000000000e+01
1.680080649702333689e+09,1.606800000000000000e+04,2.600000000000000000e+02,3.200000000000000000e+02,-5.990000000000000000e+02,1.300000000000000000e+01,5.200000000000000000e+01
1.680080649703161955e+09,1.618400000000000000e+04,2.760000000000000000e+02,4.440000000000000000e+02,-5.920000000000000000e+02,2.200000000000000000e+01,6.000000000000000000e+01
1.680080649704114914e+09,1.609600000000000000e+04,1.880000000000000000e+02,1.960000000000000000e+02,-6.270000000000000000e+02,4.700000000000000000e+01,4.000000000000000000e+01
1.680080649704951525e+09,1.612000000000000000e+04,2.080000000000000000e+02,3.320000000000000000e+02,-6.550000000000000000e+02,2.300000000000000000e+01,2.600000000000000000e+01
1.680080649705848217e+09,1.624400000000000000e+04,3.080000000000000000e+02,2.240000000000000000e+02,-6.360000000000000000e+02,7.000000000000000000e+00,3.400000000000000000e+01
1.680080649706741095e+09,1.619600000000000000e+04,2.440000000000000000e+02,1.680000000000000000e+02,-6.070000000000000000e+02,2.900000000000000000e+01,3.500000000000000000e+01
1.680080649707723856e+09,1.614400000000000000e+04,3.200000000000000000e+02,3.720000000000000000e+02,-5.900000000000000000e+02,7.000000000000000000e+01,2.700000000000000000e+01
1.680080649708588839e+09,1.610000000000000000e+04,2.600000000000000000e+02,3.760000000000000000e+02,-6.340000000000000000e+02,6.200000000000000000e+01,3.600000000000000000e+01
1.680080649709417582e+09,1.612800000000000000e+04,2.440000000000000000e+02,3.040000000000000000e+02,-6.520000000000000000e+02,4.800000000000000000e+01,4.600000000000000000e+01
1.680080649710374832e+09,1.614000000000000000e+04,2.560000000000000000e+02,4.560000000000000000e+02,-6.310000000000000000e+02,2.900000000000000000e+01,6.300000000000000000e+01
1.680080649711208105e+09,1.614000000000000000e+04,2.560000000000000000e+02,4.560000000000000000e+02,-6.280000000000000000e+02,2.600000000000000000e+01,5.100000000000000000e+01
1.680080649712056398e+09,1.607600000000000000e+04,2.640000000000000000e+02,3.360000000000000000e+02,-6.270000000000000000e+02,2.000000000000000000e+01,1.600000000000000000e+01
1.680080649712888002e+09,1.612000000000000000e+04,2.920000000000000000e+02,2.280000000000000000e+02,-6.200000000000000000e+02,2.100000000000000000e+01,1.400000000000000000e+01
1.680080649713845491e+09,1.624800000000000000e+04,2.800000000000000000e+02,3.560000000000000000e+02,-6.190000000000000000e+02,3.500000000000000000e+01,1.700000000000000000e+01
1.680080649714757919e+09,1.610400000000000000e+04,2.840000000000000000e+02,4.440000000000000000e+02,-6.400000000000000000e+02,3.400000000000000000e+01,2.900000000000000000e+01
1.680080649715732336e+09,1.616400000000000000e+04,2.360000000000000000e+02,4.400000000000000000e+02,-6.670000000000000000e+02,4.700000000000000000e+01,4.000000000000000000e+01
1.680080649716791868e+09,1.622000000000000000e+04,2.480000000000000000e+02,3.760000000000000000e+02,-6.280000000000000000e+02,6.500000000000000000e+01,2.800000000000000000e+01
1.680080649717734337e+09,1.612400000000000000e+04,3.240000000000000000e+02,2.600000000000000000e+02,-6.570000000000000000e+02,5.600000000000000000e+01,2.500000000000000000e+01
1.680080649718600988e+09,1.616400000000000000e+04,2.920000000000000000e+02,2.680000000000000000e+02,-6.680000000000000000e+02,2.700000000000000000e+01,2.800000000000000000e+01
1.680080649719521761e+09,1.612800000000000000e+04,3.120000000000000000e+02,4.080000000000000000e+02,-6.530000000000000000e+02,4.400000000000000000e+01,3.700000000000000000e+01
1.680080649720402002e+09,1.616000000000000000e+04,2.560000000000000000e+02,3.880000000000000000e+02,-6.550000000000000000e+02,4.400000000000000000e+01,5.400000000000000000e+01
1.680080649721237659e+09,1.616000000000000000e+04,2.560000000000000000e+02,3.880000000000000000e+02,-6.380000000000000000e+02,5.500000000000000000e+01,5.000000000000000000e+01
1.680080649722374439e+09,1.631600000000000000e+04,3.160000000000000000e+02,2.280000000000000000e+02,-6.320000000000000000e+02,3.500000000000000000e+01,3.200000000000000000e+01
1.680080649723322392e+09,1.615200000000000000e+04,2.520000000000000000e+02,2.520000000000000000e+02,-6.480000000000000000e+02,2.300000000000000000e+01,2.100000000000000000e+01
1.680080649724176407e+09,1.615200000000000000e+04,2.520000000000000000e+02,2.520000000000000000e+02,-6.300000000000000000e+02,1.600000000000000000e+01,3.100000000000000000e+01
1.680080649725112915e+09,1.612800000000000000e+04,2.920000000000000000e+02,3.440000000000000000e+02,-6.050000000000000000e+02,4.500000000000000000e+01,4.200000000000000000e+01
1.680080649726047754e+09,1.625200000000000000e+04,3.240000000000000000e+02,3.720000000000000000e+02,-6.310000000000000000e+02,6.700000000000000000e+01,2.900000000000000000e+01
1.680080649726930141e+09,1.613200000000000000e+04,3.080000000000000000e+02,3.800000000000000000e+02,-6.660000000000000000e+02,5.300000000000000000e+01,2.400000000000000000e+01
1.680080649727774143e+09,1.613200000000000000e+04,3.360000000000000000e+02,3.800000000000000000e+02,-6.720000000000000000e+02,3.200000000000000000e+01,1.900000000000000000e+01
1.680080649728699684e+09,1.623600000000000000e+04,3.240000000000000000e+02,2.920000000000000000e+02,-6.310000000000000000e+02,3.400000000000000000e+01,1.900000000000000000e+01
1.680080649729681492e+09,1.615600000000000000e+04,2.640000000000000000e+02,3.680000000000000000e+02,-6.120000000000000000e+02,5.800000000000000000e+01,3.800000000000000000e+01
1.680080649730558395e+09,1.608000000000000000e+04,2.640000000000000000e+02,3.200000000000000000e+02,-6.300000000000000000e+02,3.900000000000000000e+01,3.500000000000000000e+01
1.680080649731473446e+09,1.624000000000000000e+04,3.160000000000000000e+02,3.520000000000000000e+02,-6.470000000000000000e+02,1.800000000000000000e+01,2.100000000000000000e+01
1.680080649732364893e+09,1.626800000000000000e+04,2.720000000000000000e+02,3.360000000000000000e+02,-6.220000000000000000e+02,2.600000000000000000e+01,2.300000000000000000e+01
1.680080649733263016e+09,1.626800000000000000e+04,2.720000000000000000e+02,3.360000000000000000e+02,-6.260000000000000000e+02,4.300000000000000000e+01,2.800000000000000000e+01
1.680080649734865904e+09,1.619600000000000000e+04,3.320000000000000000e+02,3.040000000000000000e+02,-6.350000000000000000e+02,6.800000000000000000e+01,2.200000000000000000e+01
1.680080649735884905e+09,1.625200000000000000e+04,2.520000000000000000e+02,4.120000000000000000e+02,-6.350000000000000000e+02,5.000000000000000000e+01,5.400000000000000000e+01
1.680080649736878157e+09,1.620000000000000000e+04,2.960000000000000000e+02,3.160000000000000000e+02,-6.000000000000000000e+02,5.000000000000000000e+01,4.500000000000000000e+01
1.680080649737790823e+09,1.624000000000000000e+04,2.600000000000000000e+02,3.560000000000000000e+02,-6.120000000000000000e+02,4.300000000000000000e+01,4.300000000000000000e+01
1.680080649738721132e+09,1.612000000000000000e+04,2.960000000000000000e+02,2.480000000000000000e+02,-6.330000000000000000e+02,3.900000000000000000e+01,3.100000000000000000e+01
1.680080649739609241e+09,1.611200000000000000e+04,3.120000000000000000e+02,3.080000000000000000e+02,-6.250000000000000000e+02,5.400000000000000000e+01,1.200000000000000000e+01
1.680080649740625381e+09,1.614000000000000000e+04,2.800000000000000000e+02,2.400000000000000000e+02,-6.360000000000000000e+02,5.000000000000000000e+01,1.600000000000000000e+01
1.680080649741546154e+09,1.618400000000000000e+04,2.680000000000000000e+02,2.760000000000000000e+02,-6.210000000000000000e+02,5.700000000000000000e+01,2.800000000000000000e+01
1.680080649742390633e+09,1.616800000000000000e+04,2.800000000000000000e+02,2.800000000000000000e+02,-6.050000000000000000e+02,6.400000000000000000e+01,2.400000000000000000e+01
1.680080649743424654e+09,1.614400000000000000e+04,2.920000000000000000e+02,2.400000000000000000e+02,-6.090000000000000000e+02,6.600000000000000000e+01,2.000000000000000000e+01
1.680080649744288206e+09,1.620400000000000000e+04,3.080000000000000000e+02,2.120000000000000000e+02,-6.330000000000000000e+02,4.500000000000000000e+01,2.900000000000000000e+01
1.680080649745130301e+09,1.620400000000000000e+04,3.080000000000000000e+02,2.120000000000000000e+02,-6.330000000000000000e+02,2.600000000000000000e+01,4.400000000000000000e+01
1.680080649745985270e+09,1.622800000000000000e+04,3.200000000000000000e+02,2.960000000000000000e+02,-6.080000000000000000e+02,1.700000000000000000e+01,4.600000000000000000e+01
1.680080649746956825e+09,1.614000000000000000e+04,2.880000000000000000e+02,3.840000000000000000e+02,-6.180000000000000000e+02,1.900000000000000000e+01,4.500000000000000000e+01
1.680080649747847080e+09,1.612400000000000000e+04,3.120000000000000000e+02,4.280000000000000000e+02,-6.580000000000000000e+02,2.400000000000000000e+01,2.700000000000000000e+01
1.680080649748739481e+09,1.617600000000000000e+04,2.680000000000000000e+02,3.200000000000000000e+02,-6.730000000000000000e+02,4.300000000000000000e+01,2.800000000000000000e+01
1.680080649749614000e+09,1.621200000000000000e+04,2.120000000000000000e+02,3.960000000000000000e+02,-6.290000000000000000e+02,4.700000000000000000e+01,3.200000000000000000e+01
1.680080649750590801e+09,1.618000000000000000e+04,2.840000000000000000e+02,4.320000000000000000e+02,-6.020000000000000000e+02,3.500000000000000000e+01,3.600000000000000000e+01
1.680080649751497269e+09,1.615200000000000000e+04,2.080000000000000000e+02,2.360000000000000000e+02,-6.240000000000000000e+02,3.400000000000000000e+01,3.400000000000000000e+01
1.680080649752352953e+09,1.616400000000000000e+04,2.040000000000000000e+02,2.800000000000000000e+02,-6.570000000000000000e+02,2.600000000000000000e+01,4.400000000000000000e+01
1.680080649753274441e+09,1.617600000000000000e+04,1.960000000000000000e+02,4.040000000000000000e+02,-6.460000000000000000e+02,1.800000000000000000e+01,5.900000000000000000e+01
1.680080649754128695e+09,1.617600000000000000e+04,1.960000000000000000e+02,4.040000000000000000e+02,-6.430000000000000000e+02,4.100000000000000000e+01,4.400000000000000000e+01
1.680080649754969358e+09,1.622800000000000000e+04,2.520000000000000000e+02,4.840000000000000000e+02,-6.590000000000000000e+02,3.800000000000000000e+01,3.000000000000000000e+01
1.680080649755834818e+09,1.625200000000000000e+04,3.000000000000000000e+02,3.400000000000000000e+02,-6.450000000000000000e+02,4.200000000000000000e+01,2.300000000000000000e+01
1.680080649756863594e+09,1.621200000000000000e+04,3.760000000000000000e+02,3.920000000000000000e+02,-6.270000000000000000e+02,5.400000000000000000e+01,2.600000000000000000e+01
1.680080649758034229e+09,1.615200000000000000e+04,2.920000000000000000e+02,3.600000000000000000e+02,-6.460000000000000000e+02,4.500000000000000000e+01,3.700000000000000000e+01
1.680080649758910894e+09,1.619200000000000000e+04,2.560000000000000000e+02,2.480000000000000000e+02,-6.190000000000000000e+02,6.000000000000000000e+01,3.900000000000000000e+01
1.680080649759866476e+09,1.618800000000000000e+04,3.600000000000000000e+02,3.480000000000000000e+02,-6.160000000000000000e+02,7.400000000000000000e+01,4.700000000000000000e+01
1.680080649760724545e+09,1.613200000000000000e+04,2.960000000000000000e+02,4.320000000000000000e+02,-6.440000000000000000e+02,3.200000000000000000e+01,3.700000000000000000e+01
1.680080649761552811e+09,1.622000000000000000e+04,2.560000000000000000e+02,3.040000000000000000e+02,-6.310000000000000000e+02,2.200000000000000000e+01,2.100000000000000000e+01
1.680080649762428522e+09,1.622000000000000000e+04,2.880000000000000000e+02,4.440000000000000000e+02,-6.090000000000000000e+02,2.600000000000000000e+01,1.800000000000000000e+01
1.680080649763374329e+09,1.612000000000000000e+04,2.080000000000000000e+02,4.040000000000000000e+02,-6.030000000000000000e+02,7.200000000000000000e+01,2.500000000000000000e+01
1.680080649764339209e+09,1.613200000000000000e+04,2.720000000000000000e+02,4.200000000000000000e+02,-6.440000000000000000e+02,6.100000000000000000e+01,2.600000000000000000e+01
1.680080649765215635e+09,1.619200000000000000e+04,3.240000000000000000e+02,3.760000000000000000e+02,-6.720000000000000000e+02,4.100000000000000000e+01,3.200000000000000000e+01
1.680080649766192675e+09,1.617600000000000000e+04,3.240000000000000000e+02,4.000000000000000000e+02,-6.440000000000000000e+02,4.500000000000000000e+01,3.000000000000000000e+01
1.680080649767085314e+09,1.617600000000000000e+04,3.240000000000000000e+02,4.000000000000000000e+02,-6.290000000000000000e+02,3.000000000000000000e+01,2.600000000000000000e+01
1.680080649767925262e+09,1.620000000000000000e+04,3.320000000000000000e+02,4.000000000000000000e+02,-6.290000000000000000e+02,3.700000000000000000e+01,2.700000000000000000e+01
1.680080649768830776e+09,1.616000000000000000e+04,3.600000000000000000e+02,3.920000000000000000e+02,-6.240000000000000000e+02,6.000000000000000000e+01,4.700000000000000000e+01
1.680080649769767523e+09,1.624800000000000000e+04,3.480000000000000000e+02,2.840000000000000000e+02,-6.440000000000000000e+02,5.700000000000000000e+01,4.500000000000000000e+01
1.680080649770733833e+09,1.626400000000000000e+04,4.320000000000000000e+02,3.280000000000000000e+02,-6.520000000000000000e+02,4.500000000000000000e+01,3.300000000000000000e+01
1.680080649771649599e+09,1.628800000000000000e+04,3.400000000000000000e+02,2.920000000000000000e+02,-6.120000000000000000e+02,4.900000000000000000e+01,3.100000000000000000e+01
1.680080649772510529e+09,1.624400000000000000e+04,2.800000000000000000e+02,2.120000000000000000e+02,-6.060000000000000000e+02,5.700000000000000000e+01,5.000000000000000000e+01
1.680080649773506403e+09,1.619600000000000000e+04,3.040000000000000000e+02,2.560000000000000000e+02,-6.440000000000000000e+02,4.500000000000000000e+01,5.500000000000000000e+01
1.680080649774721622e+09,1.628800000000000000e+04,3.480000000000000000e+02,3.560000000000000000e+02,-6.500000000000000000e+02,3.900000000000000000e+01,4.000000000000000000e+01
1.680080649775796890e+09,1.625200000000000000e+04,3.240000000000000000e+02,3.560000000000000000e+02,-6.310000000000000000e+02,3.800000000000000000e+01,4.400000000000000000e+01
1.680080649776717901e+09,1.616400000000000000e+04,3.280000000000000000e+02,3.160000000000000000e+02,-6.350000000000000000e+02,4.500000000000000000e+01,5.000000000000000000e+01
1.680080649777565718e+09,1.618000000000000000e+04,2.640000000000000000e+02,3.000000000000000000e+02,-6.400000000000000000e+02,4.900000000000000000e+01,4.300000000000000000e+01
1.680080649778511047e+09,1.612000000000000000e+04,2.440000000000000000e+02,3.520000000000000000e+02,-6.300000000000000000e+02,5.900000000000000000e+01,4.500000000000000000e+01
1.680080649779362917e+09,1.620400000000000000e+04,3.000000000000000000e+02,4.080000000000000000e+02,-6.390000000000000000e+02,4.400000000000000000e+01,3.400000000000000000e+01
1.680080649780219555e+09,1.625600000000000000e+04,3.360000000000000000e+02,4.000000000000000000e+02,-6.530000000000000000e+02,3.500000000000000000e+01,3.900000000000000000e+01
1.680080649781057835e+09,1.625600000000000000e+04,3.360000000000000000e+02,4.000000000000000000e+02,-6.480000000000000000e+02,4.500000000000000000e+01,4.500000000000000000e+01
1.680080649782012463e+09,1.628000000000000000e+04,3.840000000000000000e+02,3.440000000000000000e+02,-6.480000000000000000e+02,4.900000000000000000e+01,3.600000000000000000e+01
1.680080649782955408e+09,1.623200000000000000e+04,3.280000000000000000e+02,3.760000000000000000e+02,-6.380000000000000000e+02,4.400000000000000000e+01,3.800000000000000000e+01
1.680080649783811331e+09,1.620000000000000000e+04,3.120000000000000000e+02,4.560000000000000000e+02,-6.330000000000000000e+02,5.600000000000000000e+01,3.000000000000000000e+01
1.680080649785086870e+09,1.618000000000000000e+04,2.960000000000000000e+02,3.880000000000000000e+02,-6.500000000000000000e+02,3.600000000000000000e+01,4.200000000000000000e+01
1.680080649786058426e+09,1.615200000000000000e+04,3.520000000000000000e+02,1.880000000000000000e+02,-6.480000000000000000e+02,2.600000000000000000e+01,5.400000000000000000e+01
1.680080649787047386e+09,1.615200000000000000e+04,3.520000000000000000e+02,1.880000000000000000e+02,-6.250000000000000000e+02,4.700000000000000000e+01,4.600000000000000000e+01
1.680080649787921429e+09,1.622000000000000000e+04,3.440000000000000000e+02,2.360000000000000000e+02,-6.490000000000000000e+02,3.800000000000000000e+01,3.100000000000000000e+01
1.680080649788939714e+09,1.616000000000000000e+04,3.000000000000000000e+02,3.920000000000000000e+02,-6.480000000000000000e+02,2.400000000000000000e+01,3.300000000000000000e+01
1.680080649789982796e+09,1.618800000000000000e+04,2.440000000000000000e+02,3.200000000000000000e+02,-6.250000000000000000e+02,3.900000000000000000e+01,1.900000000000000000e+01
1.680080649790827274e+09,1.618000000000000000e+04,2.840000000000000000e+02,2.240000000000000000e+02,-6.300000000000000000e+02,4.700000000000000000e+01,2.700000000000000000e+01
1.680080649791715145e+09,1.608800000000000000e+04,3.160000000000000000e+02,2.720000000000000000e+02,-6.390000000000000000e+02,3.700000000000000000e+01,1.500000000000000000e+01
1.680080649792652607e+09,1.615600000000000000e+04,3.400000000000000000e+02,2.720000000000000000e+02,-6.310000000000000000e+02,5.800000000000000000e+01,1.600000000000000000e+01
1.680080649793502092e+09,1.627200000000000000e+04,2.160000000000000000e+02,3.440000000000000000e+02,-6.400000000000000000e+02,5.000000000000000000e+01,3.500000000000000000e+01
1.680080649794343710e+09,1.625200000000000000e+04,2.560000000000000000e+02,5.440000000000000000e+02,-6.550000000000000000e+02,5.000000000000000000e+01,4.600000000000000000e+01
1.680080649795285702e+09,1.622800000000000000e+04,2.600000000000000000e+02,3.920000000000000000e+02,-6.360000000000000000e+02,5.000000000000000000e+01,4.100000000000000000e+01
1.680080649796242237e+09,1.609600000000000000e+04,3.080000000000000000e+02,2.920000000000000000e+02,-6.140000000000000000e+02,5.400000000000000000e+01,2.800000000000000000e+01
1.680080649797187805e+09,1.619600000000000000e+04,3.160000000000000000e+02,2.200000000000000000e+02,-6.480000000000000000e+02,4.500000000000000000e+01,8.000000000000000000e+00
1.680080649798047304e+09,1.624400000000000000e+04,2.840000000000000000e+02,2.920000000000000000e+02,-6.500000000000000000e+02,4.700000000000000000e+01,0.000000000000000000e+00
1.680080649798970461e+09,1.624400000000000000e+04,2.840000000000000000e+02,2.920000000000000000e+02,-6.480000000000000000e+02,4.400000000000000000e+01,1.700000000000000000e+01
1.680080649799831867e+09,1.626800000000000000e+04,2.360000000000000000e+02,2.640000000000000000e+02,-6.430000000000000000e+02,3.100000000000000000e+01,3.600000000000000000e+01
1.680080649800659895e+09,1.616800000000000000e+04,2.520000000000000000e+02,2.960000000000000000e+02,-6.480000000000000000e+02,2.400000000000000000e+01,3.300000000000000000e+01
1.680080649801522017e+09,1.610400000000000000e+04,2.800000000000000000e+02,3.240000000000000000e+02,-6.380000000000000000e+02,2.700000000000000000e+01,3.200000000000000000e+01
1.680080649802456856e+09,1.613200000000000000e+04,2.640000000000000000e+02,3.440000000000000000e+02,-6.350000000000000000e+02,4.100000000000000000e+01,3.900000000000000000e+01
1.680080649803398848e+09,1.622400000000000000e+04,3.280000000000000000e+02,2.960000000000000000e+02,-6.640000000000000000e+02,3.300000000000000000e+01,4.700000000000000000e+01
1.680080649804259777e+09,1.610400000000000000e+04,3.240000000000000000e+02,3.760000000000000000e+02,-6.490000000000000000e+02,2.400000000000000000e+01,4.500000000000000000e+01
1.680080649805105209e+09,1.613200000000000000e+04,3.000000000000000000e+02,3.960000000000000000e+02,-6.260000000000000000e+02,4.200000000000000000e+01,3.700000000000000000e+01
1.680080649806025028e+09,1.606800000000000000e+04,2.680000000000000000e+02,3.040000000000000000e+02,-6.230000000000000000e+02,3.500000000000000000e+01,2.900000000000000000e+01
1.680080649807021856e+09,1.623200000000000000e+04,3.200000000000000000e+02,3.480000000000000000e+02,-6.300000000000000000e+02,1.300000000000000000e+01,3.400000000000000000e+01
1.680080649807899237e+09,1.623200000000000000e+04,3.200000000000000000e+02,3.480000000000000000e+02,-5.950000000000000000e+02,1.700000000000000000e+01,2.600000000000000000e+01
1.680080649808731079e+09,1.626000000000000000e+04,2.760000000000000000e+02,3.520000000000000000e+02,-5.930000000000000000e+02,3.500000000000000000e+01,1.100000000000000000e+01
1.680080649809846878e+09,1.620800000000000000e+04,2.560000000000000000e+02,2.920000000000000000e+02,-6.440000000000000000e+02,5.700000000000000000e+01,2.700000000000000000e+01
1.680080649810786724e+09,1.619200000000000000e+04,2.880000000000000000e+02,4.360000000000000000e+02,-6.840000000000000000e+02,6.200000000000000000e+01,3.900000000000000000e+01
1.680080649811876059e+09,1.620400000000000000e+04,3.400000000000000000e+02,5.880000000000000000e+02,-6.480000000000000000e+02,4.400000000000000000e+01,4.600000000000000000e+01
1.680080649813298941e+09,1.616000000000000000e+04,3.720000000000000000e+02,4.600000000000000000e+02,-6.470000000000000000e+02,2.500000000000000000e+01,2.600000000000000000e+01
1.680080649814239740e+09,1.618000000000000000e+04,3.240000000000000000e+02,3.760000000000000000e+02,-6.520000000000000000e+02,-5.000000000000000000e+00,2.900000000000000000e+01
1.680080649815333843e+09,1.624400000000000000e+04,2.240000000000000000e+02,2.840000000000000000e+02,-6.060000000000000000e+02,3.000000000000000000e+01,2.500000000000000000e+01
1.680080649816825390e+09,1.620800000000000000e+04,3.840000000000000000e+02,1.680000000000000000e+02,-5.980000000000000000e+02,3.700000000000000000e+01,5.100000000000000000e+01
1.680080649817759275e+09,1.616000000000000000e+04,3.400000000000000000e+02,1.760000000000000000e+02,-6.240000000000000000e+02,4.600000000000000000e+01,4.000000000000000000e+01
1.680080649818961382e+09,1.620400000000000000e+04,2.640000000000000000e+02,3.320000000000000000e+02,-6.570000000000000000e+02,5.000000000000000000e+01,3.400000000000000000e+01
1.680080649820412636e+09,1.614400000000000000e+04,2.480000000000000000e+02,3.320000000000000000e+02,-6.180000000000000000e+02,3.600000000000000000e+01,4.600000000000000000e+01
1.680080649821369648e+09,1.619600000000000000e+04,2.200000000000000000e+02,2.680000000000000000e+02,-6.280000000000000000e+02,2.700000000000000000e+01,4.300000000000000000e+01
1.680080649822454453e+09,1.619600000000000000e+04,2.840000000000000000e+02,4.160000000000000000e+02,-6.340000000000000000e+02,4.900000000000000000e+01,2.700000000000000000e+01
1.680080649823867321e+09,1.620000000000000000e+04,3.120000000000000000e+02,3.480000000000000000e+02,-6.290000000000000000e+02,5.200000000000000000e+01,2.800000000000000000e+01
1.680080649824756145e+09,1.616000000000000000e+04,3.800000000000000000e+02,2.600000000000000000e+02,-6.480000000000000000e+02,2.700000000000000000e+01,2.900000000000000000e+01
1.680080649826056957e+09,1.628400000000000000e+04,3.400000000000000000e+02,3.520000000000000000e+02,-6.200000000000000000e+02,3.300000000000000000e+01,2.500000000000000000e+01
1.680080649827491522e+09,1.626000000000000000e+04,3.800000000000000000e+02,3.320000000000000000e+02,-6.460000000000000000e+02,5.100000000000000000e+01,2.600000000000000000e+01
1.680080649828395605e+09,1.623600000000000000e+04,3.440000000000000000e+02,3.320000000000000000e+02,-6.290000000000000000e+02,4.100000000000000000e+01,1.600000000000000000e+01
1.680080649829556227e+09,1.618800000000000000e+04,3.440000000000000000e+02,3.440000000000000000e+02,-6.120000000000000000e+02,3.600000000000000000e+01,2.800000000000000000e+01
1.680080649830951452e+09,1.609200000000000000e+04,3.760000000000000000e+02,3.800000000000000000e+02,-6.530000000000000000e+02,5.700000000000000000e+01,3.000000000000000000e+01
1.680080649831915617e+09,1.609200000000000000e+04,3.760000000000000000e+02,3.800000000000000000e+02,-6.810000000000000000e+02,5.500000000000000000e+01,1.100000000000000000e+01
1.680080649832984924e+09,1.618400000000000000e+04,3.720000000000000000e+02,2.960000000000000000e+02,-6.430000000000000000e+02,1.900000000000000000e+01,-2.000000000000000000e+00
1.680080649834390640e+09,1.612400000000000000e+04,3.480000000000000000e+02,4.000000000000000000e+02,-6.110000000000000000e+02,5.100000000000000000e+01,4.000000000000000000e+01
1.680080649835531950e+09,1.609600000000000000e+04,3.360000000000000000e+02,2.760000000000000000e+02,-6.460000000000000000e+02,5.700000000000000000e+01,5.100000000000000000e+01
1.680080649836439610e+09,1.616800000000000000e+04,3.520000000000000000e+02,2.400000000000000000e+02,-6.470000000000000000e+02,3.100000000000000000e+01,1.100000000000000000e+01
1.680080649837995529e+09,1.631200000000000000e+04,3.280000000000000000e+02,2.720000000000000000e+02,-6.260000000000000000e+02,3.700000000000000000e+01,2.100000000000000000e+01
1.680080649839639664e+09,1.626800000000000000e+04,2.840000000000000000e+02,3.360000000000000000e+02,-6.240000000000000000e+02,3.000000000000000000e+01,2.700000000000000000e+01
1.680080649840913773e+09,1.618400000000000000e+04,2.280000000000000000e+02,3.160000000000000000e+02,-6.100000000000000000e+02,4.300000000000000000e+01,4.800000000000000000e+01
1.680080649842380762e+09,1.620800000000000000e+04,3.080000000000000000e+02,3.920000000000000000e+02,-6.290000000000000000e+02,1.900000000000000000e+01,2.300000000000000000e+01
1.680080649843957186e+09,1.625200000000000000e+04,3.480000000000000000e+02,3.200000000000000000e+02,-6.140000000000000000e+02,3.200000000000000000e+01,4.500000000000000000e+01
1.680080649844834566e+09,1.625200000000000000e+04,3.480000000000000000e+02,3.200000000000000000e+02,-6.250000000000000000e+02,5.200000000000000000e+01,3.200000000000000000e+01
1.680080649845677137e+09,1.610400000000000000e+04,3.000000000000000000e+02,2.520000000000000000e+02,-6.510000000000000000e+02,5.200000000000000000e+01,3.600000000000000000e+01
1.680080649846716642e+09,1.617200000000000000e+04,2.920000000000000000e+02,3.000000000000000000e+02,-6.710000000000000000e+02,5.700000000000000000e+01,3.700000000000000000e+01
1.680080649847561836e+09,1.611200000000000000e+04,2.840000000000000000e+02,4.040000000000000000e+02,-6.350000000000000000e+02,5.600000000000000000e+01,4.400000000000000000e+01
1.680080649848403215e+09,1.625600000000000000e+04,2.960000000000000000e+02,4.160000000000000000e+02,-6.230000000000000000e+02,4.300000000000000000e+01,4.500000000000000000e+01
1.680080649849250317e+09,1.617600000000000000e+04,2.560000000000000000e+02,4.360000000000000000e+02,-6.280000000000000000e+02,3.100000000000000000e+01,4.400000000000000000e+01
1.680080649850390196e+09,1.617200000000000000e+04,2.720000000000000000e+02,4.240000000000000000e+02,-6.320000000000000000e+02,2.400000000000000000e+01,2.200000000000000000e+01
1.680080649851252556e+09,1.620000000000000000e+04,2.600000000000000000e+02,2.760000000000000000e+02,-6.320000000000000000e+02,3.300000000000000000e+01,3.300000000000000000e+01
1.680080649852180243e+09,1.618400000000000000e+04,2.960000000000000000e+02,2.160000000000000000e+02,-6.490000000000000000e+02,3.100000000000000000e+01,2.500000000000000000e+01
1.680080649853066444e+09,1.628400000000000000e+04,2.880000000000000000e+02,1.920000000000000000e+02,-6.260000000000000000e+02,3.200000000000000000e+01,2.700000000000000000e+01
1.680080649853897810e+09,1.626000000000000000e+04,3.800000000000000000e+02,1.680000000000000000e+02,-6.120000000000000000e+02,6.000000000000000000e+01,4.200000000000000000e+01
1.680080649855079174e+09,1.620400000000000000e+04,2.560000000000000000e+02,2.800000000000000000e+02,-6.320000000000000000e+02,9.100000000000000000e+01,6.000000000000000000e+01
1.680080649855993032e+09,1.625200000000000000e+04,3.920000000000000000e+02,3.840000000000000000e+02,-6.500000000000000000e+02,5.300000000000000000e+01,5.000000000000000000e+01
1.680080649856874704e+09,1.631600000000000000e+04,3.720000000000000000e+02,3.640000000000000000e+02,-6.520000000000000000e+02,3.100000000000000000e+01,4.800000000000000000e+01
1.680080649858006716e+09,1.614400000000000000e+04,2.680000000000000000e+02,2.640000000000000000e+02,-6.200000000000000000e+02,3.400000000000000000e+01,5.100000000000000000e+01
1.680080649858850718e+09,1.615600000000000000e+04,2.800000000000000000e+02,3.200000000000000000e+02,-6.380000000000000000e+02,3.500000000000000000e+01,5.600000000000000000e+01
1.680080649859721184e+09,1.615600000000000000e+04,2.800000000000000000e+02,3.200000000000000000e+02,-6.170000000000000000e+02,2.800000000000000000e+01,3.100000000000000000e+01
1.680080649861467361e+09,1.608800000000000000e+04,2.560000000000000000e+02,4.960000000000000000e+02,-6.180000000000000000e+02,5.200000000000000000e+01,3.600000000000000000e+01
1.680080649862435579e+09,1.618800000000000000e+04,3.880000000000000000e+02,3.800000000000000000e+02,-6.640000000000000000e+02,5.500000000000000000e+01,3.500000000000000000e+01
1.680080649863300085e+09,1.618800000000000000e+04,4.440000000000000000e+02,3.040000000000000000e+02,-6.640000000000000000e+02,4.200000000000000000e+01,2.300000000000000000e+01
1.680080649864653826e+09,1.621600000000000000e+04,2.720000000000000000e+02,3.160000000000000000e+02,-6.240000000000000000e+02,2.100000000000000000e+01,2.900000000000000000e+01
1.680080649865538836e+09,1.618800000000000000e+04,2.240000000000000000e+02,3.920000000000000000e+02,-6.380000000000000000e+02,2.200000000000000000e+01,2.700000000000000000e+01
1.680080649866398811e+09,1.624000000000000000e+04,2.920000000000000000e+02,3.400000000000000000e+02,-6.360000000000000000e+02,4.200000000000000000e+01,2.900000000000000000e+01
1.680080649867375612e+09,1.618000000000000000e+04,3.000000000000000000e+02,2.400000000000000000e+02,-6.300000000000000000e+02,5.300000000000000000e+01,3.800000000000000000e+01
1.680080649868231773e+09,1.614800000000000000e+04,2.720000000000000000e+02,3.440000000000000000e+02,-6.570000000000000000e+02,4.900000000000000000e+01,2.600000000000000000e+01
1.680080649869062662e+09,1.607600000000000000e+04,3.360000000000000000e+02,2.600000000000000000e+02,-6.370000000000000000e+02,3.700000000000000000e+01,3.000000000000000000e+01
1.680080649869907618e+09,1.615600000000000000e+04,2.800000000000000000e+02,2.280000000000000000e+02,-6.110000000000000000e+02,3.400000000000000000e+01,4.200000000000000000e+01
1.680080649870880365e+09,1.618800000000000000e+04,3.280000000000000000e+02,3.800000000000000000e+02,-6.380000000000000000e+02,1.600000000000000000e+01,4.500000000000000000e+01
1.680080649871788740e+09,1.618800000000000000e+04,3.280000000000000000e+02,3.800000000000000000e+02,-6.360000000000000000e+02,1.100000000000000000e+01,4.400000000000000000e+01
1.680080649872653961e+09,1.608400000000000000e+04,3.400000000000000000e+02,3.520000000000000000e+02,-6.070000000000000000e+02,2.200000000000000000e+01,4.100000000000000000e+01
1.680080649873536348e+09,1.619200000000000000e+04,3.440000000000000000e+02,3.880000000000000000e+02,-6.010000000000000000e+02,4.000000000000000000e+01,4.400000000000000000e+01
1.680080649875113487e+09,1.621200000000000000e+04,2.920000000000000000e+02,3.640000000000000000e+02,-6.570000000000000000e+02,4.300000000000000000e+01,4.500000000000000000e+01
1.680080649876022100e+09,1.623200000000000000e+04,3.720000000000000000e+02,2.160000000000000000e+02,-6.550000000000000000e+02,3.200000000000000000e+01,6.400000000000000000e+01
1.680080649877047777e+09,1.621200000000000000e+04,3.480000000000000000e+02,2.480000000000000000e+02,-6.070000000000000000e+02,4.700000000000000000e+01,5.700000000000000000e+01
1.680080649877899170e+09,1.615200000000000000e+04,3.400000000000000000e+02,3.400000000000000000e+02,-6.060000000000000000e+02,6.300000000000000000e+01,4.400000000000000000e+01
1.680080649878755093e+09,1.618800000000000000e+04,3.760000000000000000e+02,2.960000000000000000e+02,-6.510000000000000000e+02,5.700000000000000000e+01,2.900000000000000000e+01
1.680080649879709005e+09,1.619600000000000000e+04,3.560000000000000000e+02,2.920000000000000000e+02,-6.810000000000000000e+02,3.500000000000000000e+01,1.300000000000000000e+01
1.680080649880567312e+09,1.619600000000000000e+04,3.560000000000000000e+02,2.920000000000000000e+02,-6.280000000000000000e+02,2.600000000000000000e+01,2.800000000000000000e+01
1.680080649881419420e+09,1.624800000000000000e+04,3.160000000000000000e+02,3.720000000000000000e+02,-6.090000000000000000e+02,3.500000000000000000e+01,3.600000000000000000e+01
1.680080649882367134e+09,1.620800000000000000e+04,3.600000000000000000e+02,2.920000000000000000e+02,-6.380000000000000000e+02,5.200000000000000000e+01,2.700000000000000000e+01
1.680080649883365393e+09,1.618400000000000000e+04,3.000000000000000000e+02,2.360000000000000000e+02,-6.870000000000000000e+02,4.100000000000000000e+01,5.200000000000000000e+01
1.680080649884225607e+09,1.616400000000000000e+04,3.360000000000000000e+02,3.760000000000000000e+02,-6.730000000000000000e+02,1.500000000000000000e+01,5.600000000000000000e+01
1.680080649885092497e+09,1.617600000000000000e+04,3.640000000000000000e+02,4.120000000000000000e+02,-6.090000000000000000e+02,3.100000000000000000e+01,4.000000000000000000e+01
1.680080649885921478e+09,1.632800000000000000e+04,2.680000000000000000e+02,4.800000000000000000e+02,-5.920000000000000000e+02,4.600000000000000000e+01,3.400000000000000000e+01
1.680080649886934280e+09,1.628400000000000000e+04,3.080000000000000000e+02,3.520000000000000000e+02,-6.270000000000000000e+02,5.600000000000000000e+01,2.900000000000000000e+01
1.680080649887863636e+09,1.625600000000000000e+04,2.240000000000000000e+02,3.320000000000000000e+02,-6.550000000000000000e+02,3.900000000000000000e+01,1.200000000000000000e+01
1.680080649889027834e+09,1.627200000000000000e+04,2.680000000000000000e+02,3.000000000000000000e+02,-6.020000000000000000e+02,2.700000000000000000e+01,3.500000000000000000e+01
1.680080649890551329e+09,1.624000000000000000e+04,3.640000000000000000e+02,2.840000000000000000e+02,-6.110000000000000000e+02,5.000000000000000000e+01,5.800000000000000000e+01
1.680080649891513824e+09,1.619200000000000000e+04,3.560000000000000000e+02,4.320000000000000000e+02,-6.590000000000000000e+02,5.800000000000000000e+01,3.500000000000000000e+01
1.680080649892656326e+09,1.620400000000000000e+04,3.440000000000000000e+02,3.880000000000000000e+02,-6.720000000000000000e+02,2.100000000000000000e+01,1.200000000000000000e+01
1.680080649894072294e+09,1.626400000000000000e+04,3.400000000000000000e+02,3.360000000000000000e+02,-6.140000000000000000e+02,2.400000000000000000e+01,3.000000000000000000e+01
1.680080649894999981e+09,1.619200000000000000e+04,2.640000000000000000e+02,4.560000000000000000e+02,-6.250000000000000000e+02,3.300000000000000000e+01,3.700000000000000000e+01
1.680080649896269560e+09,1.610800000000000000e+04,2.600000000000000000e+02,4.200000000000000000e+02,-6.390000000000000000e+02,1.500000000000000000e+01,4.500000000000000000e+01
1.680080649897907734e+09,1.617600000000000000e+04,2.120000000000000000e+02,2.320000000000000000e+02,-5.870000000000000000e+02,3.300000000000000000e+01,2.100000000000000000e+01
1.680080649898835182e+09,1.615600000000000000e+04,2.960000000000000000e+02,2.280000000000000000e+02,-6.230000000000000000e+02,6.600000000000000000e+01,3.500000000000000000e+01
1.680080649900129557e+09,1.620800000000000000e+04,2.840000000000000000e+02,2.480000000000000000e+02,-6.800000000000000000e+02,5.000000000000000000e+01,3.100000000000000000e+01
1.680080649901749849e+09,1.618800000000000000e+04,3.320000000000000000e+02,3.200000000000000000e+02,-6.340000000000000000e+02,3.200000000000000000e+01,2.800000000000000000e+01
1.680080649902866602e+09,1.612400000000000000e+04,1.600000000000000000e+02,3.800000000000000000e+02,-6.480000000000000000e+02,4.900000000000000000e+01,1.600000000000000000e+01
1.680080649904026985e+09,1.622000000000000000e+04,2.280000000000000000e+02,3.200000000000000000e+02,-6.510000000000000000e+02,6.900000000000000000e+01,1.500000000000000000e+01
1.680080649905521154e+09,1.616000000000000000e+04,3.360000000000000000e+02,3.400000000000000000e+02,-6.190000000000000000e+02,5.000000000000000000e+01,3.100000000000000000e+01
1.680080649906506538e+09,1.622000000000000000e+04,3.080000000000000000e+02,4.360000000000000000e+02,-6.360000000000000000e+02,2.300000000000000000e+01,2.700000000000000000e+01
1.680080649907710791e+09,1.614000000000000000e+04,3.480000000000000000e+02,4.320000000000000000e+02,-6.260000000000000000e+02,3.900000000000000000e+01,2.100000000000000000e+01
1.680080649909140587e+09,1.614400000000000000e+04,2.440000000000000000e+02,4.240000000000000000e+02,-6.550000000000000000e+02,4.000000000000000000e+01,5.100000000000000000e+01
1.680080649910063267e+09,1.615200000000000000e+04,2.400000000000000000e+02,4.120000000000000000e+02,-6.440000000000000000e+02,3.100000000000000000e+01,4.400000000000000000e+01
1.680080649911144495e+09,1.614000000000000000e+04,3.120000000000000000e+02,3.520000000000000000e+02,-6.050000000000000000e+02,4.000000000000000000e+01,5.700000000000000000e+01
1.680080649912576675e+09,1.622400000000000000e+04,2.440000000000000000e+02,3.680000000000000000e+02,-6.430000000000000000e+02,4.400000000000000000e+01,1.800000000000000000e+01
1.680080649913494825e+09,1.622400000000000000e+04,2.560000000000000000e+02,3.800000000000000000e+02,-6.770000000000000000e+02,4.400000000000000000e+01,-1.000000000000000000e+00
1.680080649914730310e+09,1.620000000000000000e+04,3.600000000000000000e+02,5.040000000000000000e+02,-6.280000000000000000e+02,3.300000000000000000e+01,2.600000000000000000e+01
1.680080649916156530e+09,1.619600000000000000e+04,3.760000000000000000e+02,3.200000000000000000e+02,-6.170000000000000000e+02,4.800000000000000000e+01,2.200000000000000000e+01
1.680080649917158127e+09,1.610000000000000000e+04,1.880000000000000000e+02,2.040000000000000000e+02,-6.690000000000000000e+02,3.800000000000000000e+01,3.900000000000000000e+01
1.680080649918187618e+09,1.554000000000000000e+04,4.200000000000000000e+02,5.320000000000000000e+02,-6.650000000000000000e+02,-1.030000000000000000e+02,6.200000000000000000e+01
1.680080649919683695e+09,1.759600000000000000e+04,4.320000000000000000e+02,-5.320000000000000000e+02,-5.870000000000000000e+02,1.670000000000000000e+02,9.200000000000000000e+01
1.680080649920740366e+09,1.759600000000000000e+04,4.320000000000000000e+02,-5.320000000000000000e+02,-6.150000000000000000e+02,1.370000000000000000e+02,4.900000000000000000e+01
1.680080649921747208e+09,1.676000000000000000e+04,1.440000000000000000e+02,8.400000000000000000e+01,-6.920000000000000000e+02,1.400000000000000000e+01,-7.600000000000000000e+01
1.680080649922602654e+09,1.451200000000000000e+04,5.640000000000000000e+02,2.560000000000000000e+02,-6.630000000000000000e+02,3.400000000000000000e+01,-6.500000000000000000e+01
1.680080649923442364e+09,1.451200000000000000e+04,5.640000000000000000e+02,2.560000000000000000e+02,-6.220000000000000000e+02,-1.000000000000000000e+00,2.300000000000000000e+01
1.680080649924543381e+09,1.434800000000000000e+04,5.960000000000000000e+02,8.640000000000000000e+02,-6.160000000000000000e+02,8.300000000000000000e+01,1.130000000000000000e+02
1.680080649925413609e+09,1.614000000000000000e+04,5.200000000000000000e+02,4.000000000000000000e+00,-6.520000000000000000e+02,-5.000000000000000000e+00,9.900000000000000000e+01
1.680080649926516533e+09,1.657600000000000000e+04,8.400000000000000000e+01,5.640000000000000000e+02,-6.180000000000000000e+02,7.200000000000000000e+01,6.000000000000000000e+01
1.680080649927392244e+09,1.653600000000000000e+04,5.600000000000000000e+01,-1.600000000000000000e+01,-6.190000000000000000e+02,-4.500000000000000000e+01,3.000000000000000000e+01
1.680080649928242207e+09,1.594800000000000000e+04,5.320000000000000000e+02,5.800000000000000000e+02,-6.480000000000000000e+02,7.000000000000000000e+01,6.900000000000000000e+01
1.680080649929220676e+09,1.533600000000000000e+04,2.680000000000000000e+02,-3.440000000000000000e+02,-6.780000000000000000e+02,1.440000000000000000e+02,7.300000000000000000e+01
1.680080649932390928e+09,1.815200000000000000e+04,3.200000000000000000e+02,3.920000000000000000e+02,-6.610000000000000000e+02,3.500000000000000000e+01,2.400000000000000000e+01
1.680080649933504581e+09,1.662800000000000000e+04,5.880000000000000000e+02,3.600000000000000000e+01,-6.240000000000000000e+02,7.800000000000000000e+01,1.040000000000000000e+02
1.680080649934427500e+09,1.662800000000000000e+04,5.880000000000000000e+02,3.600000000000000000e+01,-6.090000000000000000e+02,4.000000000000000000e+00,1.180000000000000000e+02
1.680080649935639858e+09,1.723600000000000000e+04,-4.000000000000000000e+00,4.240000000000000000e+02,-6.200000000000000000e+02,7.500000000000000000e+01,4.400000000000000000e+01
1.680080649936741114e+09,1.690800000000000000e+04,2.360000000000000000e+02,7.680000000000000000e+02,-6.520000000000000000e+02,-3.000000000000000000e+00,-2.400000000000000000e+01
1.680080649937842846e+09,1.554000000000000000e+04,5.960000000000000000e+02,-1.320000000000000000e+02,-6.400000000000000000e+02,6.200000000000000000e+01,-6.000000000000000000e+00
1.680080649938760519e+09,1.567200000000000000e+04,3.640000000000000000e+02,5.680000000000000000e+02,-6.330000000000000000e+02,9.100000000000000000e+01,4.100000000000000000e+01
1.680080649939608335e+09,1.670400000000000000e+04,1.200000000000000000e+02,6.080000000000000000e+02,-6.510000000000000000e+02,2.200000000000000000e+01,4.500000000000000000e+01
1.680080649940768957e+09,1.646400000000000000e+04,1.280000000000000000e+02,1.600000000000000000e+02,-6.430000000000000000e+02,1.400000000000000000e+01,3.700000000000000000e+01
1.680080649941663504e+09,1.581600000000000000e+04,4.640000000000000000e+02,2.320000000000000000e+02,-6.340000000000000000e+02,6.300000000000000000e+01,2.800000000000000000e+01
1.680080649942518234e+09,1.668400000000000000e+04,3.440000000000000000e+02,3.480000000000000000e+02,-6.360000000000000000e+02,9.000000000000000000e+01,3.700000000000000000e+01
1.680080649943499565e+09,1.629600000000000000e+04,3.080000000000000000e+02,3.600000000000000000e+02,-6.640000000000000000e+02,1.700000000000000000e+01,5.100000000000000000e+01
1.680080649944446802e+09,1.629600000000000000e+04,3.080000000000000000e+02,3.600000000000000000e+02,-6.470000000000000000e+02,1.500000000000000000e+01,1.900000000000000000e+01
1.680080649945342779e+09,1.537200000000000000e+04,8.800000000000000000e+01,4.000000000000000000e+02,-6.140000000000000000e+02,3.000000000000000000e+00,-5.000000000000000000e+00
1.680080649946184635e+09,1.603200000000000000e+04,3.440000000000000000e+02,5.800000000000000000e+02,-6.140000000000000000e+02,5.400000000000000000e+01,3.600000000000000000e+01
1.680080649947310686e+09,1.679200000000000000e+04,4.720000000000000000e+02,-4.000000000000000000e+01,-6.410000000000000000e+02,8.300000000000000000e+01,7.400000000000000000e+01
1.680080649948182821e+09,1.581200000000000000e+04,3.400000000000000000e+02,5.120000000000000000e+02,-6.380000000000000000e+02,2.400000000000000000e+01,7.300000000000000000e+01
1.680080649949244976e+09,1.613200000000000000e+04,9.200000000000000000e+01,4.200000000000000000e+02,-5.960000000000000000e+02,2.100000000000000000e+01,4.900000000000000000e+01
1.680080649950108528e+09,1.663200000000000000e+04,1.560000000000000000e+02,1.840000000000000000e+02,-6.050000000000000000e+02,2.000000000000000000e+00,1.500000000000000000e+01
1.680080649950951099e+09,1.608000000000000000e+04,3.960000000000000000e+02,2.440000000000000000e+02,-6.310000000000000000e+02,7.700000000000000000e+01,7.000000000000000000e+00
1.680080649951825142e+09,1.590000000000000000e+04,4.680000000000000000e+02,2.200000000000000000e+02,-6.750000000000000000e+02,5.800000000000000000e+01,2.100000000000000000e+01
1.680080649952749252e+09,1.614800000000000000e+04,3.000000000000000000e+02,8.160000000000000000e+02,-6.600000000000000000e+02,-1.200000000000000000e+01,4.800000000000000000e+01
1.680080649953693867e+09,1.566400000000000000e+04,1.520000000000000000e+02,1.600000000000000000e+01,-6.100000000000000000e+02,4.100000000000000000e+01,5.800000000000000000e+01
1.680080649954596043e+09,1.635600000000000000e+04,2.480000000000000000e+02,5.280000000000000000e+02,-6.050000000000000000e+02,3.200000000000000000e+01,1.900000000000000000e+01
1.680080649955455542e+09,1.643200000000000000e+04,4.360000000000000000e+02,3.600000000000000000e+01,-6.220000000000000000e+02,8.700000000000000000e+01,8.000000000000000000e+00
1.680080649956467867e+09,1.643200000000000000e+04,4.360000000000000000e+02,3.600000000000000000e+01,-6.630000000000000000e+02,6.700000000000000000e+01,0.000000000000000000e+00
1.680080649957349062e+09,1.612400000000000000e+04,3.520000000000000000e+02,6.360000000000000000e+02,-6.210000000000000000e+02,6.000000000000000000e+00,-1.000000000000000000e+00
1.680080649958234549e+09,1.562400000000000000e+04,2.440000000000000000e+02,5.200000000000000000e+02,-5.980000000000000000e+02,1.900000000000000000e+01,2.400000000000000000e+01
1.680080649959204674e+09,1.630400000000000000e+04,3.400000000000000000e+02,2.400000000000000000e+02,-6.200000000000000000e+02,6.000000000000000000e+00,4.200000000000000000e+01
1.680080649960132122e+09,1.589200000000000000e+04,3.680000000000000000e+02,2.560000000000000000e+02,-6.610000000000000000e+02,7.400000000000000000e+01,3.100000000000000000e+01
1.680080649961060286e+09,1.592400000000000000e+04,3.640000000000000000e+02,1.960000000000000000e+02,-6.630000000000000000e+02,6.100000000000000000e+01,4.600000000000000000e+01
1.680080649962068796e+09,1.677600000000000000e+04,2.840000000000000000e+02,5.720000000000000000e+02,-6.210000000000000000e+02,1.100000000000000000e+01,6.400000000000000000e+01
1.680080649963117838e+09,1.649200000000000000e+04,3.400000000000000000e+02,1.720000000000000000e+02,-6.110000000000000000e+02,3.800000000000000000e+01,5.700000000000000000e+01
1.680080649963954210e+09,1.594000000000000000e+04,2.000000000000000000e+02,3.200000000000000000e+02,-6.340000000000000000e+02,5.500000000000000000e+01,4.100000000000000000e+01
1.680080649964943171e+09,1.614400000000000000e+04,3.560000000000000000e+02,2.080000000000000000e+02,-6.530000000000000000e+02,8.100000000000000000e+01,4.000000000000000000e+01
1.680080649965803146e+09,1.617600000000000000e+04,3.960000000000000000e+02,2.360000000000000000e+02,-6.520000000000000000e+02,7.800000000000000000e+01,5.700000000000000000e+01
1.680080649966768503e+09,1.618800000000000000e+04,2.040000000000000000e+02,7.400000000000000000e+02,-6.240000000000000000e+02,4.600000000000000000e+01,4.500000000000000000e+01
1.680080649967663765e+09,1.617200000000000000e+04,3.920000000000000000e+02,8.800000000000000000e+01,-6.410000000000000000e+02,4.600000000000000000e+01,3.600000000000000000e+01
1.680080649968684196e+09,1.650400000000000000e+04,4.120000000000000000e+02,3.560000000000000000e+02,-6.260000000000000000e+02,2.200000000000000000e+01,2.700000000000000000e+01
1.680080649970018864e+09,1.612800000000000000e+04,3.080000000000000000e+02,4.800000000000000000e+01,-6.180000000000000000e+02,8.900000000000000000e+01,2.100000000000000000e+01
1.680080649971522331e+09,1.614400000000000000e+04,3.120000000000000000e+02,3.560000000000000000e+02,-6.590000000000000000e+02,5.800000000000000000e+01,2.500000000000000000e+01
1.680080649972637892e+09,1.630400000000000000e+04,3.240000000000000000e+02,2.520000000000000000e+02,-6.000000000000000000e+02,4.600000000000000000e+01,4.200000000000000000e+01
1.680080649973721743e+09,1.640400000000000000e+04,3.040000000000000000e+02,3.520000000000000000e+02,-6.220000000000000000e+02,2.400000000000000000e+01,3.900000000000000000e+01
1.680080649975156546e+09,1.630400000000000000e+04,3.360000000000000000e+02,2.000000000000000000e+02,-6.220000000000000000e+02,4.600000000000000000e+01,2.800000000000000000e+01
1.680080649976135492e+09,1.601600000000000000e+04,3.400000000000000000e+02,2.480000000000000000e+02,-6.460000000000000000e+02,4.000000000000000000e+01,3.900000000000000000e+01
1.680080649977381229e+09,1.610000000000000000e+04,3.280000000000000000e+02,4.400000000000000000e+02,-6.360000000000000000e+02,3.400000000000000000e+01,4.900000000000000000e+01
1.680080649978819132e+09,1.618400000000000000e+04,2.320000000000000000e+02,3.280000000000000000e+02,-6.200000000000000000e+02,2.400000000000000000e+01,4.900000000000000000e+01
1.680080649979830265e+09,1.619600000000000000e+04,3.240000000000000000e+02,3.120000000000000000e+02,-6.380000000000000000e+02,4.600000000000000000e+01,3.600000000000000000e+01
1.680080649980996132e+09,1.615600000000000000e+04,3.520000000000000000e+02,4.720000000000000000e+02,-6.550000000000000000e+02,4.100000000000000000e+01,2.500000000000000000e+01
1.680080649982422829e+09,1.614800000000000000e+04,3.040000000000000000e+02,4.280000000000000000e+02,-6.540000000000000000e+02,5.400000000000000000e+01,3.500000000000000000e+01
1.680080649983448982e+09,1.620400000000000000e+04,3.920000000000000000e+02,3.320000000000000000e+02,-6.250000000000000000e+02,5.200000000000000000e+01,5.100000000000000000e+01
1.680080649984835148e+09,1.622000000000000000e+04,3.440000000000000000e+02,3.840000000000000000e+02,-6.340000000000000000e+02,4.500000000000000000e+01,5.900000000000000000e+01
1.680080649986280680e+09,1.615200000000000000e+04,2.160000000000000000e+02,4.160000000000000000e+02,-6.320000000000000000e+02,1.700000000000000000e+01,4.200000000000000000e+01
1.680080649987246037e+09,1.615200000000000000e+04,2.440000000000000000e+02,2.120000000000000000e+02,-6.440000000000000000e+02,4.900000000000000000e+01,4.700000000000000000e+01
1.680080649988424540e+09,1.632800000000000000e+04,3.360000000000000000e+02,1.720000000000000000e+02,-6.140000000000000000e+02,5.000000000000000000e+01,1.500000000000000000e+01
1.680080649989908218e+09,1.628000000000000000e+04,3.120000000000000000e+02,3.320000000000000000e+02,-6.600000000000000000e+02,2.900000000000000000e+01,1.700000000000000000e+01
1.680080649990848780e+09,1.618000000000000000e+04,5.040000000000000000e+02,3.640000000000000000e+02,-6.620000000000000000e+02,2.100000000000000000e+01,4.700000000000000000e+01
1.680080649991983652e+09,1.612000000000000000e+04,4.480000000000000000e+02,2.640000000000000000e+02,-6.080000000000000000e+02,4.800000000000000000e+01,6.700000000000000000e+01
1.680080649993394613e+09,1.622800000000000000e+04,3.320000000000000000e+02,4.520000000000000000e+02,-6.490000000000000000e+02,4.600000000000000000e+01,4.000000000000000000e+01
1.680080649994411469e+09,1.617600000000000000e+04,2.720000000000000000e+02,3.320000000000000000e+02,-6.860000000000000000e+02,2.600000000000000000e+01,2.600000000000000000e+01
1.680080649995308399e+09,1.619200000000000000e+04,2.560000000000000000e+02,3.200000000000000000e+02,-6.600000000000000000e+02,2.600000000000000000e+01,9.000000000000000000e+00
1.680080649996950388e+09,1.620800000000000000e+04,3.800000000000000000e+02,3.200000000000000000e+02,-5.960000000000000000e+02,5.300000000000000000e+01,3.600000000000000000e+01
1.680080649998447418e+09,1.614400000000000000e+04,3.160000000000000000e+02,4.000000000000000000e+02,-6.500000000000000000e+02,4.100000000000000000e+01,4.100000000000000000e+01
1.680080649999669552e+09,1.620000000000000000e+04,2.480000000000000000e+02,3.920000000000000000e+02,-6.450000000000000000e+02,1.100000000000000000e+01,4.300000000000000000e+01
1.680080650001091242e+09,1.618000000000000000e+04,2.760000000000000000e+02,3.560000000000000000e+02,-5.980000000000000000e+02,2.800000000000000000e+01,2.600000000000000000e+01
1.680080650002560616e+09,1.608400000000000000e+04,2.600000000000000000e+02,4.080000000000000000e+02,-6.460000000000000000e+02,5.300000000000000000e+01,3.100000000000000000e+01
1.680080650003530025e+09,1.600800000000000000e+04,4.000000000000000000e+02,2.720000000000000000e+02,-6.620000000000000000e+02,5.200000000000000000e+01,2.000000000000000000e+01
1.680080650004412651e+09,1.621200000000000000e+04,3.640000000000000000e+02,5.520000000000000000e+02,-6.010000000000000000e+02,3.700000000000000000e+01,1.700000000000000000e+01
1.680080650005292654e+09,1.632400000000000000e+04,3.560000000000000000e+02,2.840000000000000000e+02,-5.840000000000000000e+02,3.400000000000000000e+01,3.000000000000000000e+01
1.680080650006151438e+09,1.632400000000000000e+04,3.560000000000000000e+02,2.840000000000000000e+02,-6.270000000000000000e+02,5.400000000000000000e+01,5.100000000000000000e+01
1.680080650007403612e+09,1.612000000000000000e+04,2.760000000000000000e+02,4.040000000000000000e+02,-6.700000000000000000e+02,5.000000000000000000e+01,4.400000000000000000e+01
1.680080650008284569e+09,1.611200000000000000e+04,2.880000000000000000e+02,2.520000000000000000e+02,-6.500000000000000000e+02,1.400000000000000000e+01,3.200000000000000000e+01
1.680080650009310484e+09,1.619600000000000000e+04,2.360000000000000000e+02,1.640000000000000000e+02,-6.110000000000000000e+02,1.700000000000000000e+01,1.900000000000000000e+01
1.680080650010190487e+09,1.619600000000000000e+04,2.360000000000000000e+02,1.640000000000000000e+02,-6.010000000000000000e+02,5.700000000000000000e+01,1.800000000000000000e+01
1.680080650011039734e+09,1.613200000000000000e+04,2.520000000000000000e+02,2.160000000000000000e+02,-6.190000000000000000e+02,6.700000000000000000e+01,3.800000000000000000e+01
1.680080650012045145e+09,1.614800000000000000e+04,2.720000000000000000e+02,4.040000000000000000e+02,-6.530000000000000000e+02,5.100000000000000000e+01,1.800000000000000000e+01
1.680080650012898207e+09,1.613600000000000000e+04,3.040000000000000000e+02,4.160000000000000000e+02,-6.370000000000000000e+02,5.800000000000000000e+01,2.300000000000000000e+01
1.680080650013780832e+09,1.618400000000000000e+04,3.440000000000000000e+02,3.600000000000000000e+02,-6.340000000000000000e+02,5.300000000000000000e+01,3.400000000000000000e+01
1.680080650014881849e+09,1.622400000000000000e+04,2.920000000000000000e+02,3.120000000000000000e+02,-6.340000000000000000e+02,3.600000000000000000e+01,1.900000000000000000e+01
1.680080650015759706e+09,1.619200000000000000e+04,3.240000000000000000e+02,3.680000000000000000e+02,-6.250000000000000000e+02,3.000000000000000000e+01,2.400000000000000000e+01
1.680080650016868114e+09,1.620000000000000000e+04,2.200000000000000000e+02,4.160000000000000000e+02,-6.040000000000000000e+02,4.000000000000000000e+01,1.600000000000000000e+01
1.680080650017729044e+09,1.618000000000000000e+04,3.200000000000000000e+02,3.680000000000000000e+02,-6.110000000000000000e+02,5.100000000000000000e+01,3.900000000000000000e+01
1.680080650018597126e+09,1.620000000000000000e+04,3.080000000000000000e+02,2.960000000000000000e+02,-6.430000000000000000e+02,4.800000000000000000e+01,3.300000000000000000e+01
1.680080650019504786e+09,1.623600000000000000e+04,2.760000000000000000e+02,3.520000000000000000e+02,-6.330000000000000000e+02,4.300000000000000000e+01,3.400000000000000000e+01
1.680080650020382643e+09,1.620800000000000000e+04,3.640000000000000000e+02,4.520000000000000000e+02,-6.220000000000000000e+02,5.000000000000000000e+01,5.000000000000000000e+01
1.680080650021236658e+09,1.605200000000000000e+04,3.680000000000000000e+02,3.320000000000000000e+02,-6.310000000000000000e+02,4.100000000000000000e+01,4.300000000000000000e+01
1.680080650022244215e+09,1.612800000000000000e+04,3.320000000000000000e+02,2.280000000000000000e+02,-6.270000000000000000e+02,2.600000000000000000e+01,1.100000000000000000e+01
1.680080650023098230e+09,1.612800000000000000e+04,3.320000000000000000e+02,2.280000000000000000e+02,-6.180000000000000000e+02,1.500000000000000000e+01,1.800000000000000000e+01
1.680080650024025440e+09,1.623200000000000000e+04,2.480000000000000000e+02,3.840000000000000000e+02,-6.190000000000000000e+02,2.700000000000000000e+01,4.600000000000000000e+01
1.680080650025260448e+09,1.624400000000000000e+04,2.760000000000000000e+02,3.640000000000000000e+02,-6.630000000000000000e+02,3.900000000000000000e+01,6.100000000000000000e+01
1.680080650026144981e+09,1.621200000000000000e+04,3.200000000000000000e+02,2.800000000000000000e+02,-6.530000000000000000e+02,4.300000000000000000e+01,3.000000000000000000e+01
1.680080650027144194e+09,1.602400000000000000e+04,3.320000000000000000e+02,3.480000000000000000e+02,-6.160000000000000000e+02,4.700000000000000000e+01,1.000000000000000000e+01
1.680080650028111935e+09,1.612000000000000000e+04,2.680000000000000000e+02,3.400000000000000000e+02,-6.410000000000000000e+02,1.500000000000000000e+01,3.300000000000000000e+01
1.680080650028979301e+09,1.624400000000000000e+04,2.400000000000000000e+02,4.520000000000000000e+02,-6.030000000000000000e+02,2.900000000000000000e+01,6.400000000000000000e+01
1.680080650029943228e+09,1.632800000000000000e+04,2.920000000000000000e+02,3.200000000000000000e+02,-6.010000000000000000e+02,1.900000000000000000e+01,4.900000000000000000e+01
1.680080650030873060e+09,1.623600000000000000e+04,2.520000000000000000e+02,3.360000000000000000e+02,-6.200000000000000000e+02,3.600000000000000000e+01,2.500000000000000000e+01
1.680080650031749487e+09,1.615200000000000000e+04,2.720000000000000000e+02,2.880000000000000000e+02,-6.590000000000000000e+02,2.300000000000000000e+01,2.300000000000000000e+01
1.680080650032698870e+09,1.633200000000000000e+04,2.360000000000000000e+02,2.240000000000000000e+02,-6.450000000000000000e+02,1.900000000000000000e+01,3.100000000000000000e+01
1.680080650033582449e+09,1.625200000000000000e+04,2.400000000000000000e+02,3.480000000000000000e+02,-5.900000000000000000e+02,3.300000000000000000e+01,2.400000000000000000e+01
1.680080650034436703e+09,1.611600000000000000e+04,3.320000000000000000e+02,2.240000000000000000e+02,-6.040000000000000000e+02,4.900000000000000000e+01,4.400000000000000000e+01
1.680080650035390377e+09,1.613200000000000000e+04,3.320000000000000000e+02,2.520000000000000000e+02,-6.580000000000000000e+02,3.900000000000000000e+01,3.100000000000000000e+01
1.680080650036249399e+09,1.625200000000000000e+04,3.400000000000000000e+02,1.800000000000000000e+02,-6.590000000000000000e+02,2.300000000000000000e+01,4.000000000000000000e+01
1.680080650037324429e+09,1.616800000000000000e+04,2.920000000000000000e+02,2.560000000000000000e+02,-6.340000000000000000e+02,2.800000000000000000e+01,3.300000000000000000e+01
1.680080650038235664e+09,1.601600000000000000e+04,2.880000000000000000e+02,3.840000000000000000e+02,-6.380000000000000000e+02,2.300000000000000000e+01,3.400000000000000000e+01
1.680080650039096117e+09,1.601600000000000000e+04,2.880000000000000000e+02,3.840000000000000000e+02,-6.370000000000000000e+02,3.600000000000000000e+01,3.700000000000000000e+01
1.680080650040132046e+09,1.636400000000000000e+04,2.520000000000000000e+02,4.160000000000000000e+02,-6.330000000000000000e+02,6.200000000000000000e+01,3.600000000000000000e+01
1.680080650040994644e+09,1.636400000000000000e+04,2.520000000000000000e+02,4.160000000000000000e+02,-6.290000000000000000e+02,6.300000000000000000e+01,2.300000000000000000e+01
1.680080650041880846e+09,1.590800000000000000e+04,3.080000000000000000e+02,4.320000000000000000e+02,-6.370000000000000000e+02,6.500000000000000000e+01,6.000000000000000000e+00
1.680080650042809963e+09,1.593200000000000000e+04,2.640000000000000000e+02,3.680000000000000000e+02,-6.460000000000000000e+02,2.900000000000000000e+01,1.300000000000000000e+01
1.680080650043815851e+09,1.629600000000000000e+04,2.960000000000000000e+02,4.720000000000000000e+02,-6.260000000000000000e+02,1.700000000000000000e+01,3.000000000000000000e+01
1.680080650044817209e+09,1.619200000000000000e+04,3.040000000000000000e+02,5.520000000000000000e+02,-6.230000000000000000e+02,3.100000000000000000e+01,3.800000000000000000e+01
1.680080650045812130e+09,1.604800000000000000e+04,3.120000000000000000e+02,2.840000000000000000e+02,-6.460000000000000000e+02,4.200000000000000000e+01,3.200000000000000000e+01
1.680080650046977997e+09,1.620800000000000000e+04,3.240000000000000000e+02,4.320000000000000000e+02,-6.680000000000000000e+02,1.500000000000000000e+01,2.600000000000000000e+01
1.680080650048430443e+09,1.606400000000000000e+04,3.040000000000000000e+02,3.600000000000000000e+02,-6.190000000000000000e+02,1.900000000000000000e+01,1.200000000000000000e+01
1.680080650049350739e+09,1.614400000000000000e+04,3.560000000000000000e+02,3.200000000000000000e+02,-6.250000000000000000e+02,4.800000000000000000e+01,1.600000000000000000e+01
1.680080650050509214e+09,1.636800000000000000e+04,3.760000000000000000e+02,3.080000000000000000e+02,-6.600000000000000000e+02,5.400000000000000000e+01,3.000000000000000000e+01
1.680080650051954031e+09,1.618800000000000000e+04,3.240000000000000000e+02,3.960000000000000000e+02,-6.330000000000000000e+02,2.700000000000000000e+01,2.800000000000000000e+01
1.680080650052980423e+09,1.601200000000000000e+04,2.680000000000000000e+02,4.280000000000000000e+02,-5.900000000000000000e+02,4.400000000000000000e+01,4.700000000000000000e+01
1.680080650054245234e+09,1.652400000000000000e+04,3.440000000000000000e+02,3.760000000000000000e+02,-6.180000000000000000e+02,7.300000000000000000e+01,2.900000000000000000e+01
1.680080650055778265e+09,1.610000000000000000e+04,3.440000000000000000e+02,4.440000000000000000e+02,-6.580000000000000000e+02,8.000000000000000000e+00,2.100000000000000000e+01
1.680080650056735754e+09,1.582400000000000000e+04,3.360000000000000000e+02,3.240000000000000000e+02,-6.100000000000000000e+02,6.000000000000000000e+00,3.500000000000000000e+01
1.680080650057886362e+09,1.607600000000000000e+04,3.840000000000000000e+02,2.880000000000000000e+02,-6.150000000000000000e+02,3.400000000000000000e+01,5.700000000000000000e+01
1.680080650059351206e+09,1.658800000000000000e+04,3.160000000000000000e+02,3.640000000000000000e+02,-6.480000000000000000e+02,5.200000000000000000e+01,3.800000000000000000e+01
1.680080650060463428e+09,1.605600000000000000e+04,3.640000000000000000e+02,4.120000000000000000e+02,-6.400000000000000000e+02,2.000000000000000000e+01,1.800000000000000000e+01
1.680080650061697960e+09,1.560400000000000000e+04,3.280000000000000000e+02,4.480000000000000000e+02,-6.290000000000000000e+02,4.000000000000000000e+01,2.900000000000000000e+01
1.680080650063233852e+09,1.648000000000000000e+04,3.040000000000000000e+02,1.560000000000000000e+02,-6.300000000000000000e+02,2.700000000000000000e+01,3.400000000000000000e+01
1.680080650064198256e+09,1.616400000000000000e+04,2.720000000000000000e+02,1.800000000000000000e+02,-6.050000000000000000e+02,4.600000000000000000e+01,1.900000000000000000e+01
1.680080650065322161e+09,1.592800000000000000e+04,2.440000000000000000e+02,3.960000000000000000e+02,-6.450000000000000000e+02,2.900000000000000000e+01,2.200000000000000000e+01
1.680080650066986561e+09,1.606800000000000000e+04,3.080000000000000000e+02,1.680000000000000000e+02,-6.080000000000000000e+02,3.600000000000000000e+01,2.400000000000000000e+01
1.680080650067905188e+09,1.622000000000000000e+04,2.920000000000000000e+02,2.040000000000000000e+02,-6.200000000000000000e+02,2.700000000000000000e+01,2.600000000000000000e+01
1.680080650069113255e+09,1.593600000000000000e+04,3.760000000000000000e+02,3.160000000000000000e+02,-6.600000000000000000e+02,5.200000000000000000e+01,2.300000000000000000e+01
1.680080650070688963e+09,1.633200000000000000e+04,3.720000000000000000e+02,3.320000000000000000e+02,-6.560000000000000000e+02,5.600000000000000000e+01,3.300000000000000000e+01
1.680080650071653605e+09,1.659600000000000000e+04,3.000000000000000000e+02,2.520000000000000000e+02,-6.350000000000000000e+02,3.100000000000000000e+01,2.500000000000000000e+01
1.680080650072580099e+09,1.654400000000000000e+04,2.360000000000000000e+02,3.120000000000000000e+02,-6.280000000000000000e+02,3.800000000000000000e+01,2.500000000000000000e+01
1.680080650074193001e+09,1.603200000000000000e+04,2.600000000000000000e+02,2.600000000000000000e+02,-6.430000000000000000e+02,3.600000000000000000e+01,1.700000000000000000e+01
1.680080650075762033e+09,1.627600000000000000e+04,3.400000000000000000e+02,2.880000000000000000e+02,-6.400000000000000000e+02,4.100000000000000000e+01,4.000000000000000000e+01
1.680080650077029705e+09,1.644400000000000000e+04,2.640000000000000000e+02,4.000000000000000000e+02,-6.450000000000000000e+02,-2.000000000000000000e+00,2.800000000000000000e+01
1.680080650078488827e+09,1.618800000000000000e+04,2.960000000000000000e+02,1.720000000000000000e+02,-6.240000000000000000e+02,7.100000000000000000e+01,2.600000000000000000e+01
1.680080650079966545e+09,1.640400000000000000e+04,3.520000000000000000e+02,4.840000000000000000e+02,-6.380000000000000000e+02,3.900000000000000000e+01,3.900000000000000000e+01
1.680080650080946922e+09,1.622800000000000000e+04,3.600000000000000000e+02,1.800000000000000000e+02,-6.170000000000000000e+02,4.000000000000000000e+00,3.400000000000000000e+01
1.680080650081852913e+09,1.603200000000000000e+04,2.760000000000000000e+02,3.680000000000000000e+02,-5.990000000000000000e+02,2.300000000000000000e+01,3.400000000000000000e+01
1.680080650082706451e+09,1.600800000000000000e+04,3.120000000000000000e+02,4.280000000000000000e+02,-6.230000000000000000e+02,6.300000000000000000e+01,4.200000000000000000e+01
1.680080650083686352e+09,1.661600000000000000e+04,3.960000000000000000e+02,2.040000000000000000e+02,-6.700000000000000000e+02,5.800000000000000000e+01,3.300000000000000000e+01
1.680080650084541082e+09,1.652000000000000000e+04,2.640000000000000000e+02,3.200000000000000000e+02,-6.750000000000000000e+02,5.100000000000000000e+01,1.600000000000000000e+01
1.680080650085598230e+09,1.577200000000000000e+04,3.320000000000000000e+02,3.520000000000000000e+02,-6.260000000000000000e+02,4.000000000000000000e+01,1.600000000000000000e+01
1.680080650086602688e+09,1.577200000000000000e+04,3.640000000000000000e+02,2.720000000000000000e+02,-6.150000000000000000e+02,4.800000000000000000e+01,2.700000000000000000e+01
1.680080650087475538e+09,1.651200000000000000e+04,3.720000000000000000e+02,2.640000000000000000e+02,-6.300000000000000000e+02,3.000000000000000000e+01,3.700000000000000000e+01
1.680080650088570118e+09,1.638000000000000000e+04,3.080000000000000000e+02,4.120000000000000000e+02,-6.090000000000000000e+02,3.900000000000000000e+01,2.600000000000000000e+01
1.680080650089427233e+09,1.596000000000000000e+04,3.400000000000000000e+02,3.320000000000000000e+02,-6.150000000000000000e+02,5.400000000000000000e+01,2.500000000000000000e+01
1.680080650090512991e+09,1.594000000000000000e+04,3.120000000000000000e+02,3.120000000000000000e+02,-6.280000000000000000e+02,5.500000000000000000e+01,3.900000000000000000e+01
1.680080650091380835e+09,1.628800000000000000e+04,3.640000000000000000e+02,3.280000000000000000e+02,-6.420000000000000000e+02,3.700000000000000000e+01,3.000000000000000000e+01
1.680080650092311144e+09,1.619600000000000000e+04,2.960000000000000000e+02,1.800000000000000000e+02,-6.190000000000000000e+02,1.500000000000000000e+01,8.000000000000000000e+00
1.680080650093259573e+09,1.614000000000000000e+04,3.400000000000000000e+02,2.960000000000000000e+02,-6.170000000000000000e+02,6.800000000000000000e+01,1.000000000000000000e+01
1.680080650094191313e+09,1.622800000000000000e+04,2.800000000000000000e+02,5.200000000000000000e+02,-6.430000000000000000e+02,7.100000000000000000e+01,2.500000000000000000e+01
1.680080650095213175e+09,1.602400000000000000e+04,3.080000000000000000e+02,4.120000000000000000e+02,-6.700000000000000000e+02,2.100000000000000000e+01,5.900000000000000000e+01
1.680080650096068859e+09,1.598400000000000000e+04,4.000000000000000000e+02,2.640000000000000000e+02,-6.540000000000000000e+02,-1.100000000000000000e+01,6.300000000000000000e+01
1.680080650096964836e+09,1.606800000000000000e+04,3.200000000000000000e+02,2.680000000000000000e+02,-6.000000000000000000e+02,9.000000000000000000e+00,5.000000000000000000e+01
1.680080650097943544e+09,1.655200000000000000e+04,2.840000000000000000e+02,1.240000000000000000e+02,-5.810000000000000000e+02,7.000000000000000000e+01,3.100000000000000000e+01
1.680080650098839521e+09,1.655200000000000000e+04,2.840000000000000000e+02,1.240000000000000000e+02,-6.270000000000000000e+02,7.600000000000000000e+01,1.400000000000000000e+01
1.680080650099722862e+09,1.650800000000000000e+04,3.080000000000000000e+02,3.080000000000000000e+02,-6.830000000000000000e+02,4.600000000000000000e+01,2.800000000000000000e+01
1.680080650100687981e+09,1.600800000000000000e+04,2.520000000000000000e+02,2.080000000000000000e+02,-6.610000000000000000e+02,3.300000000000000000e+01,8.000000000000000000e+00
1.680080650101540327e+09,1.573600000000000000e+04,3.960000000000000000e+02,4.200000000000000000e+02,-6.140000000000000000e+02,5.700000000000000000e+01,1.700000000000000000e+01
1.680080650102457047e+09,1.604000000000000000e+04,2.560000000000000000e+02,1.920000000000000000e+02,-6.140000000000000000e+02,7.200000000000000000e+01,2.200000000000000000e+01
1.680080650103525162e+09,1.681600000000000000e+04,2.880000000000000000e+02,2.240000000000000000e+02,-6.350000000000000000e+02,4.600000000000000000e+01,4.100000000000000000e+01
1.680080650104391575e+09,1.622800000000000000e+04,2.800000000000000000e+02,2.880000000000000000e+02,-6.210000000000000000e+02,3.200000000000000000e+01,2.600000000000000000e+01
1.680080650105352402e+09,1.536000000000000000e+04,4.960000000000000000e+02,2.560000000000000000e+02,-6.380000000000000000e+02,6.100000000000000000e+01,2.000000000000000000e+01
1.680080650106231451e+09,1.608400000000000000e+04,4.200000000000000000e+02,4.440000000000000000e+02,-6.380000000000000000e+02,6.200000000000000000e+01,3.100000000000000000e+01
1.680080650107149124e+09,1.676400000000000000e+04,3.280000000000000000e+02,3.080000000000000000e+02,-6.210000000000000000e+02,5.500000000000000000e+01,2.800000000000000000e+01
1.680080650108143568e+09,1.658000000000000000e+04,1.800000000000000000e+02,2.680000000000000000e+02,-6.260000000000000000e+02,3.500000000000000000e+01,5.000000000000000000e+00
1.680080650109028578e+09,1.582400000000000000e+04,3.760000000000000000e+02,3.160000000000000000e+02,-6.470000000000000000e+02,3.900000000000000000e+01,1.700000000000000000e+01
1.680080650109871149e+09,1.550800000000000000e+04,4.360000000000000000e+02,6.080000000000000000e+02,-6.340000000000000000e+02,2.100000000000000000e+01,4.500000000000000000e+01
1.680080650110878706e+09,1.601200000000000000e+04,3.680000000000000000e+02,2.760000000000000000e+02,-6.470000000000000000e+02,7.400000000000000000e+01,7.000000000000000000e+01
1.680080650111737490e+09,1.601200000000000000e+04,3.680000000000000000e+02,2.760000000000000000e+02,-6.410000000000000000e+02,9.200000000000000000e+01,8.800000000000000000e+01
1.680080650112680197e+09,1.696400000000000000e+04,3.080000000000000000e+02,3.760000000000000000e+02,-6.310000000000000000e+02,4.600000000000000000e+01,4.800000000000000000e+01
1.680080650113725185e+09,1.669600000000000000e+04,2.000000000000000000e+02,4.000000000000000000e+02,-6.430000000000000000e+02,3.300000000000000000e+01,1.900000000000000000e+01
1.680080650114586830e+09,1.562000000000000000e+04,3.520000000000000000e+02,3.960000000000000000e+02,-6.450000000000000000e+02,1.400000000000000000e+01,2.000000000000000000e+00
1.680080650115558624e+09,1.537200000000000000e+04,3.680000000000000000e+02,4.920000000000000000e+02,-6.320000000000000000e+02,4.300000000000000000e+01,2.600000000000000000e+01
1.680080650116467714e+09,1.645600000000000000e+04,3.640000000000000000e+02,5.200000000000000000e+01,-6.250000000000000000e+02,6.400000000000000000e+01,4.500000000000000000e+01
1.680080650117349386e+09,1.732400000000000000e+04,2.640000000000000000e+02,2.040000000000000000e+02,-6.530000000000000000e+02,3.400000000000000000e+01,1.200000000000000000e+01
1.680080650118384838e+09,1.632400000000000000e+04,1.760000000000000000e+02,4.560000000000000000e+02,-6.530000000000000000e+02,-3.000000000000000000e+00,2.000000000000000000e+00
1.680080650119316339e+09,1.561200000000000000e+04,4.680000000000000000e+02,4.840000000000000000e+02,-6.040000000000000000e+02,1.800000000000000000e+01,3.500000000000000000e+01
1.680080650120183706e+09,1.568400000000000000e+04,5.120000000000000000e+02,2.280000000000000000e+02,-6.000000000000000000e+02,3.900000000000000000e+01,5.700000000000000000e+01
1.680080650121141672e+09,1.635600000000000000e+04,3.280000000000000000e+02,2.720000000000000000e+02,-6.320000000000000000e+02,6.700000000000000000e+01,5.600000000000000000e+01
1.680080650122051001e+09,1.678400000000000000e+04,1.920000000000000000e+02,3.760000000000000000e+02,-6.680000000000000000e+02,4.500000000000000000e+01,1.100000000000000000e+01
1.680080650123026609e+09,1.603600000000000000e+04,3.600000000000000000e+02,5.280000000000000000e+02,-6.430000000000000000e+02,1.100000000000000000e+01,5.000000000000000000e+00
1.680080650124160767e+09,1.541200000000000000e+04,4.920000000000000000e+02,3.400000000000000000e+02,-5.980000000000000000e+02,5.700000000000000000e+01,2.800000000000000000e+01
1.680080650125772476e+09,1.637200000000000000e+04,5.240000000000000000e+02,1.680000000000000000e+02,-6.460000000000000000e+02,4.200000000000000000e+01,5.800000000000000000e+01
1.680080650126789331e+09,1.703200000000000000e+04,3.120000000000000000e+02,4.920000000000000000e+02,-6.570000000000000000e+02,3.500000000000000000e+01,3.200000000000000000e+01
1.680080650127945900e+09,1.565200000000000000e+04,4.040000000000000000e+02,5.480000000000000000e+02,-5.990000000000000000e+02,1.100000000000000000e+01,5.000000000000000000e+00
1.680080650129414082e+09,1.584000000000000000e+04,4.600000000000000000e+02,2.360000000000000000e+02,-6.340000000000000000e+02,7.400000000000000000e+01,5.700000000000000000e+01
1.680080650130353928e+09,1.674400000000000000e+04,3.880000000000000000e+02,3.240000000000000000e+02,-6.770000000000000000e+02,4.400000000000000000e+01,5.200000000000000000e+01
1.680080650131606579e+09,1.649600000000000000e+04,1.600000000000000000e+02,5.480000000000000000e+02,-6.450000000000000000e+02,1.000000000000000000e+01,3.000000000000000000e+00
1.680080650133157730e+09,1.577200000000000000e+04,4.640000000000000000e+02,2.360000000000000000e+02,-6.360000000000000000e+02,4.200000000000000000e+01,9.000000000000000000e+00
1.680080650134162188e+09,1.567600000000000000e+04,4.800000000000000000e+02,2.360000000000000000e+02,-6.300000000000000000e+02,5.900000000000000000e+01,6.100000000000000000e+01
1.680080650135342121e+09,1.689200000000000000e+04,2.440000000000000000e+02,2.840000000000000000e+02,-6.330000000000000000e+02,5.600000000000000000e+01,6.200000000000000000e+01
1.680080650136835098e+09,1.616800000000000000e+04,2.880000000000000000e+02,4.440000000000000000e+02,-6.470000000000000000e+02,-2.300000000000000000e+01,-7.000000000000000000e+00
1.680080650137880325e+09,1.556000000000000000e+04,4.440000000000000000e+02,3.280000000000000000e+02,-6.250000000000000000e+02,2.600000000000000000e+01,1.500000000000000000e+01
1.680080650139173746e+09,1.576400000000000000e+04,5.000000000000000000e+02,4.600000000000000000e+02,-6.460000000000000000e+02,6.100000000000000000e+01,7.600000000000000000e+01
1.680080650140626907e+09,1.667200000000000000e+04,1.840000000000000000e+02,3.040000000000000000e+02,-6.280000000000000000e+02,4.400000000000000000e+01,5.500000000000000000e+01
1.680080650141547918e+09,1.648800000000000000e+04,1.560000000000000000e+02,-6.800000000000000000e+01,-6.310000000000000000e+02,3.900000000000000000e+01,2.500000000000000000e+01
1.680080650142737627e+09,1.574000000000000000e+04,5.360000000000000000e+02,2.920000000000000000e+02,-6.230000000000000000e+02,1.500000000000000000e+01,2.000000000000000000e+01
1.680080650144194603e+09,1.583200000000000000e+04,4.120000000000000000e+02,4.200000000000000000e+02,-6.200000000000000000e+02,5.000000000000000000e+01,6.200000000000000000e+01
1.680080650145285368e+09,1.668000000000000000e+04,1.280000000000000000e+02,4.360000000000000000e+02,-6.480000000000000000e+02,2.600000000000000000e+01,4.700000000000000000e+01
1.680080650146515131e+09,1.658800000000000000e+04,2.560000000000000000e+02,1.880000000000000000e+02,-6.320000000000000000e+02,1.600000000000000000e+01,-1.000000000000000000e+01
1.680080650147982836e+09,1.564000000000000000e+04,5.120000000000000000e+02,3.000000000000000000e+02,-6.500000000000000000e+02,1.600000000000000000e+01,2.700000000000000000e+01
1.680080650148863792e+09,1.553600000000000000e+04,4.040000000000000000e+02,6.080000000000000000e+02,-6.450000000000000000e+02,-1.600000000000000000e+01,5.000000000000000000e+01
1.680080650149863958e+09,1.654400000000000000e+04,2.640000000000000000e+02,-1.200000000000000000e+01,-6.200000000000000000e+02,2.200000000000000000e+01,4.200000000000000000e+01
1.680080650151457071e+09,1.701200000000000000e+04,2.440000000000000000e+02,2.880000000000000000e+02,-6.340000000000000000e+02,5.200000000000000000e+01,1.000000000000000000e+00
1.680080650153060436e+09,1.502000000000000000e+04,3.280000000000000000e+02,3.840000000000000000e+02,-6.640000000000000000e+02,5.000000000000000000e+00,3.700000000000000000e+01
1.680080650154251575e+09,1.652000000000000000e+04,3.320000000000000000e+02,9.600000000000000000e+01,-6.290000000000000000e+02,6.800000000000000000e+01,6.400000000000000000e+01
1.680080650155839205e+09,1.644800000000000000e+04,2.360000000000000000e+02,3.520000000000000000e+02,-6.320000000000000000e+02,3.100000000000000000e+01,1.100000000000000000e+01
1.680080650157439947e+09,1.558000000000000000e+04,3.960000000000000000e+02,2.800000000000000000e+02,-6.630000000000000000e+02,-8.000000000000000000e+00,1.900000000000000000e+01
1.680080650158428907e+09,1.549200000000000000e+04,5.040000000000000000e+02,7.160000000000000000e+02,-6.690000000000000000e+02,3.000000000000000000e+01,6.500000000000000000e+01
1.680080650159370899e+09,1.586400000000000000e+04,4.240000000000000000e+02,1.680000000000000000e+02,-6.510000000000000000e+02,-1.900000000000000000e+01,7.800000000000000000e+01
1.680080650160255432e+09,1.591600000000000000e+04,1.480000000000000000e+02,7.480000000000000000e+02,-6.320000000000000000e+02,4.700000000000000000e+01,4.000000000000000000e+01
1.680080650161130190e+09,1.658400000000000000e+04,2.960000000000000000e+02,-6.800000000000000000e+01,-6.320000000000000000e+02,8.200000000000000000e+01,2.900000000000000000e+01
1.680080650162021399e+09,1.734400000000000000e+04,3.840000000000000000e+02,5.560000000000000000e+02,-6.280000000000000000e+02,7.700000000000000000e+01,2.400000000000000000e+01
1.680080650162874460e+09,1.616800000000000000e+04,2.080000000000000000e+02,5.720000000000000000e+02,-6.340000000000000000e+02,4.400000000000000000e+01,1.800000000000000000e+01
1.680080650163851261e+09,1.604000000000000000e+04,3.680000000000000000e+02,2.120000000000000000e+02,-6.690000000000000000e+02,3.200000000000000000e+01,7.000000000000000000e+00
1.680080650164729834e+09,1.573200000000000000e+04,3.760000000000000000e+02,6.240000000000000000e+02,-6.510000000000000000e+02,-1.600000000000000000e+01,2.000000000000000000e+01
1.680080650165608168e+09,1.573200000000000000e+04,3.760000000000000000e+02,6.240000000000000000e+02,-6.090000000000000000e+02,1.600000000000000000e+01,4.400000000000000000e+01
1.680080650166575193e+09,1.528400000000000000e+04,3.720000000000000000e+02,2.200000000000000000e+02,-6.050000000000000000e+02,4.300000000000000000e+01,6.200000000000000000e+01
1.680080650167589426e+09,1.643600000000000000e+04,3.840000000000000000e+02,5.000000000000000000e+02,-6.570000000000000000e+02,8.100000000000000000e+01,4.700000000000000000e+01
1.680080650168460369e+09,1.689600000000000000e+04,3.480000000000000000e+02,3.600000000000000000e+02,-6.660000000000000000e+02,-2.000000000000000000e+00,3.000000000000000000e+01
1.680080650169472218e+09,1.624000000000000000e+04,2.240000000000000000e+02,5.160000000000000000e+02,-6.320000000000000000e+02,5.700000000000000000e+01,6.000000000000000000e+00
1.680080650170384407e+09,1.615600000000000000e+04,3.000000000000000000e+02,-8.000000000000000000e+00,-6.450000000000000000e+02,6.900000000000000000e+01,0.000000000000000000e+00
1.680080650171405315e+09,1.675200000000000000e+04,3.400000000000000000e+02,5.960000000000000000e+02,-6.680000000000000000e+02,2.800000000000000000e+01,1.300000000000000000e+01
1.680080650172286510e+09,1.581200000000000000e+04,3.720000000000000000e+02,2.560000000000000000e+02,-6.700000000000000000e+02,5.300000000000000000e+01,3.200000000000000000e+01
1.680080650173127174e+09,1.526800000000000000e+04,3.400000000000000000e+02,5.280000000000000000e+02,-6.480000000000000000e+02,3.600000000000000000e+01,3.900000000000000000e+01
1.680080650174134016e+09,1.571200000000000000e+04,1.800000000000000000e+02,3.920000000000000000e+02,-6.470000000000000000e+02,5.100000000000000000e+01,4.600000000000000000e+01
1.680080650174994946e+09,1.676000000000000000e+04,3.880000000000000000e+02,-5.200000000000000000e+01,-6.490000000000000000e+02,7.400000000000000000e+01,4.800000000000000000e+01
1.680080650175907373e+09,1.694400000000000000e+04,3.240000000000000000e+02,4.480000000000000000e+02,-6.310000000000000000e+02,7.000000000000000000e+01,1.800000000000000000e+01
1.680080650176981211e+09,1.642400000000000000e+04,3.040000000000000000e+02,3.200000000000000000e+02,-6.410000000000000000e+02,4.200000000000000000e+01,2.000000000000000000e+01
1.680080650177841187e+09,1.572000000000000000e+04,2.920000000000000000e+02,3.080000000000000000e+02,-6.470000000000000000e+02,3.700000000000000000e+01,2.500000000000000000e+01
1.680080650178872347e+09,1.505200000000000000e+04,3.560000000000000000e+02,4.600000000000000000e+02,-6.440000000000000000e+02,-1.000000000000000000e+00,4.700000000000000000e+01
1.680080650179732323e+09,1.571600000000000000e+04,3.560000000000000000e+02,1.160000000000000000e+02,-6.390000000000000000e+02,8.200000000000000000e+01,4.700000000000000000e+01
1.680080650180594683e+09,1.728400000000000000e+04,3.360000000000000000e+02,2.840000000000000000e+02,-6.670000000000000000e+02,8.900000000000000000e+01,3.200000000000000000e+01
1.680080650181543112e+09,1.728400000000000000e+04,3.360000000000000000e+02,2.840000000000000000e+02,-6.650000000000000000e+02,2.700000000000000000e+01,1.400000000000000000e+01
1.680080650182444334e+09,1.690800000000000000e+04,1.040000000000000000e+02,5.880000000000000000e+02,-6.150000000000000000e+02,1.400000000000000000e+01,1.700000000000000000e+01
1.680080650183303118e+09,1.606800000000000000e+04,2.280000000000000000e+02,2.520000000000000000e+02,-6.030000000000000000e+02,3.100000000000000000e+01,3.500000000000000000e+01
1.680080650184486628e+09,1.553200000000000000e+04,2.960000000000000000e+02,4.120000000000000000e+02,-6.570000000000000000e+02,3.900000000000000000e+01,6.000000000000000000e+01
1.680080650185445309e+09,1.565600000000000000e+04,2.720000000000000000e+02,3.160000000000000000e+02,-6.660000000000000000e+02,8.100000000000000000e+01,7.200000000000000000e+01
1.680080650186428070e+09,1.668400000000000000e+04,2.040000000000000000e+02,8.400000000000000000e+01,-6.190000000000000000e+02,3.400000000000000000e+01,2.000000000000000000e+01
1.680080650187410116e+09,1.682000000000000000e+04,1.120000000000000000e+02,5.960000000000000000e+02,-6.060000000000000000e+02,2.600000000000000000e+01,-5.000000000000000000e+00
1.680080650188291550e+09,1.622000000000000000e+04,2.240000000000000000e+02,1.760000000000000000e+02,-6.370000000000000000e+02,8.500000000000000000e+01,3.400000000000000000e+01
1.680080650189232588e+09,1.603600000000000000e+04,4.640000000000000000e+02,1.480000000000000000e+02,-6.730000000000000000e+02,5.700000000000000000e+01,7.400000000000000000e+01
1.680080650190116644e+09,1.604800000000000000e+04,2.880000000000000000e+02,3.160000000000000000e+02,-6.550000000000000000e+02,2.600000000000000000e+01,7.300000000000000000e+01
1.680080650190965652e+09,1.624000000000000000e+04,1.640000000000000000e+02,2.400000000000000000e+02,-6.280000000000000000e+02,3.400000000000000000e+01,3.300000000000000000e+01
1.680080650191941261e+09,1.616000000000000000e+04,1.560000000000000000e+02,3.480000000000000000e+02,-6.310000000000000000e+02,2.600000000000000000e+01,7.000000000000000000e+00
1.680080650192796946e+09,1.638800000000000000e+04,3.280000000000000000e+02,2.480000000000000000e+02,-6.340000000000000000e+02,1.900000000000000000e+01,2.600000000000000000e+01
1.680080650193847179e+09,1.632000000000000000e+04,2.720000000000000000e+02,2.160000000000000000e+02,-6.440000000000000000e+02,3.900000000000000000e+01,5.500000000000000000e+01
1.680080650194835901e+09,1.593200000000000000e+04,2.280000000000000000e+02,3.720000000000000000e+02,-6.600000000000000000e+02,1.700000000000000000e+01,5.700000000000000000e+01
1.680080650195712090e+09,1.604000000000000000e+04,1.600000000000000000e+02,2.680000000000000000e+02,-6.230000000000000000e+02,3.700000000000000000e+01,4.000000000000000000e+01
1.680080650196722031e+09,1.663200000000000000e+04,3.320000000000000000e+02,1.040000000000000000e+02,-6.300000000000000000e+02,7.900000000000000000e+01,4.400000000000000000e+01
1.680080650197584152e+09,1.629600000000000000e+04,1.920000000000000000e+02,5.200000000000000000e+02,-6.590000000000000000e+02,2.200000000000000000e+01,1.700000000000000000e+01
1.680080650198453903e+09,1.629600000000000000e+04,1.920000000000000000e+02,5.200000000000000000e+02,-6.260000000000000000e+02,2.300000000000000000e+01,-1.000000000000000000e+00
1.680080650199437857e+09,1.584800000000000000e+04,2.800000000000000000e+02,2.840000000000000000e+02,-5.980000000000000000e+02,6.000000000000000000e+01,1.600000000000000000e+01
1.680080650200401068e+09,1.624000000000000000e+04,2.560000000000000000e+02,4.240000000000000000e+02,-6.140000000000000000e+02,2.600000000000000000e+01,2.200000000000000000e+01
1.680080650201624393e+09,1.619600000000000000e+04,3.360000000000000000e+02,1.440000000000000000e+02,-6.650000000000000000e+02,3.600000000000000000e+01,2.900000000000000000e+01
1.680080650203094721e+09,1.616000000000000000e+04,3.920000000000000000e+02,5.320000000000000000e+02,-6.170000000000000000e+02,5.000000000000000000e+00,2.300000000000000000e+01
1.680080650204136372e+09,1.609200000000000000e+04,3.720000000000000000e+02,1.320000000000000000e+02,-6.000000000000000000e+02,5.600000000000000000e+01,4.200000000000000000e+01
1.680080650205446720e+09,1.621600000000000000e+04,2.800000000000000000e+02,2.680000000000000000e+02,-6.540000000000000000e+02,2.300000000000000000e+01,4.300000000000000000e+01
1.680080650206943274e+09,1.633200000000000000e+04,3.120000000000000000e+02,1.160000000000000000e+02,-6.370000000000000000e+02,3.100000000000000000e+01,4.700000000000000000e+01
1.680080650207875013e+09,1.597600000000000000e+04,2.560000000000000000e+02,3.080000000000000000e+02,-5.910000000000000000e+02,4.900000000000000000e+01,5.800000000000000000e+01
1.680080650209099293e+09,1.599200000000000000e+04,3.000000000000000000e+02,2.840000000000000000e+02,-6.220000000000000000e+02,4.200000000000000000e+01,3.600000000000000000e+01
1.680080650210925579e+09,1.635600000000000000e+04,3.480000000000000000e+02,3.480000000000000000e+02,-6.440000000000000000e+02,1.400000000000000000e+01,2.500000000000000000e+01
1.680080650211878300e+09,1.617600000000000000e+04,3.120000000000000000e+02,2.000000000000000000e+02,-6.210000000000000000e+02,2.400000000000000000e+01,1.400000000000000000e+01
1.680080650213048935e+09,1.624000000000000000e+04,4.400000000000000000e+02,2.120000000000000000e+02,-6.470000000000000000e+02,1.600000000000000000e+01,4.600000000000000000e+01
1.680080650214537621e+09,1.600800000000000000e+04,2.840000000000000000e+02,2.960000000000000000e+02,-6.340000000000000000e+02,4.700000000000000000e+01,3.500000000000000000e+01
1.680080650215575218e+09,1.608800000000000000e+04,3.200000000000000000e+02,3.520000000000000000e+02,-6.390000000000000000e+02,5.500000000000000000e+01,3.400000000000000000e+01
1.680080650216920853e+09,1.626800000000000000e+04,3.800000000000000000e+02,3.360000000000000000e+02,-6.530000000000000000e+02,3.800000000000000000e+01,3.700000000000000000e+01
1.680080650218410015e+09,1.614400000000000000e+04,3.360000000000000000e+02,2.520000000000000000e+02,-6.360000000000000000e+02,4.900000000000000000e+01,2.600000000000000000e+01
1.680080650219383717e+09,1.608800000000000000e+04,2.640000000000000000e+02,1.680000000000000000e+02,-6.450000000000000000e+02,3.500000000000000000e+01,2.700000000000000000e+01
1.680080650220550060e+09,1.607200000000000000e+04,2.880000000000000000e+02,1.960000000000000000e+02,-6.420000000000000000e+02,6.400000000000000000e+01,2.700000000000000000e+01
1.680080650222172737e+09,1.620000000000000000e+04,3.280000000000000000e+02,3.480000000000000000e+02,-6.620000000000000000e+02,3.800000000000000000e+01,5.500000000000000000e+01
1.680080650223107815e+09,1.613200000000000000e+04,3.120000000000000000e+02,3.000000000000000000e+02,-6.360000000000000000e+02,4.700000000000000000e+01,5.900000000000000000e+01
1.680080650224304199e+09,1.606800000000000000e+04,3.400000000000000000e+02,4.360000000000000000e+02,-6.520000000000000000e+02,5.200000000000000000e+01,6.200000000000000000e+01
1.680080650225861073e+09,1.624400000000000000e+04,3.120000000000000000e+02,1.800000000000000000e+02,-6.230000000000000000e+02,2.100000000000000000e+01,2.000000000000000000e+01
1.680080650226780176e+09,1.624800000000000000e+04,3.640000000000000000e+02,4.680000000000000000e+02,-6.060000000000000000e+02,3.800000000000000000e+01,2.800000000000000000e+01
1.680080650227649689e+09,1.620800000000000000e+04,3.640000000000000000e+02,2.920000000000000000e+02,-6.260000000000000000e+02,6.100000000000000000e+01,3.400000000000000000e+01
1.680080650229398727e+09,1.617200000000000000e+04,3.080000000000000000e+02,3.680000000000000000e+02,-6.750000000000000000e+02,3.300000000000000000e+01,1.700000000000000000e+01
1.680080650230922937e+09,1.610800000000000000e+04,3.280000000000000000e+02,3.440000000000000000e+02,-6.190000000000000000e+02,3.900000000000000000e+01,2.900000000000000000e+01
1.680080650232151747e+09,1.617200000000000000e+04,3.960000000000000000e+02,4.640000000000000000e+02,-6.330000000000000000e+02,5.000000000000000000e+00,4.800000000000000000e+01
1.680080650233595133e+09,1.638000000000000000e+04,3.240000000000000000e+02,2.800000000000000000e+02,-6.560000000000000000e+02,3.500000000000000000e+01,5.200000000000000000e+01
1.680080650235219717e+09,1.631600000000000000e+04,1.320000000000000000e+02,3.680000000000000000e+02,-6.520000000000000000e+02,3.900000000000000000e+01,3.000000000000000000e+01
1.680080650236150503e+09,1.610000000000000000e+04,1.560000000000000000e+02,3.160000000000000000e+02,-6.290000000000000000e+02,4.300000000000000000e+01,6.000000000000000000e+00
1.680080650237244129e+09,1.610000000000000000e+04,2.240000000000000000e+02,2.680000000000000000e+02,-6.440000000000000000e+02,4.400000000000000000e+01,1.000000000000000000e+01
1.680080650238101006e+09,1.619600000000000000e+04,3.160000000000000000e+02,3.120000000000000000e+02,-6.530000000000000000e+02,4.200000000000000000e+01,4.000000000000000000e+01
1.680080650238985538e+09,1.621600000000000000e+04,3.640000000000000000e+02,4.880000000000000000e+02,-6.420000000000000000e+02,4.600000000000000000e+01,6.800000000000000000e+01
1.680080650239881039e+09,1.618400000000000000e+04,3.520000000000000000e+02,3.640000000000000000e+02,-6.480000000000000000e+02,3.800000000000000000e+01,7.900000000000000000e+01
1.680080650240889311e+09,1.607600000000000000e+04,3.320000000000000000e+02,2.800000000000000000e+02,-6.550000000000000000e+02,2.900000000000000000e+01,4.800000000000000000e+01
1.680080650241755724e+09,1.617200000000000000e+04,3.960000000000000000e+02,4.000000000000000000e+02,-6.370000000000000000e+02,2.300000000000000000e+01,2.200000000000000000e+01
1.680080650242731094e+09,1.618800000000000000e+04,2.920000000000000000e+02,5.200000000000000000e+02,-6.090000000000000000e+02,2.500000000000000000e+01,2.600000000000000000e+01
1.680080650243613958e+09,1.622400000000000000e+04,2.680000000000000000e+02,3.160000000000000000e+02,-6.190000000000000000e+02,4.300000000000000000e+01,1.600000000000000000e+01
1.680080650244490147e+09,1.617600000000000000e+04,2.840000000000000000e+02,2.760000000000000000e+02,-6.570000000000000000e+02,3.100000000000000000e+01,2.200000000000000000e+01
1.680080650245470762e+09,1.617200000000000000e+04,2.480000000000000000e+02,3.200000000000000000e+02,-6.610000000000000000e+02,2.000000000000000000e+00,2.300000000000000000e+01
1.680080650246375799e+09,1.620400000000000000e+04,2.960000000000000000e+02,2.720000000000000000e+02,-6.190000000000000000e+02,4.000000000000000000e+00,3.300000000000000000e+01
1.680080650247370005e+09,1.620400000000000000e+04,2.960000000000000000e+02,2.720000000000000000e+02,-5.940000000000000000e+02,3.000000000000000000e+01,5.100000000000000000e+01
1.680080650248254061e+09,1.617200000000000000e+04,2.880000000000000000e+02,3.840000000000000000e+02,-6.130000000000000000e+02,5.300000000000000000e+01,3.200000000000000000e+01
1.680080650249148607e+09,1.607600000000000000e+04,2.320000000000000000e+02,3.200000000000000000e+02,-6.560000000000000000e+02,3.700000000000000000e+01,2.100000000000000000e+01
1.680080650250185966e+09,1.618000000000000000e+04,3.400000000000000000e+02,2.000000000000000000e+02,-6.440000000000000000e+02,1.900000000000000000e+01,2.800000000000000000e+01
1.680080650251123667e+09,1.618800000000000000e+04,3.840000000000000000e+02,3.680000000000000000e+02,-6.230000000000000000e+02,3.300000000000000000e+01,3.700000000000000000e+01
1.680080650252007961e+09,1.614800000000000000e+04,2.760000000000000000e+02,3.800000000000000000e+02,-6.360000000000000000e+02,3.200000000000000000e+01,2.800000000000000000e+01
1.680080650252928734e+09,1.613200000000000000e+04,2.920000000000000000e+02,2.960000000000000000e+02,-6.550000000000000000e+02,4.400000000000000000e+01,2.700000000000000000e+01
1.680080650253807068e+09,1.615200000000000000e+04,2.320000000000000000e+02,3.600000000000000000e+02,-6.420000000000000000e+02,4.900000000000000000e+01,3.600000000000000000e+01
1.680080650254686117e+09,1.617600000000000000e+04,2.480000000000000000e+02,4.400000000000000000e+02,-6.350000000000000000e+02,5.400000000000000000e+01,3.700000000000000000e+01
1.680080650255660057e+09,1.623600000000000000e+04,2.760000000000000000e+02,4.240000000000000000e+02,-6.620000000000000000e+02,4.300000000000000000e+01,3.000000000000000000e+01
1.680080650256541252e+09,1.619600000000000000e+04,3.400000000000000000e+02,2.240000000000000000e+02,-6.400000000000000000e+02,4.700000000000000000e+01,2.900000000000000000e+01
1.680080650257419586e+09,1.619600000000000000e+04,3.040000000000000000e+02,4.480000000000000000e+02,-6.290000000000000000e+02,4.100000000000000000e+01,4.700000000000000000e+01
1.680080650258393764e+09,1.621200000000000000e+04,3.080000000000000000e+02,3.880000000000000000e+02,-6.340000000000000000e+02,9.000000000000000000e+00,3.800000000000000000e+01
1.680080650259356499e+09,1.617200000000000000e+04,3.680000000000000000e+02,2.680000000000000000e+02,-6.150000000000000000e+02,1.500000000000000000e+01,3.200000000000000000e+01
1.680080650260416269e+09,1.615200000000000000e+04,3.320000000000000000e+02,3.720000000000000000e+02,-6.230000000000000000e+02,3.900000000000000000e+01,1.200000000000000000e+01
1.680080650261296988e+09,1.620000000000000000e+04,2.800000000000000000e+02,4.000000000000000000e+02,-6.450000000000000000e+02,4.700000000000000000e+01,7.000000000000000000e+00
1.680080650262176752e+09,1.620000000000000000e+04,2.800000000000000000e+02,4.000000000000000000e+02,-6.650000000000000000e+02,3.700000000000000000e+01,2.000000000000000000e+01
1.680080650263130903e+09,1.615200000000000000e+04,3.040000000000000000e+02,2.640000000000000000e+02,-6.450000000000000000e+02,5.500000000000000000e+01,1.800000000000000000e+01
1.680080650264027834e+09,1.615600000000000000e+04,3.840000000000000000e+02,3.240000000000000000e+02,-6.020000000000000000e+02,5.600000000000000000e+01,2.300000000000000000e+01
1.680080650264876604e+09,1.618400000000000000e+04,3.400000000000000000e+02,2.840000000000000000e+02,-6.190000000000000000e+02,4.100000000000000000e+01,4.400000000000000000e+01
1.680080650265852928e+09,1.620400000000000000e+04,3.800000000000000000e+02,4.320000000000000000e+02,-6.240000000000000000e+02,2.400000000000000000e+01,5.100000000000000000e+01
1.680080650266750574e+09,1.623200000000000000e+04,4.480000000000000000e+02,2.840000000000000000e+02,-6.130000000000000000e+02,2.700000000000000000e+01,4.000000000000000000e+01
1.680080650267801046e+09,1.618000000000000000e+04,2.840000000000000000e+02,1.840000000000000000e+02,-6.260000000000000000e+02,3.700000000000000000e+01,5.100000000000000000e+01
1.680080650268774748e+09,1.612400000000000000e+04,3.520000000000000000e+02,3.120000000000000000e+02,-6.460000000000000000e+02,5.300000000000000000e+01,5.500000000000000000e+01
1.680080650269650936e+09,1.622800000000000000e+04,2.600000000000000000e+02,4.560000000000000000e+02,-6.660000000000000000e+02,3.700000000000000000e+01,3.600000000000000000e+01
1.680080650270615816e+09,1.624000000000000000e+04,2.280000000000000000e+02,4.640000000000000000e+02,-6.340000000000000000e+02,6.000000000000000000e+00,2.100000000000000000e+01
1.680080650271477699e+09,1.630000000000000000e+04,2.840000000000000000e+02,4.200000000000000000e+02,-6.120000000000000000e+02,2.100000000000000000e+01,3.100000000000000000e+01
1.680080650272349834e+09,1.611600000000000000e+04,2.680000000000000000e+02,3.880000000000000000e+02,-6.150000000000000000e+02,5.300000000000000000e+01,2.500000000000000000e+01
1.680080650273295641e+09,1.616000000000000000e+04,2.200000000000000000e+02,3.560000000000000000e+02,-6.480000000000000000e+02,5.400000000000000000e+01,2.000000000000000000e+01
1.680080650274194479e+09,1.624000000000000000e+04,3.160000000000000000e+02,2.560000000000000000e+02,-6.500000000000000000e+02,3.100000000000000000e+01,2.400000000000000000e+01
1.680080650275058031e+09,1.624000000000000000e+04,3.160000000000000000e+02,2.560000000000000000e+02,-6.110000000000000000e+02,1.700000000000000000e+01,3.900000000000000000e+01
1.680080650276082277e+09,1.623600000000000000e+04,3.800000000000000000e+02,3.240000000000000000e+02,-6.170000000000000000e+02,1.900000000000000000e+01,1.400000000000000000e+01
1.680080650276998997e+09,1.612800000000000000e+04,3.200000000000000000e+02,4.240000000000000000e+02,-6.410000000000000000e+02,3.000000000000000000e+01,-1.000000000000000000e+00
1.680080650278016567e+09,1.619200000000000000e+04,2.360000000000000000e+02,3.200000000000000000e+02,-6.300000000000000000e+02,3.000000000000000000e+01,3.000000000000000000e+01
1.680080650279222727e+09,1.624800000000000000e+04,2.600000000000000000e+02,3.040000000000000000e+02,-6.270000000000000000e+02,5.300000000000000000e+01,2.700000000000000000e+01
1.680080650280841589e+09,1.623600000000000000e+04,3.480000000000000000e+02,3.560000000000000000e+02,-6.400000000000000000e+02,2.000000000000000000e+01,3.700000000000000000e+01
1.680080650281774759e+09,1.619200000000000000e+04,3.120000000000000000e+02,4.840000000000000000e+02,-6.040000000000000000e+02,2.700000000000000000e+01,4.100000000000000000e+01
1.680080650283038616e+09,1.618000000000000000e+04,3.280000000000000000e+02,4.680000000000000000e+02,-6.230000000000000000e+02,6.800000000000000000e+01,2.800000000000000000e+01
1.680080650284579754e+09,1.624000000000000000e+04,3.040000000000000000e+02,2.840000000000000000e+02,-6.680000000000000000e+02,4.500000000000000000e+01,3.400000000000000000e+01
1.680080650285678625e+09,1.618400000000000000e+04,3.280000000000000000e+02,3.520000000000000000e+02,-6.400000000000000000e+02,4.000000000000000000e+01,3.900000000000000000e+01
1.680080650286919355e+09,1.617200000000000000e+04,2.960000000000000000e+02,3.240000000000000000e+02,-6.360000000000000000e+02,4.200000000000000000e+01,4.300000000000000000e+01
1.680080650288411140e+09,1.628800000000000000e+04,3.080000000000000000e+02,3.000000000000000000e+02,-6.010000000000000000e+02,6.900000000000000000e+01,4.000000000000000000e+01
1.680080650289342880e+09,1.635600000000000000e+04,2.320000000000000000e+02,3.040000000000000000e+02,-6.110000000000000000e+02,4.800000000000000000e+01,1.700000000000000000e+01
1.680080650290674925e+09,1.620800000000000000e+04,3.200000000000000000e+02,3.640000000000000000e+02,-6.290000000000000000e+02,4.600000000000000000e+01,2.200000000000000000e+01
1.680080650292137146e+09,1.619200000000000000e+04,2.160000000000000000e+02,2.040000000000000000e+02,-6.240000000000000000e+02,3.900000000000000000e+01,4.500000000000000000e+01
1.680080650293213367e+09,1.616400000000000000e+04,3.360000000000000000e+02,3.600000000000000000e+02,-6.590000000000000000e+02,3.000000000000000000e+01,3.800000000000000000e+01
1.680080650294503689e+09,1.617600000000000000e+04,3.640000000000000000e+02,4.320000000000000000e+02,-6.180000000000000000e+02,3.000000000000000000e+01,2.000000000000000000e+01
1.680080650295999050e+09,1.628400000000000000e+04,3.640000000000000000e+02,3.400000000000000000e+02,-6.240000000000000000e+02,7.600000000000000000e+01,4.000000000000000000e+01
1.680080650296988964e+09,1.631200000000000000e+04,3.160000000000000000e+02,2.320000000000000000e+02,-6.710000000000000000e+02,6.800000000000000000e+01,4.100000000000000000e+01
1.680080650298722029e+09,1.616800000000000000e+04,2.600000000000000000e+02,3.760000000000000000e+02,-6.260000000000000000e+02,4.700000000000000000e+01,2.000000000000000000e+01
1.680080650300329447e+09,1.616800000000000000e+04,2.960000000000000000e+02,3.400000000000000000e+02,-6.220000000000000000e+02,4.400000000000000000e+01,1.900000000000000000e+01
1.680080650301271915e+09,1.624000000000000000e+04,3.480000000000000000e+02,2.680000000000000000e+02,-6.040000000000000000e+02,4.500000000000000000e+01,1.400000000000000000e+01
1.680080650302480221e+09,1.632400000000000000e+04,3.920000000000000000e+02,2.080000000000000000e+02,-6.270000000000000000e+02,4.400000000000000000e+01,8.000000000000000000e+00
1.680080650303991795e+09,1.616000000000000000e+04,4.320000000000000000e+02,3.280000000000000000e+02,-6.240000000000000000e+02,6.200000000000000000e+01,2.800000000000000000e+01
1.680080650304978371e+09,1.620800000000000000e+04,3.600000000000000000e+02,2.560000000000000000e+02,-6.410000000000000000e+02,5.800000000000000000e+01,3.600000000000000000e+01
1.680080650305852175e+09,1.614000000000000000e+04,3.880000000000000000e+02,1.960000000000000000e+02,-6.440000000000000000e+02,4.500000000000000000e+01,2.700000000000000000e+01
1.680080650307592869e+09,1.626400000000000000e+04,4.240000000000000000e+02,3.400000000000000000e+02,-6.590000000000000000e+02,2.800000000000000000e+01,5.300000000000000000e+01
1.680080650309143543e+09,1.628400000000000000e+04,3.480000000000000000e+02,2.160000000000000000e+02,-6.460000000000000000e+02,3.600000000000000000e+01,1.000000000000000000e+01
1.680080650310384035e+09,1.616400000000000000e+04,4.400000000000000000e+02,2.880000000000000000e+02,-6.230000000000000000e+02,4.000000000000000000e+01,1.400000000000000000e+01
1.680080650311860323e+09,1.604400000000000000e+04,3.320000000000000000e+02,3.640000000000000000e+02,-6.430000000000000000e+02,3.400000000000000000e+01,3.100000000000000000e+01
1.680080650313381910e+09,1.583200000000000000e+04,2.920000000000000000e+02,5.400000000000000000e+02,-6.420000000000000000e+02,1.500000000000000000e+01,3.400000000000000000e+01
1.680080650314339876e+09,1.603600000000000000e+04,4.040000000000000000e+02,2.040000000000000000e+02,-6.570000000000000000e+02,4.200000000000000000e+01,1.900000000000000000e+01
1.680080650315247297e+09,1.667600000000000000e+04,4.200000000000000000e+02,5.880000000000000000e+02,-6.380000000000000000e+02,2.400000000000000000e+01,2.000000000000000000e+01
1.680080650316103220e+09,1.601200000000000000e+04,3.200000000000000000e+02,4.080000000000000000e+02,-6.390000000000000000e+02,3.000000000000000000e+01,2.500000000000000000e+01
1.680080650317120075e+09,1.613200000000000000e+04,4.000000000000000000e+02,6.000000000000000000e+01,-6.340000000000000000e+02,5.900000000000000000e+01,2.500000000000000000e+01
1.680080650317988396e+09,1.613200000000000000e+04,4.000000000000000000e+02,6.000000000000000000e+01,-6.430000000000000000e+02,3.800000000000000000e+01,2.400000000000000000e+01
1.680080650319036245e+09,1.668000000000000000e+04,3.320000000000000000e+02,4.480000000000000000e+02,-6.420000000000000000e+02,7.000000000000000000e+00,2.400000000000000000e+01
1.680080650320019722e+09,1.568000000000000000e+04,2.440000000000000000e+02,3.800000000000000000e+02,-6.430000000000000000e+02,4.700000000000000000e+01,1.800000000000000000e+01
1.680080650320895910e+09,1.558800000000000000e+04,3.040000000000000000e+02,-2.800000000000000000e+01,-6.370000000000000000e+02,4.000000000000000000e+01,4.200000000000000000e+01
1.680080650321869850e+09,1.654000000000000000e+04,2.880000000000000000e+02,4.280000000000000000e+02,-6.260000000000000000e+02,2.400000000000000000e+01,5.200000000000000000e+01
1.680080650322739124e+09,1.658000000000000000e+04,2.120000000000000000e+02,2.080000000000000000e+02,-6.430000000000000000e+02,7.200000000000000000e+01,5.300000000000000000e+01
1.680080650323608875e+09,1.620000000000000000e+04,2.760000000000000000e+02,2.960000000000000000e+02,-6.680000000000000000e+02,3.000000000000000000e+01,4.200000000000000000e+01
1.680080650324565172e+09,1.552800000000000000e+04,1.520000000000000000e+02,5.800000000000000000e+02,-6.470000000000000000e+02,7.100000000000000000e+01,5.600000000000000000e+01
1.680080650325455427e+09,1.652000000000000000e+04,3.640000000000000000e+02,1.600000000000000000e+01,-6.400000000000000000e+02,1.000000000000000000e+02,5.500000000000000000e+01
1.680080650326308489e+09,1.670800000000000000e+04,1.720000000000000000e+02,3.680000000000000000e+02,-6.580000000000000000e+02,1.900000000000000000e+01,2.800000000000000000e+01
1.680080650327337027e+09,1.545200000000000000e+04,2.280000000000000000e+02,6.000000000000000000e+02,-6.240000000000000000e+02,3.000000000000000000e+00,1.800000000000000000e+01
1.680080650328208208e+09,1.574000000000000000e+04,3.960000000000000000e+02,1.280000000000000000e+02,-6.030000000000000000e+02,4.100000000000000000e+01,3.900000000000000000e+01
1.680080650329389572e+09,1.648400000000000000e+04,3.320000000000000000e+02,3.040000000000000000e+02,-6.240000000000000000e+02,7.400000000000000000e+01,3.500000000000000000e+01
1.680080650330275536e+09,1.668800000000000000e+04,8.800000000000000000e+01,1.720000000000000000e+02,-6.640000000000000000e+02,5.700000000000000000e+01,2.000000000000000000e+01
1.680080650331138372e+09,1.641600000000000000e+04,2.480000000000000000e+02,7.200000000000000000e+01,-6.530000000000000000e+02,5.400000000000000000e+01,2.200000000000000000e+01
1.680080650332108736e+09,1.571600000000000000e+04,1.960000000000000000e+02,6.040000000000000000e+02,-6.180000000000000000e+02,-1.300000000000000000e+01,2.300000000000000000e+01
1.680080650332985163e+09,1.538400000000000000e+04,3.520000000000000000e+02,4.000000000000000000e+01,-6.140000000000000000e+02,2.100000000000000000e+01,3.200000000000000000e+01
1.680080650333872318e+09,1.538400000000000000e+04,3.520000000000000000e+02,4.000000000000000000e+01,-6.400000000000000000e+02,5.900000000000000000e+01,5.100000000000000000e+01
1.680080650334787607e+09,1.634800000000000000e+04,2.480000000000000000e+02,3.600000000000000000e+02,-6.770000000000000000e+02,-5.000000000000000000e+00,4.500000000000000000e+01
1.680080650335748196e+09,1.638400000000000000e+04,1.480000000000000000e+02,4.160000000000000000e+02,-6.420000000000000000e+02,2.200000000000000000e+01,2.700000000000000000e+01
1.680080650336828947e+09,1.624400000000000000e+04,2.520000000000000000e+02,-1.440000000000000000e+02,-6.120000000000000000e+02,6.400000000000000000e+01,3.100000000000000000e+01
1.680080650337773323e+09,1.650800000000000000e+04,1.920000000000000000e+02,4.640000000000000000e+02,-6.210000000000000000e+02,4.300000000000000000e+01,3.600000000000000000e+01
1.680080650338650942e+09,1.607200000000000000e+04,1.600000000000000000e+02,2.240000000000000000e+02,-6.580000000000000000e+02,8.900000000000000000e+01,5.000000000000000000e+01
1.680080650339625120e+09,1.610400000000000000e+04,2.680000000000000000e+02,1.120000000000000000e+02,-6.650000000000000000e+02,6.100000000000000000e+01,3.600000000000000000e+01
1.680080650340519190e+09,1.592000000000000000e+04,1.360000000000000000e+02,5.200000000000000000e+02,-6.400000000000000000e+02,3.700000000000000000e+01,2.900000000000000000e+01
1.680080650341371298e+09,1.578400000000000000e+04,3.320000000000000000e+02,1.200000000000000000e+02,-6.140000000000000000e+02,8.000000000000000000e+01,5.100000000000000000e+01
1.680080650342375994e+09,1.624000000000000000e+04,3.080000000000000000e+02,1.360000000000000000e+02,-6.170000000000000000e+02,7.100000000000000000e+01,6.000000000000000000e+01
1.680080650343230724e+09,1.665200000000000000e+04,2.080000000000000000e+02,4.680000000000000000e+02,-6.470000000000000000e+02,3.900000000000000000e+01,6.300000000000000000e+01
1.680080650344101429e+09,1.664400000000000000e+04,1.520000000000000000e+02,1.600000000000000000e+01,-6.600000000000000000e+02,4.500000000000000000e+01,5.400000000000000000e+01
1.680080650345069408e+09,1.620400000000000000e+04,2.120000000000000000e+02,2.800000000000000000e+02,-6.330000000000000000e+02,4.900000000000000000e+01,3.300000000000000000e+01
1.680080650346009970e+09,1.588800000000000000e+04,2.720000000000000000e+02,6.520000000000000000e+02,-6.280000000000000000e+02,1.900000000000000000e+01,1.200000000000000000e+01
1.680080650347045183e+09,1.550800000000000000e+04,3.920000000000000000e+02,-7.200000000000000000e+01,-6.450000000000000000e+02,4.200000000000000000e+01,3.400000000000000000e+01
1.680080650347932339e+09,1.620400000000000000e+04,2.640000000000000000e+02,4.280000000000000000e+02,-6.360000000000000000e+02,4.000000000000000000e+01,5.900000000000000000e+01
1.680080650348824024e+09,1.620400000000000000e+04,2.640000000000000000e+02,4.280000000000000000e+02,-6.040000000000000000e+02,6.300000000000000000e+01,6.200000000000000000e+01
1.680080650349713564e+09,1.696000000000000000e+04,1.280000000000000000e+02,1.440000000000000000e+02,-6.280000000000000000e+02,5.600000000000000000e+01,-6.000000000000000000e+00
1.680080650350627184e+09,1.670800000000000000e+04,2.160000000000000000e+02,2.680000000000000000e+02,-6.560000000000000000e+02,1.700000000000000000e+01,-3.700000000000000000e+01
1.680080650351480246e+09,1.579200000000000000e+04,2.640000000000000000e+02,5.160000000000000000e+02,-6.660000000000000000e+02,3.700000000000000000e+01,-6.000000000000000000e+00
1.680080650352672577e+09,1.579200000000000000e+04,3.800000000000000000e+02,1.760000000000000000e+02,-6.240000000000000000e+02,6.200000000000000000e+01,3.700000000000000000e+01
1.680080650353565931e+09,1.598000000000000000e+04,2.440000000000000000e+02,5.680000000000000000e+02,-6.160000000000000000e+02,3.900000000000000000e+01,5.200000000000000000e+01
1.680080650354584694e+09,1.590800000000000000e+04,1.000000000000000000e+02,4.080000000000000000e+02,-6.710000000000000000e+02,5.500000000000000000e+01,4.900000000000000000e+01
1.680080650355507374e+09,1.628000000000000000e+04,2.440000000000000000e+02,1.000000000000000000e+02,-6.620000000000000000e+02,6.100000000000000000e+01,4.600000000000000000e+01
1.680080650356547594e+09,1.689200000000000000e+04,2.160000000000000000e+02,4.680000000000000000e+02,-6.320000000000000000e+02,5.800000000000000000e+01,3.600000000000000000e+01
1.680080650357719183e+09,1.635600000000000000e+04,2.520000000000000000e+02,4.000000000000000000e+02,-6.240000000000000000e+02,4.000000000000000000e+01,4.400000000000000000e+01
1.680080650359370708e+09,1.575200000000000000e+04,1.880000000000000000e+02,5.480000000000000000e+02,-5.930000000000000000e+02,1.800000000000000000e+01,3.900000000000000000e+01
1.680080650360325336e+09,1.655200000000000000e+04,2.960000000000000000e+02,1.760000000000000000e+02,-5.930000000000000000e+02,9.100000000000000000e+01,2.800000000000000000e+01
1.680080650361487865e+09,1.666400000000000000e+04,3.000000000000000000e+02,2.600000000000000000e+02,-6.430000000000000000e+02,6.500000000000000000e+01,2.400000000000000000e+01
1.680080650363018751e+09,1.592800000000000000e+04,2.800000000000000000e+02,8.800000000000000000e+01,-6.770000000000000000e+02,-5.000000000000000000e+00,3.500000000000000000e+01
1.680080650364072800e+09,1.235200000000000000e+04,6.800000000000000000e+02,1.900000000000000000e+03,-6.350000000000000000e+02,-3.690000000000000000e+02,1.300000000000000000e+01
1.680080650365382195e+09,8.552000000000000000e+03,-2.960000000000000000e+02,-7.280000000000000000e+02,-5.540000000000000000e+02,6.310000000000000000e+02,9.300000000000000000e+01
1.680080650366903543e+09,2.378800000000000000e+04,-1.280000000000000000e+03,1.968000000000000000e+03,-6.440000000000000000e+02,1.450000000000000000e+02,6.700000000000000000e+01
1.680080650367836237e+09,1.338000000000000000e+04,4.000000000000000000e+00,2.000000000000000000e+02,-6.580000000000000000e+02,-1.050000000000000000e+02,-1.790000000000000000e+02
1.680080650369059801e+09,1.481600000000000000e+04,8.320000000000000000e+02,-1.320000000000000000e+02,-6.170000000000000000e+02,-1.060000000000000000e+02,-9.900000000000000000e+01
1.680080650370633841e+09,1.164000000000000000e+04,1.108000000000000000e+03,1.656000000000000000e+03,-6.190000000000000000e+02,2.190000000000000000e+02,1.640000000000000000e+02
1.680080650371602774e+09,1.480000000000000000e+04,5.720000000000000000e+02,-1.348000000000000000e+03,-5.830000000000000000e+02,-4.200000000000000000e+01,1.500000000000000000e+02
1.680080650372879267e+09,1.992800000000000000e+04,-2.280000000000000000e+02,-1.364000000000000000e+03,-6.220000000000000000e+02,-1.320000000000000000e+02,4.600000000000000000e+01
1.680080650374432564e+09,1.534400000000000000e+04,9.080000000000000000e+02,-3.560000000000000000e+02,-6.390000000000000000e+02,1.940000000000000000e+02,8.500000000000000000e+01
1.680080650375510931e+09,1.558800000000000000e+04,-4.320000000000000000e+02,1.344000000000000000e+03,-6.040000000000000000e+02,9.200000000000000000e+01,2.700000000000000000e+01
1.680080650376844645e+09,1.442800000000000000e+04,4.000000000000000000e+01,-4.960000000000000000e+02,-6.260000000000000000e+02,1.720000000000000000e+02,-2.000000000000000000e+00
1.680080650378378391e+09,1.448000000000000000e+04,1.400000000000000000e+02,2.588000000000000000e+03,-6.800000000000000000e+02,-1.160000000000000000e+02,-6.000000000000000000e+01
1.680080650379402637e+09,1.564800000000000000e+04,3.880000000000000000e+02,-5.800000000000000000e+02,-6.320000000000000000e+02,6.100000000000000000e+01,2.500000000000000000e+01
1.680080650380570412e+09,1.665200000000000000e+04,9.520000000000000000e+02,-1.600000000000000000e+01,-6.280000000000000000e+02,-3.000000000000000000e+01,8.500000000000000000e+01
1.680080650382220268e+09,1.814800000000000000e+04,4.720000000000000000e+02,-1.424000000000000000e+03,-6.410000000000000000e+02,1.540000000000000000e+02,1.600000000000000000e+01
1.680080650383084536e+09,1.795600000000000000e+04,1.160000000000000000e+02,1.292000000000000000e+03,-6.350000000000000000e+02,-2.400000000000000000e+01,-4.000000000000000000e+01
1.680080650383972406e+09,1.322000000000000000e+04,6.000000000000000000e+02,5.240000000000000000e+02,-6.490000000000000000e+02,-1.400000000000000000e+01,-1.900000000000000000e+01
1.680080650385682344e+09,1.387200000000000000e+04,3.720000000000000000e+02,5.360000000000000000e+02,-6.370000000000000000e+02,1.370000000000000000e+02,8.600000000000000000e+01
1.680080650387227535e+09,1.679200000000000000e+04,-1.200000000000000000e+01,1.124000000000000000e+03,-6.450000000000000000e+02,1.390000000000000000e+02,7.900000000000000000e+01
1.680080650388451338e+09,1.730000000000000000e+04,6.840000000000000000e+02,-1.740000000000000000e+03,-6.620000000000000000e+02,3.900000000000000000e+01,4.600000000000000000e+01
1.680080650389923573e+09,1.432400000000000000e+04,2.080000000000000000e+02,-4.120000000000000000e+02,-6.140000000000000000e+02,8.400000000000000000e+01,-8.000000000000000000e+00
1.680080650391573191e+09,1.404800000000000000e+04,3.760000000000000000e+02,7.520000000000000000e+02,-6.620000000000000000e+02,4.400000000000000000e+01,-6.000000000000000000e+00
1.680080650392465115e+09,1.576800000000000000e+04,3.680000000000000000e+02,8.240000000000000000e+02,-6.750000000000000000e+02,5.200000000000000000e+01,4.600000000000000000e+01
1.680080650393334866e+09,1.836800000000000000e+04,6.600000000000000000e+02,-2.600000000000000000e+02,-6.510000000000000000e+02,1.220000000000000000e+02,5.800000000000000000e+01
1.680080650394317150e+09,1.638400000000000000e+04,2.800000000000000000e+01,1.640000000000000000e+02,-6.170000000000000000e+02,5.700000000000000000e+01,3.500000000000000000e+01
1.680080650395187140e+09,1.755600000000000000e+04,1.960000000000000000e+02,5.840000000000000000e+02,-6.480000000000000000e+02,-9.800000000000000000e+01,3.700000000000000000e+01
1.680080650396425724e+09,1.556400000000000000e+04,4.920000000000000000e+02,2.800000000000000000e+02,-6.480000000000000000e+02,6.000000000000000000e+00,3.800000000000000000e+01
1.680080650397341490e+09,1.426400000000000000e+04,6.440000000000000000e+02,2.000000000000000000e+02,-6.350000000000000000e+02,1.600000000000000000e+02,6.900000000000000000e+01
1.680080650398337126e+09,1.741600000000000000e+04,2.640000000000000000e+02,2.760000000000000000e+02,-6.570000000000000000e+02,-5.700000000000000000e+01,8.300000000000000000e+01
1.680080650399244070e+09,1.711600000000000000e+04,5.000000000000000000e+02,6.680000000000000000e+02,-6.400000000000000000e+02,1.020000000000000000e+02,7.600000000000000000e+01
1.680080650400096655e+09,1.505200000000000000e+04,-1.960000000000000000e+02,6.400000000000000000e+01,-6.170000000000000000e+02,-1.300000000000000000e+01,0.000000000000000000e+00
1.680080650401135921e+09,1.561200000000000000e+04,5.360000000000000000e+02,7.720000000000000000e+02,-6.330000000000000000e+02,4.700000000000000000e+01,-2.900000000000000000e+01
1.680080650402007341e+09,1.680000000000000000e+04,5.720000000000000000e+02,-3.040000000000000000e+02,-6.590000000000000000e+02,2.370000000000000000e+02,3.500000000000000000e+01
1.680080650403071642e+09,1.644000000000000000e+04,2.320000000000000000e+02,1.392000000000000000e+03,-6.570000000000000000e+02,1.300000000000000000e+01,4.500000000000000000e+01
1.680080650404035807e+09,1.562000000000000000e+04,1.320000000000000000e+02,1.000000000000000000e+02,-6.310000000000000000e+02,2.000000000000000000e+00,3.100000000000000000e+01
1.680080650404903650e+09,1.637200000000000000e+04,6.680000000000000000e+02,3.080000000000000000e+02,-6.210000000000000000e+02,5.300000000000000000e+01,2.700000000000000000e+01
1.680080650405827045e+09,1.553200000000000000e+04,3.800000000000000000e+02,2.320000000000000000e+02,-6.600000000000000000e+02,2.000000000000000000e+01,3.900000000000000000e+01
1.680080650406732798e+09,1.522400000000000000e+04,4.520000000000000000e+02,5.360000000000000000e+02,-6.180000000000000000e+02,5.000000000000000000e+01,2.200000000000000000e+01
1.680080650407626867e+09,1.522400000000000000e+04,4.520000000000000000e+02,5.360000000000000000e+02,-5.900000000000000000e+02,8.400000000000000000e+01,2.100000000000000000e+01
1.680080650408667326e+09,1.696000000000000000e+04,1.920000000000000000e+02,2.480000000000000000e+02,-6.120000000000000000e+02,3.800000000000000000e+01,5.000000000000000000e+01
1.680080650409554958e+09,1.802400000000000000e+04,4.600000000000000000e+02,6.760000000000000000e+02,-6.550000000000000000e+02,-6.000000000000000000e+00,3.700000000000000000e+01
1.680080650410412550e+09,1.578400000000000000e+04,2.240000000000000000e+02,-2.800000000000000000e+01,-6.540000000000000000e+02,3.200000000000000000e+01,3.500000000000000000e+01
1.680080650411441088e+09,1.602800000000000000e+04,5.400000000000000000e+02,2.160000000000000000e+02,-6.150000000000000000e+02,-1.100000000000000000e+01,0.000000000000000000e+00
1.680080650412425756e+09,1.603600000000000000e+04,1.720000000000000000e+02,2.760000000000000000e+02,-6.130000000000000000e+02,1.040000000000000000e+02,-1.900000000000000000e+01
1.680080650413455009e+09,1.648000000000000000e+04,2.640000000000000000e+02,5.160000000000000000e+02,-6.580000000000000000e+02,6.100000000000000000e+01,1.400000000000000000e+01
1.680080650414346218e+09,1.614400000000000000e+04,3.600000000000000000e+02,8.000000000000000000e+01,-6.510000000000000000e+02,6.000000000000000000e+00,6.600000000000000000e+01
1.680080650415203810e+09,1.682000000000000000e+04,6.040000000000000000e+02,4.560000000000000000e+02,-6.290000000000000000e+02,2.900000000000000000e+01,8.800000000000000000e+01
1.680080650416188240e+09,1.630000000000000000e+04,3.360000000000000000e+02,-1.600000000000000000e+02,-6.340000000000000000e+02,1.800000000000000000e+01,7.700000000000000000e+01
1.680080650417071819e+09,1.564800000000000000e+04,2.440000000000000000e+02,3.120000000000000000e+02,-6.430000000000000000e+02,4.000000000000000000e+00,3.600000000000000000e+01
1.680080650417958498e+09,1.569200000000000000e+04,1.040000000000000000e+02,7.040000000000000000e+02,-6.490000000000000000e+02,3.300000000000000000e+01,-9.000000000000000000e+00
1.680080650418930292e+09,1.635600000000000000e+04,3.920000000000000000e+02,-1.760000000000000000e+02,-6.200000000000000000e+02,8.200000000000000000e+01,0.000000000000000000e+00
1.680080650419948339e+09,1.692800000000000000e+04,2.920000000000000000e+02,3.160000000000000000e+02,-6.410000000000000000e+02,1.800000000000000000e+01,4.900000000000000000e+01
1.680080650421012402e+09,1.610400000000000000e+04,3.800000000000000000e+02,3.320000000000000000e+02,-6.570000000000000000e+02,1.400000000000000000e+01,6.700000000000000000e+01
1.680080650421903372e+09,1.523600000000000000e+04,3.240000000000000000e+02,2.960000000000000000e+02,-6.380000000000000000e+02,1.600000000000000000e+01,4.300000000000000000e+01
1.680080650422878265e+09,1.563200000000000000e+04,2.320000000000000000e+02,7.680000000000000000e+02,-6.490000000000000000e+02,6.000000000000000000e+00,4.500000000000000000e+01
1.680080650423770905e+09,1.614400000000000000e+04,3.400000000000000000e+02,4.800000000000000000e+01,-6.340000000000000000e+02,8.900000000000000000e+01,3.600000000000000000e+01
1.680080650424659252e+09,1.694000000000000000e+04,2.440000000000000000e+02,5.720000000000000000e+02,-6.340000000000000000e+02,4.100000000000000000e+01,3.600000000000000000e+01
1.680080650425628185e+09,1.642800000000000000e+04,2.720000000000000000e+02,2.000000000000000000e+01,-6.550000000000000000e+02,1.700000000000000000e+01,3.000000000000000000e+01
1.680080650426829338e+09,1.584000000000000000e+04,3.280000000000000000e+02,1.040000000000000000e+02,-6.390000000000000000e+02,5.600000000000000000e+01,4.100000000000000000e+01
1.680080650427737236e+09,1.547200000000000000e+04,1.640000000000000000e+02,5.840000000000000000e+02,-6.310000000000000000e+02,3.000000000000000000e+01,3.400000000000000000e+01
1.680080650428684950e+09,1.600400000000000000e+04,3.280000000000000000e+02,7.600000000000000000e+01,-6.490000000000000000e+02,2.900000000000000000e+01,5.000000000000000000e+01
1.680080650429587126e+09,1.646000000000000000e+04,2.080000000000000000e+02,5.080000000000000000e+02,-6.400000000000000000e+02,1.700000000000000000e+01,6.200000000000000000e+01
1.680080650430448055e+09,1.646000000000000000e+04,2.080000000000000000e+02,5.080000000000000000e+02,-6.130000000000000000e+02,0.000000000000000000e+00,6.400000000000000000e+01
1.680080650431461096e+09,1.632000000000000000e+04,1.760000000000000000e+02,2.400000000000000000e+02,-6.220000000000000000e+02,2.300000000000000000e+01,7.100000000000000000e+01
1.680080650432329178e+09,1.596400000000000000e+04,2.120000000000000000e+02,4.800000000000000000e+01,-6.430000000000000000e+02,8.300000000000000000e+01,5.400000000000000000e+01
1.680080650433225393e+09,1.586400000000000000e+04,3.160000000000000000e+02,1.440000000000000000e+02,-6.620000000000000000e+02,7.300000000000000000e+01,2.800000000000000000e+01
1.680080650434258461e+09,1.639600000000000000e+04,2.840000000000000000e+02,3.360000000000000000e+02,-6.330000000000000000e+02,7.200000000000000000e+01,2.400000000000000000e+01
1.680080650435198069e+09,1.642800000000000000e+04,2.560000000000000000e+02,3.200000000000000000e+01,-6.400000000000000000e+02,7.400000000000000000e+01,2.800000000000000000e+01
1.680080650436434031e+09,1.626400000000000000e+04,2.240000000000000000e+02,2.440000000000000000e+02,-6.480000000000000000e+02,3.200000000000000000e+01,2.100000000000000000e+01
1.680080650437940121e+09,1.587600000000000000e+04,3.640000000000000000e+02,2.280000000000000000e+02,-6.560000000000000000e+02,3.500000000000000000e+01,1.800000000000000000e+01
1.680080650438981771e+09,1.598000000000000000e+04,2.280000000000000000e+02,4.040000000000000000e+02,-6.340000000000000000e+02,1.800000000000000000e+01,3.000000000000000000e+01
1.680080650440209866e+09,1.650400000000000000e+04,1.800000000000000000e+02,4.800000000000000000e+02,-5.990000000000000000e+02,6.900000000000000000e+01,4.900000000000000000e+01
1.680080650441815138e+09,1.634000000000000000e+04,1.360000000000000000e+02,2.600000000000000000e+02,-6.810000000000000000e+02,4.800000000000000000e+01,3.700000000000000000e+01
1.680080650442894220e+09,1.586000000000000000e+04,1.880000000000000000e+02,2.400000000000000000e+02,-6.900000000000000000e+02,2.400000000000000000e+01,8.000000000000000000e+00
1.680080650444051743e+09,1.575600000000000000e+04,2.920000000000000000e+02,5.080000000000000000e+02,-6.170000000000000000e+02,2.300000000000000000e+01,1.300000000000000000e+01
1.680080650445686102e+09,1.638400000000000000e+04,3.080000000000000000e+02,2.840000000000000000e+02,-6.360000000000000000e+02,4.300000000000000000e+01,6.400000000000000000e+01
1.680080650446689129e+09,1.637600000000000000e+04,1.840000000000000000e+02,2.960000000000000000e+02,-6.660000000000000000e+02,1.800000000000000000e+01,4.300000000000000000e+01
1.680080650447929859e+09,1.629200000000000000e+04,1.920000000000000000e+02,2.840000000000000000e+02,-6.380000000000000000e+02,1.800000000000000000e+01,3.000000000000000000e+01
1.680080650449484110e+09,1.621200000000000000e+04,2.280000000000000000e+02,1.400000000000000000e+02,-6.050000000000000000e+02,3.400000000000000000e+01,3.000000000000000000e+01
1.680080650450603008e+09,1.636400000000000000e+04,2.600000000000000000e+02,8.400000000000000000e+01,-6.520000000000000000e+02,6.500000000000000000e+01,2.100000000000000000e+01
1.680080650451825857e+09,1.640400000000000000e+04,3.040000000000000000e+02,2.920000000000000000e+02,-6.700000000000000000e+02,3.600000000000000000e+01,3.300000000000000000e+01
1.680080650453346014e+09,1.626400000000000000e+04,2.640000000000000000e+02,2.720000000000000000e+02,-6.130000000000000000e+02,2.600000000000000000e+01,5.200000000000000000e+01
1.680080650454374313e+09,1.611600000000000000e+04,3.160000000000000000e+02,4.000000000000000000e+02,-6.260000000000000000e+02,4.600000000000000000e+01,4.100000000000000000e+01
1.680080650455689669e+09,1.636400000000000000e+04,2.040000000000000000e+02,1.560000000000000000e+02,-6.090000000000000000e+02,3.700000000000000000e+01,2.600000000000000000e+01
1.680080650457261562e+09,1.639600000000000000e+04,1.360000000000000000e+02,1.720000000000000000e+02,-6.250000000000000000e+02,5.500000000000000000e+01,1.500000000000000000e+01
1.680080650458257675e+09,1.623200000000000000e+04,2.000000000000000000e+02,2.120000000000000000e+02,-6.260000000000000000e+02,3.800000000000000000e+01,1.800000000000000000e+01
1.680080650459508181e+09,1.617600000000000000e+04,4.600000000000000000e+02,2.400000000000000000e+02,-6.140000000000000000e+02,2.800000000000000000e+01,3.700000000000000000e+01
1.680080650461144209e+09,1.606000000000000000e+04,2.240000000000000000e+02,2.200000000000000000e+02,-6.390000000000000000e+02,2.800000000000000000e+01,5.200000000000000000e+01
1.680080650462075949e+09,1.602800000000000000e+04,2.720000000000000000e+02,2.720000000000000000e+02,-6.630000000000000000e+02,3.000000000000000000e+01,3.900000000000000000e+01
1.680080650463085651e+09,1.605600000000000000e+04,2.480000000000000000e+02,3.680000000000000000e+02,-6.430000000000000000e+02,1.700000000000000000e+01,1.800000000000000000e+01
1.680080650464713812e+09,1.612000000000000000e+04,2.880000000000000000e+02,3.520000000000000000e+02,-6.400000000000000000e+02,6.400000000000000000e+01,1.700000000000000000e+01
1.680080650466396332e+09,1.614400000000000000e+04,2.760000000000000000e+02,4.560000000000000000e+02,-6.320000000000000000e+02,5.100000000000000000e+01,4.100000000000000000e+01
1.680080650467828274e+09,1.604800000000000000e+04,3.320000000000000000e+02,4.320000000000000000e+02,-6.270000000000000000e+02,5.900000000000000000e+01,4.700000000000000000e+01
1.680080650470514059e+09,1.617200000000000000e+04,2.800000000000000000e+02,1.640000000000000000e+02,-6.300000000000000000e+02,4.800000000000000000e+01,1.800000000000000000e+01
1.680080650472119570e+09,1.616000000000000000e+04,2.720000000000000000e+02,5.600000000000000000e+01,-6.480000000000000000e+02,5.400000000000000000e+01,3.100000000000000000e+01
1.680080650473449469e+09,1.611200000000000000e+04,3.000000000000000000e+02,1.560000000000000000e+02,-6.690000000000000000e+02,3.900000000000000000e+01,2.100000000000000000e+01
1.680080650474516630e+09,1.614400000000000000e+04,2.960000000000000000e+02,2.640000000000000000e+02,-6.240000000000000000e+02,5.900000000000000000e+01,4.300000000000000000e+01
1.680080650475420952e+09,1.622000000000000000e+04,2.760000000000000000e+02,2.440000000000000000e+02,-6.420000000000000000e+02,5.300000000000000000e+01,4.700000000000000000e+01
1.680080650476405859e+09,1.600000000000000000e+04,3.720000000000000000e+02,1.680000000000000000e+02,-6.260000000000000000e+02,3.100000000000000000e+01,2.800000000000000000e+01
1.680080650477421522e+09,1.614400000000000000e+04,3.440000000000000000e+02,3.360000000000000000e+02,-5.950000000000000000e+02,3.700000000000000000e+01,3.500000000000000000e+01
1.680080650478299618e+09,1.614400000000000000e+04,3.440000000000000000e+02,3.360000000000000000e+02,-5.990000000000000000e+02,6.500000000000000000e+01,2.800000000000000000e+01
1.680080650479261637e+09,1.625600000000000000e+04,2.760000000000000000e+02,3.440000000000000000e+02,-6.360000000000000000e+02,7.000000000000000000e+01,2.400000000000000000e+01
1.680080650480142355e+09,1.625200000000000000e+04,3.200000000000000000e+02,1.920000000000000000e+02,-6.620000000000000000e+02,6.500000000000000000e+01,1.900000000000000000e+01
1.680080650481046438e+09,1.632800000000000000e+04,2.480000000000000000e+02,2.760000000000000000e+02,-6.430000000000000000e+02,5.900000000000000000e+01,2.700000000000000000e+01
1.680080650482101917e+09,1.636000000000000000e+04,3.400000000000000000e+02,3.280000000000000000e+02,-6.100000000000000000e+02,4.500000000000000000e+01,2.600000000000000000e+01
1.680080650483013868e+09,1.633200000000000000e+04,4.000000000000000000e+02,4.000000000000000000e+02,-6.280000000000000000e+02,5.900000000000000000e+01,2.600000000000000000e+01
1.680080650483892202e+09,1.614400000000000000e+04,3.600000000000000000e+02,4.440000000000000000e+02,-6.640000000000000000e+02,2.500000000000000000e+01,2.100000000000000000e+01
1.680080650484916687e+09,1.620800000000000000e+04,2.960000000000000000e+02,3.440000000000000000e+02,-6.350000000000000000e+02,3.700000000000000000e+01,4.200000000000000000e+01
1.680080650485805035e+09,1.634800000000000000e+04,3.880000000000000000e+02,2.120000000000000000e+02,-6.310000000000000000e+02,5.300000000000000000e+01,4.800000000000000000e+01
1.680080650486846209e+09,1.630400000000000000e+04,3.280000000000000000e+02,3.480000000000000000e+02,-6.240000000000000000e+02,5.300000000000000000e+01,1.500000000000000000e+01
1.680080650487765074e+09,1.612400000000000000e+04,3.720000000000000000e+02,4.280000000000000000e+02,-6.270000000000000000e+02,2.800000000000000000e+01,1.400000000000000000e+01
1.680080650488624096e+09,1.601200000000000000e+04,3.480000000000000000e+02,3.800000000000000000e+02,-6.240000000000000000e+02,1.500000000000000000e+01,2.600000000000000000e+01
1.680080650489935875e+09,1.611200000000000000e+04,3.520000000000000000e+02,4.320000000000000000e+02,-6.530000000000000000e+02,3.000000000000000000e+01,3.400000000000000000e+01
1.680080650490831375e+09,1.613200000000000000e+04,2.600000000000000000e+02,4.240000000000000000e+02,-6.430000000000000000e+02,4.000000000000000000e+01,2.900000000000000000e+01
1.680080650491696835e+09,1.620800000000000000e+04,2.840000000000000000e+02,4.120000000000000000e+02,-6.210000000000000000e+02,4.100000000000000000e+01,2.900000000000000000e+01
1.680080650492726326e+09,1.614800000000000000e+04,3.600000000000000000e+02,2.960000000000000000e+02,-6.270000000000000000e+02,4.700000000000000000e+01,3.500000000000000000e+01
1.680080650493601322e+09,1.618000000000000000e+04,3.840000000000000000e+02,2.240000000000000000e+02,-6.540000000000000000e+02,4.000000000000000000e+01,4.100000000000000000e+01
1.680080650494580507e+09,1.611200000000000000e+04,3.200000000000000000e+02,3.440000000000000000e+02,-6.240000000000000000e+02,1.900000000000000000e+01,4.300000000000000000e+01
1.680080650495479822e+09,1.613600000000000000e+04,2.560000000000000000e+02,3.400000000000000000e+02,-5.870000000000000000e+02,4.300000000000000000e+01,3.700000000000000000e+01
1.680080650496395826e+09,1.620400000000000000e+04,3.240000000000000000e+02,3.160000000000000000e+02,-6.200000000000000000e+02,5.200000000000000000e+01,9.000000000000000000e+00
1.680080650497433662e+09,1.611200000000000000e+04,3.440000000000000000e+02,3.200000000000000000e+02,-6.320000000000000000e+02,4.400000000000000000e+01,0.000000000000000000e+00
1.680080650498378754e+09,1.606000000000000000e+04,3.440000000000000000e+02,3.840000000000000000e+02,-6.210000000000000000e+02,4.500000000000000000e+01,3.900000000000000000e+01
1.680080650499357939e+09,1.606000000000000000e+04,3.440000000000000000e+02,3.840000000000000000e+02,-6.290000000000000000e+02,2.000000000000000000e+01,6.000000000000000000e+01
1.680080650500255585e+09,1.607200000000000000e+04,3.120000000000000000e+02,4.280000000000000000e+02,-6.470000000000000000e+02,2.700000000000000000e+01,5.700000000000000000e+01
1.680080650501155376e+09,1.607200000000000000e+04,3.120000000000000000e+02,4.280000000000000000e+02,-6.530000000000000000e+02,4.400000000000000000e+01,4.200000000000000000e+01
1.680080650502189398e+09,1.619600000000000000e+04,3.680000000000000000e+02,2.000000000000000000e+02,-6.330000000000000000e+02,5.800000000000000000e+01,4.400000000000000000e+01
1.680080650503144979e+09,1.642000000000000000e+04,3.440000000000000000e+02,3.800000000000000000e+02,-6.130000000000000000e+02,2.900000000000000000e+01,2.800000000000000000e+01
1.680080650504121542e+09,1.619600000000000000e+04,3.320000000000000000e+02,3.600000000000000000e+02,-5.990000000000000000e+02,4.700000000000000000e+01,3.100000000000000000e+01
1.680080650505021811e+09,1.598400000000000000e+04,3.840000000000000000e+02,4.120000000000000000e+02,-6.240000000000000000e+02,5.700000000000000000e+01,2.100000000000000000e+01
1.680080650505896091e+09,1.603200000000000000e+04,4.160000000000000000e+02,5.200000000000000000e+02,-6.390000000000000000e+02,4.500000000000000000e+01,2.100000000000000000e+01
1.680080650506933212e+09,1.617600000000000000e+04,3.800000000000000000e+02,2.960000000000000000e+02,-6.430000000000000000e+02,5.300000000000000000e+01,2.000000000000000000e+01
1.680080650507839203e+09,1.624800000000000000e+04,3.080000000000000000e+02,3.160000000000000000e+02,-6.340000000000000000e+02,5.700000000000000000e+01,3.000000000000000000e+01
1.680080650508692265e+09,1.614400000000000000e+04,3.160000000000000000e+02,4.680000000000000000e+02,-6.530000000000000000e+02,4.200000000000000000e+01,5.000000000000000000e+01
1.680080650509614944e+09,1.615600000000000000e+04,3.520000000000000000e+02,5.000000000000000000e+02,-6.340000000000000000e+02,4.300000000000000000e+01,5.100000000000000000e+01
1.680080650510506153e+09,1.623200000000000000e+04,2.680000000000000000e+02,4.040000000000000000e+02,-6.010000000000000000e+02,3.400000000000000000e+01,4.000000000000000000e+01
1.680080650511507988e+09,1.610800000000000000e+04,3.120000000000000000e+02,4.000000000000000000e+02,-6.060000000000000000e+02,4.700000000000000000e+01,2.700000000000000000e+01
1.680080650512564421e+09,1.618400000000000000e+04,3.960000000000000000e+02,3.720000000000000000e+02,-6.500000000000000000e+02,5.400000000000000000e+01,1.900000000000000000e+01
1.680080650513455629e+09,1.609600000000000000e+04,3.240000000000000000e+02,3.360000000000000000e+02,-6.670000000000000000e+02,3.400000000000000000e+01,2.100000000000000000e+01
1.680080650514463902e+09,1.611200000000000000e+04,2.400000000000000000e+02,3.560000000000000000e+02,-6.410000000000000000e+02,3.100000000000000000e+01,1.600000000000000000e+01
1.680080650515370846e+09,1.617200000000000000e+04,3.440000000000000000e+02,2.160000000000000000e+02,-6.590000000000000000e+02,4.100000000000000000e+01,3.300000000000000000e+01
1.680080650516453743e+09,1.634000000000000000e+04,2.800000000000000000e+02,2.800000000000000000e+02,-6.480000000000000000e+02,3.900000000000000000e+01,5.800000000000000000e+01
1.680080650517638445e+09,1.623600000000000000e+04,2.880000000000000000e+02,1.920000000000000000e+02,-6.130000000000000000e+02,4.000000000000000000e+01,6.400000000000000000e+01
1.680080650519212723e+09,1.619600000000000000e+04,3.680000000000000000e+02,4.520000000000000000e+02,-6.460000000000000000e+02,4.600000000000000000e+01,1.100000000000000000e+01
1.680080650520212889e+09,1.614400000000000000e+04,3.960000000000000000e+02,4.000000000000000000e+02,-6.520000000000000000e+02,3.600000000000000000e+01,1.100000000000000000e+01
1.680080650521448612e+09,1.622800000000000000e+04,3.600000000000000000e+02,4.320000000000000000e+02,-6.220000000000000000e+02,4.600000000000000000e+01,4.800000000000000000e+01
1.680080650522963047e+09,1.635600000000000000e+04,3.840000000000000000e+02,3.880000000000000000e+02,-6.690000000000000000e+02,4.800000000000000000e+01,2.900000000000000000e+01
1.680080650524035931e+09,1.624400000000000000e+04,3.600000000000000000e+02,3.680000000000000000e+02,-6.690000000000000000e+02,2.300000000000000000e+01,2.300000000000000000e+01
1.680080650525352716e+09,1.619600000000000000e+04,2.960000000000000000e+02,2.760000000000000000e+02,-6.390000000000000000e+02,4.300000000000000000e+01,1.800000000000000000e+01
1.680080650526935577e+09,1.621600000000000000e+04,2.520000000000000000e+02,2.880000000000000000e+02,-6.340000000000000000e+02,3.500000000000000000e+01,3.300000000000000000e+01
1.680080650528015375e+09,1.619200000000000000e+04,3.240000000000000000e+02,2.200000000000000000e+02,-6.230000000000000000e+02,5.100000000000000000e+01,3.800000000000000000e+01
1.680080650529272079e+09,1.625200000000000000e+04,3.240000000000000000e+02,3.160000000000000000e+02,-6.200000000000000000e+02,5.700000000000000000e+01,3.300000000000000000e+01
1.680080650530820608e+09,1.615200000000000000e+04,3.080000000000000000e+02,4.240000000000000000e+02,-6.400000000000000000e+02,2.700000000000000000e+01,3.800000000000000000e+01
1.680080650531836987e+09,1.612800000000000000e+04,2.520000000000000000e+02,3.800000000000000000e+02,-6.260000000000000000e+02,5.600000000000000000e+01,2.800000000000000000e+01
1.680080650533018589e+09,1.622400000000000000e+04,3.320000000000000000e+02,2.200000000000000000e+02,-6.280000000000000000e+02,4.500000000000000000e+01,2.800000000000000000e+01
1.680080650534643412e+09,1.600000000000000000e+04,3.000000000000000000e+02,4.800000000000000000e+02,-6.090000000000000000e+02,3.700000000000000000e+01,3.600000000000000000e+01
1.680080650535579205e+09,1.620400000000000000e+04,3.280000000000000000e+02,3.360000000000000000e+02,-6.390000000000000000e+02,4.600000000000000000e+01,3.900000000000000000e+01
1.680080650536954880e+09,1.621200000000000000e+04,2.760000000000000000e+02,3.280000000000000000e+02,-6.230000000000000000e+02,3.500000000000000000e+01,4.500000000000000000e+01
1.680080650538623333e+09,1.636800000000000000e+04,2.680000000000000000e+02,3.320000000000000000e+02,-6.380000000000000000e+02,4.000000000000000000e+01,4.800000000000000000e+01
1.680080650539623260e+09,1.617600000000000000e+04,2.960000000000000000e+02,4.440000000000000000e+02,-6.190000000000000000e+02,5.000000000000000000e+01,2.600000000000000000e+01
1.680080650540841818e+09,1.596400000000000000e+04,3.600000000000000000e+02,2.320000000000000000e+02,-6.390000000000000000e+02,6.200000000000000000e+01,2.500000000000000000e+01
1.680080650542381048e+09,1.631200000000000000e+04,3.600000000000000000e+02,4.400000000000000000e+02,-6.570000000000000000e+02,0.000000000000000000e+00,3.100000000000000000e+01
1.680080650543347597e+09,1.607200000000000000e+04,3.240000000000000000e+02,2.280000000000000000e+02,-6.240000000000000000e+02,3.600000000000000000e+01,2.500000000000000000e+01
1.680080650544227839e+09,1.620400000000000000e+04,2.800000000000000000e+02,3.360000000000000000e+02,-6.210000000000000000e+02,6.300000000000000000e+01,3.500000000000000000e+01
1.680080650546669483e+09,1.599600000000000000e+04,3.000000000000000000e+02,1.800000000000000000e+02,-6.570000000000000000e+02,-9.000000000000000000e+00,4.200000000000000000e+01
1.680080650548460960e+09,1.632000000000000000e+04,2.880000000000000000e+02,1.680000000000000000e+02,-6.180000000000000000e+02,2.700000000000000000e+01,1.900000000000000000e+01
1.680080650550181150e+09,1.615200000000000000e+04,2.360000000000000000e+02,3.560000000000000000e+02,-7.000000000000000000e+02,6.000000000000000000e+01,3.100000000000000000e+01
1.680080650551750898e+09,1.618000000000000000e+04,2.440000000000000000e+02,1.960000000000000000e+02,-6.080000000000000000e+02,4.700000000000000000e+01,7.200000000000000000e+01
1.680080650553329706e+09,1.608800000000000000e+04,2.320000000000000000e+02,4.680000000000000000e+02,-6.390000000000000000e+02,6.100000000000000000e+01,3.700000000000000000e+01
1.680080650554331303e+09,1.624800000000000000e+04,3.000000000000000000e+02,4.000000000000000000e+02,-6.650000000000000000e+02,5.200000000000000000e+01,3.400000000000000000e+01
1.680080650555616140e+09,1.619600000000000000e+04,3.000000000000000000e+02,2.640000000000000000e+02,-6.550000000000000000e+02,1.100000000000000000e+01,4.100000000000000000e+01
1.680080650556589842e+09,1.610000000000000000e+04,2.560000000000000000e+02,2.000000000000000000e+02,-6.410000000000000000e+02,2.300000000000000000e+01,4.700000000000000000e+01
1.680080650557933569e+09,1.623600000000000000e+04,2.760000000000000000e+02,2.520000000000000000e+02,-6.660000000000000000e+02,3.200000000000000000e+01,4.500000000000000000e+01
1.680080650559113979e+09,1.633600000000000000e+04,2.960000000000000000e+02,3.440000000000000000e+02,-6.240000000000000000e+02,4.600000000000000000e+01,3.300000000000000000e+01
1.680080650560133696e+09,1.612800000000000000e+04,2.360000000000000000e+02,3.440000000000000000e+02,-6.140000000000000000e+02,4.900000000000000000e+01,3.400000000000000000e+01
1.680080650561430216e+09,1.624800000000000000e+04,2.200000000000000000e+02,2.640000000000000000e+02,-6.300000000000000000e+02,1.900000000000000000e+01,3.000000000000000000e+01
1.680080650562323570e+09,1.618800000000000000e+04,2.520000000000000000e+02,2.560000000000000000e+02,-6.430000000000000000e+02,3.500000000000000000e+01,3.500000000000000000e+01
1.680080650563507795e+09,1.616400000000000000e+04,3.080000000000000000e+02,2.480000000000000000e+02,-6.570000000000000000e+02,2.600000000000000000e+01,3.300000000000000000e+01
1.680080650564401865e+09,1.624000000000000000e+04,2.680000000000000000e+02,2.320000000000000000e+02,-6.410000000000000000e+02,4.200000000000000000e+01,4.400000000000000000e+01
1.680080650565473080e+09,1.620800000000000000e+04,2.840000000000000000e+02,2.080000000000000000e+02,-6.270000000000000000e+02,5.100000000000000000e+01,4.600000000000000000e+01
1.680080650566520691e+09,1.613600000000000000e+04,3.240000000000000000e+02,2.280000000000000000e+02,-6.440000000000000000e+02,1.700000000000000000e+01,2.500000000000000000e+01
1.680080650567596436e+09,1.622000000000000000e+04,3.360000000000000000e+02,1.840000000000000000e+02,-6.080000000000000000e+02,3.100000000000000000e+01,3.700000000000000000e+01
1.680080650568520308e+09,1.624000000000000000e+04,2.160000000000000000e+02,1.400000000000000000e+02,-6.020000000000000000e+02,4.500000000000000000e+01,5.200000000000000000e+01
1.680080650569564104e+09,1.627600000000000000e+04,2.400000000000000000e+02,2.280000000000000000e+02,-6.190000000000000000e+02,5.100000000000000000e+01,3.700000000000000000e+01
1.680080650570436716e+09,1.615200000000000000e+04,3.000000000000000000e+02,2.720000000000000000e+02,-6.580000000000000000e+02,2.300000000000000000e+01,4.000000000000000000e+00
1.680080650571328402e+09,1.598800000000000000e+04,4.000000000000000000e+02,3.960000000000000000e+02,-6.400000000000000000e+02,-1.000000000000000000e+00,-2.000000000000000000e+00
1.680080650572303534e+09,1.558000000000000000e+04,3.920000000000000000e+02,3.720000000000000000e+02,-5.960000000000000000e+02,2.200000000000000000e+01,2.700000000000000000e+01
1.680080650573281527e+09,1.603600000000000000e+04,3.720000000000000000e+02,9.200000000000000000e+01,-6.040000000000000000e+02,5.600000000000000000e+01,5.600000000000000000e+01
1.680080650574371815e+09,1.606800000000000000e+04,3.280000000000000000e+02,5.480000000000000000e+02,-6.710000000000000000e+02,-5.000000000000000000e+01,3.700000000000000000e+01
1.680080650575344324e+09,1.407600000000000000e+04,6.400000000000000000e+01,2.800000000000000000e+02,-6.570000000000000000e+02,6.600000000000000000e+01,3.500000000000000000e+01
1.680080650577956438e+09,1.887200000000000000e+04,-2.400000000000000000e+02,1.064000000000000000e+03,-6.290000000000000000e+02,6.000000000000000000e+00,-2.400000000000000000e+01
1.680080650579357147e+09,1.526400000000000000e+04,5.800000000000000000e+02,8.800000000000000000e+01,-6.740000000000000000e+02,4.000000000000000000e+00,-2.100000000000000000e+01
1.680080650580377579e+09,1.510000000000000000e+04,5.160000000000000000e+02,7.640000000000000000e+02,-6.390000000000000000e+02,1.200000000000000000e+01,6.600000000000000000e+01
1.680080650583304167e+09,1.707600000000000000e+04,9.600000000000000000e+01,-4.080000000000000000e+02,-6.250000000000000000e+02,8.000000000000000000e+00,2.700000000000000000e+01
1.680080650584299326e+09,1.644800000000000000e+04,5.200000000000000000e+02,7.800000000000000000e+02,-6.190000000000000000e+02,1.280000000000000000e+02,1.600000000000000000e+01
1.680080650585175276e+09,1.633600000000000000e+04,1.160000000000000000e+02,-2.480000000000000000e+02,-6.380000000000000000e+02,7.600000000000000000e+01,1.900000000000000000e+01
1.680080650586219311e+09,1.750000000000000000e+04,2.320000000000000000e+02,8.040000000000000000e+02,-6.380000000000000000e+02,1.500000000000000000e+01,1.600000000000000000e+01
1.680080650587226391e+09,1.518800000000000000e+04,1.960000000000000000e+02,1.000000000000000000e+02,-6.360000000000000000e+02,3.700000000000000000e+01,2.000000000000000000e+00
1.680080650588120222e+09,1.412400000000000000e+04,4.120000000000000000e+02,7.040000000000000000e+02,-6.420000000000000000e+02,-1.500000000000000000e+01,6.000000000000000000e+00
1.680080650589073896e+09,1.610000000000000000e+04,3.800000000000000000e+02,-6.000000000000000000e+01,-6.600000000000000000e+02,6.400000000000000000e+01,5.500000000000000000e+01
1.680080650590040922e+09,1.774000000000000000e+04,5.560000000000000000e+02,5.600000000000000000e+01,-6.570000000000000000e+02,1.160000000000000000e+02,8.900000000000000000e+01
1.680080650591006517e+09,1.602400000000000000e+04,-2.360000000000000000e+02,1.196000000000000000e+03,-6.270000000000000000e+02,-1.120000000000000000e+02,5.000000000000000000e+01
1.680080650592100143e+09,1.572400000000000000e+04,3.360000000000000000e+02,-9.640000000000000000e+02,-6.010000000000000000e+02,1.470000000000000000e+02,2.500000000000000000e+01
1.680080650593088150e+09,1.728400000000000000e+04,3.520000000000000000e+02,1.124000000000000000e+03,-6.480000000000000000e+02,7.200000000000000000e+01,2.500000000000000000e+01
1.680080650594115734e+09,1.535200000000000000e+04,3.240000000000000000e+02,-6.400000000000000000e+01,-6.710000000000000000e+02,3.100000000000000000e+01,3.200000000000000000e+01
1.680080650594995022e+09,1.565600000000000000e+04,2.800000000000000000e+02,4.320000000000000000e+02,-6.360000000000000000e+02,2.100000000000000000e+01,2.500000000000000000e+01
1.680080650596197844e+09,1.647600000000000000e+04,2.960000000000000000e+02,2.720000000000000000e+02,-6.100000000000000000e+02,4.800000000000000000e+01,3.900000000000000000e+01
1.680080650597182035e+09,1.652400000000000000e+04,2.880000000000000000e+02,4.320000000000000000e+02,-6.110000000000000000e+02,4.000000000000000000e+01,3.900000000000000000e+01
1.680080650598055840e+09,1.573200000000000000e+04,3.440000000000000000e+02,7.600000000000000000e+01,-6.230000000000000000e+02,6.200000000000000000e+01,2.600000000000000000e+01
1.680080650599016666e+09,1.677600000000000000e+04,3.080000000000000000e+02,5.880000000000000000e+02,-6.370000000000000000e+02,4.600000000000000000e+01,3.900000000000000000e+01
1.680080650600136757e+09,1.623200000000000000e+04,2.240000000000000000e+02,2.680000000000000000e+02,-6.170000000000000000e+02,3.600000000000000000e+01,2.600000000000000000e+01
1.680080650601032495e+09,1.549200000000000000e+04,1.920000000000000000e+02,4.400000000000000000e+01,-6.370000000000000000e+02,5.800000000000000000e+01,-5.000000000000000000e+00
1.680080650601956367e+09,1.638400000000000000e+04,4.280000000000000000e+02,5.840000000000000000e+02,-6.230000000000000000e+02,3.200000000000000000e+01,-1.100000000000000000e+01
1.680080650602962255e+09,1.680400000000000000e+04,5.800000000000000000e+02,-1.640000000000000000e+02,-6.260000000000000000e+02,5.900000000000000000e+01,4.900000000000000000e+01
1.680080650603943586e+09,1.592800000000000000e+04,2.800000000000000000e+02,7.000000000000000000e+02,-6.640000000000000000e+02,-8.000000000000000000e+00,6.200000000000000000e+01
1.680080650605193138e+09,1.596800000000000000e+04,1.720000000000000000e+02,1.560000000000000000e+02,-6.010000000000000000e+02,-2.000000000000000000e+00,2.800000000000000000e+01
1.680080650606753588e+09,1.669600000000000000e+04,3.000000000000000000e+02,1.240000000000000000e+02,-6.410000000000000000e+02,2.700000000000000000e+01,1.200000000000000000e+01
1.680080650607791901e+09,1.580800000000000000e+04,3.600000000000000000e+02,3.120000000000000000e+02,-6.630000000000000000e+02,1.000000000000000000e+02,4.200000000000000000e+01
1.680080650609170198e+09,1.630000000000000000e+04,3.320000000000000000e+02,5.840000000000000000e+02,-6.170000000000000000e+02,1.900000000000000000e+01,2.300000000000000000e+01
1.680080650610873699e+09,1.592000000000000000e+04,3.120000000000000000e+02,4.360000000000000000e+02,-6.240000000000000000e+02,6.100000000000000000e+01,2.600000000000000000e+01
1.680080650611830950e+09,1.632800000000000000e+04,3.800000000000000000e+02,-1.600000000000000000e+01,-6.440000000000000000e+02,1.170000000000000000e+02,2.300000000000000000e+01
1.680080650613123894e+09,1.631200000000000000e+04,2.240000000000000000e+02,5.960000000000000000e+02,-6.470000000000000000e+02,2.200000000000000000e+01,3.000000000000000000e+01
1.680080650614710093e+09,1.568400000000000000e+04,2.920000000000000000e+02,2.480000000000000000e+02,-6.200000000000000000e+02,7.400000000000000000e+01,4.000000000000000000e+01
1.680080650615838051e+09,1.633600000000000000e+04,3.320000000000000000e+02,3.480000000000000000e+02,-6.540000000000000000e+02,3.100000000000000000e+01,3.500000000000000000e+01
1.680080650617676258e+09,1.579600000000000000e+04,2.360000000000000000e+02,1.440000000000000000e+02,-6.350000000000000000e+02,6.100000000000000000e+01,4.200000000000000000e+01
1.680080650619264603e+09,1.668400000000000000e+04,4.120000000000000000e+02,8.400000000000000000e+01,-6.210000000000000000e+02,5.700000000000000000e+01,5.300000000000000000e+01
1.680080650620358706e+09,1.612400000000000000e+04,2.440000000000000000e+02,3.720000000000000000e+02,-6.140000000000000000e+02,2.700000000000000000e+01,1.300000000000000000e+01
1.680080650621581078e+09,1.611600000000000000e+04,2.800000000000000000e+02,2.160000000000000000e+02,-5.980000000000000000e+02,5.900000000000000000e+01,3.800000000000000000e+01
1.680080650623117208e+09,1.613200000000000000e+04,1.960000000000000000e+02,5.600000000000000000e+02,-6.500000000000000000e+02,3.800000000000000000e+01,4.200000000000000000e+01
1.680080650624094248e+09,1.607600000000000000e+04,3.600000000000000000e+02,8.000000000000000000e+01,-6.580000000000000000e+02,6.200000000000000000e+01,3.300000000000000000e+01
1.680080650625353575e+09,1.634800000000000000e+04,3.920000000000000000e+02,5.480000000000000000e+02,-6.100000000000000000e+02,5.300000000000000000e+01,3.900000000000000000e+01
1.680080650627367735e+09,1.608800000000000000e+04,2.400000000000000000e+02,4.600000000000000000e+02,-6.300000000000000000e+02,2.200000000000000000e+01,1.300000000000000000e+01
1.680080650628412008e+09,1.628800000000000000e+04,2.440000000000000000e+02,3.240000000000000000e+02,-5.900000000000000000e+02,5.500000000000000000e+01,2.200000000000000000e+01
1.680080650629627228e+09,1.627600000000000000e+04,2.960000000000000000e+02,3.800000000000000000e+02,-6.210000000000000000e+02,6.200000000000000000e+01,3.300000000000000000e+01
1.680080650631241798e+09,1.608000000000000000e+04,3.760000000000000000e+02,4.240000000000000000e+02,-6.610000000000000000e+02,2.300000000000000000e+01,4.600000000000000000e+01
1.680080650632111788e+09,1.613200000000000000e+04,3.760000000000000000e+02,3.960000000000000000e+02,-6.130000000000000000e+02,2.000000000000000000e+01,5.000000000000000000e+01
1.680080650633005381e+09,1.607200000000000000e+04,3.560000000000000000e+02,3.960000000000000000e+02,-6.080000000000000000e+02,4.000000000000000000e+01,3.700000000000000000e+01
1.680080650634838104e+09,1.638800000000000000e+04,3.080000000000000000e+02,3.040000000000000000e+02,-6.670000000000000000e+02,3.200000000000000000e+01,2.700000000000000000e+01
1.680080650636466980e+09,1.637600000000000000e+04,3.520000000000000000e+02,3.200000000000000000e+02,-5.920000000000000000e+02,5.700000000000000000e+01,1.600000000000000000e+01
1.680080650637750864e+09,1.604000000000000000e+04,3.680000000000000000e+02,4.680000000000000000e+02,-6.280000000000000000e+02,6.500000000000000000e+01,3.300000000000000000e+01
1.680080650639271259e+09,1.599200000000000000e+04,3.680000000000000000e+02,4.240000000000000000e+02,-6.820000000000000000e+02,6.000000000000000000e+00,3.900000000000000000e+01
1.680080650640914679e+09,1.620400000000000000e+04,3.080000000000000000e+02,5.280000000000000000e+02,-6.180000000000000000e+02,4.000000000000000000e+01,5.400000000000000000e+01
1.680080650641792297e+09,1.616000000000000000e+04,4.080000000000000000e+02,4.240000000000000000e+02,-6.260000000000000000e+02,4.400000000000000000e+01,3.900000000000000000e+01
1.680080650642755270e+09,1.618400000000000000e+04,3.680000000000000000e+02,2.120000000000000000e+02,-6.760000000000000000e+02,5.400000000000000000e+01,2.400000000000000000e+01
1.680080650643777370e+09,1.626000000000000000e+04,2.800000000000000000e+02,3.640000000000000000e+02,-6.800000000000000000e+02,3.700000000000000000e+01,4.100000000000000000e+01
1.680080650644795656e+09,1.623600000000000000e+04,2.480000000000000000e+02,3.680000000000000000e+02,-6.200000000000000000e+02,5.100000000000000000e+01,3.400000000000000000e+01
1.680080650645691156e+09,1.616800000000000000e+04,3.120000000000000000e+02,3.800000000000000000e+02,-6.080000000000000000e+02,6.900000000000000000e+01,3.500000000000000000e+01
1.680080650646739721e+09,1.614000000000000000e+04,2.680000000000000000e+02,5.800000000000000000e+02,-6.480000000000000000e+02,5.200000000000000000e+01,1.900000000000000000e+01
1.680080650647663116e+09,1.614000000000000000e+04,2.680000000000000000e+02,5.800000000000000000e+02,-6.810000000000000000e+02,4.500000000000000000e+01,3.500000000000000000e+01
1.680080650648538113e+09,1.619600000000000000e+04,2.680000000000000000e+02,5.080000000000000000e+02,-6.540000000000000000e+02,3.200000000000000000e+01,4.900000000000000000e+01
1.680080650649449110e+09,1.625600000000000000e+04,3.160000000000000000e+02,4.280000000000000000e+02,-6.000000000000000000e+02,1.000000000000000000e+01,5.400000000000000000e+01
1.680080650650382519e+09,1.614400000000000000e+04,2.920000000000000000e+02,2.520000000000000000e+02,-6.130000000000000000e+02,5.500000000000000000e+01,3.300000000000000000e+01
1.680080650651555300e+09,1.616400000000000000e+04,2.840000000000000000e+02,3.360000000000000000e+02,-6.630000000000000000e+02,7.600000000000000000e+01,2.900000000000000000e+01
1.680080650652569771e+09,1.625600000000000000e+04,2.720000000000000000e+02,5.120000000000000000e+02,-6.620000000000000000e+02,4.600000000000000000e+01,4.400000000000000000e+01
1.680080650653455257e+09,1.611600000000000000e+04,2.720000000000000000e+02,3.800000000000000000e+02,-6.120000000000000000e+02,1.600000000000000000e+01,5.400000000000000000e+01
1.680080650654342175e+09,1.605600000000000000e+04,2.640000000000000000e+02,4.200000000000000000e+02,-6.060000000000000000e+02,2.100000000000000000e+01,4.700000000000000000e+01
1.680080650655209303e+09,1.608400000000000000e+04,2.800000000000000000e+02,3.320000000000000000e+02,-6.420000000000000000e+02,4.400000000000000000e+01,4.700000000000000000e+01
1.680080650656399727e+09,1.606800000000000000e+04,3.440000000000000000e+02,3.040000000000000000e+02,-6.780000000000000000e+02,3.800000000000000000e+01,1.900000000000000000e+01
1.680080650657296419e+09,1.601600000000000000e+04,2.880000000000000000e+02,4.080000000000000000e+02,-6.530000000000000000e+02,1.300000000000000000e+01,9.000000000000000000e+00
1.680080650658159971e+09,1.616400000000000000e+04,1.880000000000000000e+02,3.200000000000000000e+02,-6.110000000000000000e+02,1.900000000000000000e+01,5.000000000000000000e+00
1.680080650659296989e+09,1.621600000000000000e+04,2.720000000000000000e+02,1.720000000000000000e+02,-6.230000000000000000e+02,5.200000000000000000e+01,-3.000000000000000000e+00
1.680080650660225630e+09,1.620400000000000000e+04,3.640000000000000000e+02,2.240000000000000000e+02,-6.750000000000000000e+02,8.200000000000000000e+01,4.000000000000000000e+00
1.680080650661151409e+09,1.623200000000000000e+04,3.440000000000000000e+02,4.160000000000000000e+02,-6.760000000000000000e+02,6.500000000000000000e+01,2.600000000000000000e+01
1.680080650662175417e+09,1.607600000000000000e+04,3.600000000000000000e+02,3.000000000000000000e+02,-6.400000000000000000e+02,4.300000000000000000e+01,4.200000000000000000e+01
1.680080650663047791e+09,1.603600000000000000e+04,2.800000000000000000e+02,4.320000000000000000e+02,-6.330000000000000000e+02,3.100000000000000000e+01,6.100000000000000000e+01
1.680080650663948774e+09,1.629600000000000000e+04,2.640000000000000000e+02,4.040000000000000000e+02,-6.220000000000000000e+02,3.900000000000000000e+01,5.000000000000000000e+01
1.680080650664944649e+09,1.632800000000000000e+04,2.720000000000000000e+02,2.400000000000000000e+02,-6.150000000000000000e+02,5.600000000000000000e+01,3.800000000000000000e+01
1.680080650665895700e+09,1.625600000000000000e+04,1.920000000000000000e+02,3.120000000000000000e+02,-6.230000000000000000e+02,6.400000000000000000e+01,3.000000000000000000e+01
1.680080650666986704e+09,1.616000000000000000e+04,3.320000000000000000e+02,2.800000000000000000e+02,-6.420000000000000000e+02,4.400000000000000000e+01,3.200000000000000000e+01
1.680080650668198347e+09,1.615200000000000000e+04,3.760000000000000000e+02,3.120000000000000000e+02,-6.130000000000000000e+02,4.500000000000000000e+01,3.100000000000000000e+01
1.680080650669247389e+09,1.626800000000000000e+04,4.160000000000000000e+02,3.560000000000000000e+02,-6.430000000000000000e+02,4.900000000000000000e+01,2.800000000000000000e+01
1.680080650670136690e+09,1.616400000000000000e+04,3.520000000000000000e+02,4.880000000000000000e+02,-6.550000000000000000e+02,4.800000000000000000e+01,2.800000000000000000e+01
1.680080650671003580e+09,1.613600000000000000e+04,3.040000000000000000e+02,4.680000000000000000e+02,-6.150000000000000000e+02,3.400000000000000000e+01,2.900000000000000000e+01
1.680080650671995163e+09,1.623200000000000000e+04,3.000000000000000000e+02,3.680000000000000000e+02,-6.120000000000000000e+02,1.700000000000000000e+01,1.600000000000000000e+01
1.680080650672867298e+09,1.624000000000000000e+04,2.960000000000000000e+02,2.840000000000000000e+02,-6.520000000000000000e+02,6.000000000000000000e+00,1.700000000000000000e+01
1.680080650673865318e+09,1.622800000000000000e+04,2.200000000000000000e+02,2.120000000000000000e+02,-6.350000000000000000e+02,2.800000000000000000e+01,2.600000000000000000e+01
1.680080650674875975e+09,1.609600000000000000e+04,2.760000000000000000e+02,3.280000000000000000e+02,-6.360000000000000000e+02,5.000000000000000000e+01,3.200000000000000000e+01
1.680080650675827980e+09,1.606400000000000000e+04,1.720000000000000000e+02,3.960000000000000000e+02,-6.550000000000000000e+02,5.400000000000000000e+01,2.000000000000000000e+01
1.680080650676767349e+09,1.618400000000000000e+04,3.120000000000000000e+02,4.600000000000000000e+02,-6.600000000000000000e+02,4.400000000000000000e+01,2.300000000000000000e+01
1.680080650677749872e+09,1.615200000000000000e+04,3.080000000000000000e+02,3.520000000000000000e+02,-6.350000000000000000e+02,2.900000000000000000e+01,4.200000000000000000e+01
1.680080650678756714e+09,1.617200000000000000e+04,2.080000000000000000e+02,3.120000000000000000e+02,-6.060000000000000000e+02,5.200000000000000000e+01,5.900000000000000000e+01
1.680080650679754019e+09,1.618800000000000000e+04,2.680000000000000000e+02,2.600000000000000000e+02,-6.300000000000000000e+02,5.800000000000000000e+01,4.000000000000000000e+01
1.680080650680701733e+09,1.615600000000000000e+04,3.520000000000000000e+02,3.520000000000000000e+02,-6.630000000000000000e+02,4.000000000000000000e+01,1.300000000000000000e+01
1.680080650681599855e+09,1.624000000000000000e+04,3.080000000000000000e+02,2.200000000000000000e+02,-6.570000000000000000e+02,2.600000000000000000e+01,1.400000000000000000e+01
1.680080650682468414e+09,1.624000000000000000e+04,3.080000000000000000e+02,2.200000000000000000e+02,-6.100000000000000000e+02,3.000000000000000000e+01,2.500000000000000000e+01
1.680080650683532238e+09,1.622800000000000000e+04,2.280000000000000000e+02,2.240000000000000000e+02,-6.040000000000000000e+02,4.400000000000000000e+01,2.700000000000000000e+01
1.680080650684533358e+09,1.616000000000000000e+04,2.920000000000000000e+02,2.840000000000000000e+02,-6.480000000000000000e+02,5.600000000000000000e+01,4.900000000000000000e+01
1.680080650685481071e+09,1.621200000000000000e+04,2.800000000000000000e+02,4.360000000000000000e+02,-6.630000000000000000e+02,3.800000000000000000e+01,6.200000000000000000e+01
1.680080650686741352e+09,1.612400000000000000e+04,3.160000000000000000e+02,2.920000000000000000e+02,-6.370000000000000000e+02,6.200000000000000000e+01,5.200000000000000000e+01
1.680080650688300848e+09,1.622800000000000000e+04,2.880000000000000000e+02,3.480000000000000000e+02,-6.530000000000000000e+02,4.300000000000000000e+01,3.100000000000000000e+01
1.680080650689454317e+09,1.624800000000000000e+04,2.280000000000000000e+02,2.840000000000000000e+02,-6.330000000000000000e+02,3.600000000000000000e+01,2.000000000000000000e+01
1.680080650690702677e+09,1.618400000000000000e+04,3.400000000000000000e+02,3.440000000000000000e+02,-6.510000000000000000e+02,2.200000000000000000e+01,2.500000000000000000e+01
1.680080650692251682e+09,1.626000000000000000e+04,3.320000000000000000e+02,2.800000000000000000e+02,-6.160000000000000000e+02,2.200000000000000000e+01,4.700000000000000000e+01
1.680080650693519592e+09,1.619200000000000000e+04,3.480000000000000000e+02,3.520000000000000000e+02,-6.390000000000000000e+02,7.200000000000000000e+01,5.800000000000000000e+01
1.680080650694774866e+09,1.610400000000000000e+04,2.760000000000000000e+02,2.720000000000000000e+02,-6.700000000000000000e+02,7.200000000000000000e+01,2.300000000000000000e+01
1.680080650696311474e+09,1.619200000000000000e+04,3.520000000000000000e+02,1.680000000000000000e+02,-6.210000000000000000e+02,4.100000000000000000e+01,2.100000000000000000e+01
1.680080650697286606e+09,1.619200000000000000e+04,2.600000000000000000e+02,2.920000000000000000e+02,-6.260000000000000000e+02,8.000000000000000000e+00,1.400000000000000000e+01
1.680080650698586226e+09,1.613600000000000000e+04,3.480000000000000000e+02,3.240000000000000000e+02,-6.250000000000000000e+02,4.000000000000000000e+00,3.600000000000000000e+01
1.680080650700147152e+09,1.622000000000000000e+04,3.280000000000000000e+02,3.520000000000000000e+02,-5.890000000000000000e+02,5.700000000000000000e+01,6.400000000000000000e+01
1.680080650701203346e+09,1.631200000000000000e+04,3.800000000000000000e+02,3.480000000000000000e+02,-6.280000000000000000e+02,7.200000000000000000e+01,3.900000000000000000e+01
1.680080650702572823e+09,1.635600000000000000e+04,2.600000000000000000e+02,2.800000000000000000e+02,-6.510000000000000000e+02,5.100000000000000000e+01,1.300000000000000000e+01
1.680080650704164505e+09,1.626400000000000000e+04,2.760000000000000000e+02,2.920000000000000000e+02,-6.160000000000000000e+02,3.200000000000000000e+01,4.400000000000000000e+01
1.680080650705094814e+09,1.613600000000000000e+04,3.360000000000000000e+02,2.640000000000000000e+02,-6.290000000000000000e+02,1.900000000000000000e+01,4.300000000000000000e+01
1.680080650706450462e+09,1.610800000000000000e+04,2.560000000000000000e+02,3.840000000000000000e+02,-6.360000000000000000e+02,4.100000000000000000e+01,4.600000000000000000e+01
1.680080650708220005e+09,1.611200000000000000e+04,2.720000000000000000e+02,4.120000000000000000e+02,-6.370000000000000000e+02,4.700000000000000000e+01,3.500000000000000000e+01
1.680080650709174871e+09,1.622000000000000000e+04,1.840000000000000000e+02,3.320000000000000000e+02,-6.310000000000000000e+02,3.400000000000000000e+01,2.100000000000000000e+01
1.680080650710430622e+09,1.628000000000000000e+04,3.200000000000000000e+02,2.840000000000000000e+02,-6.200000000000000000e+02,5.400000000000000000e+01,2.500000000000000000e+01
1.680080650712021351e+09,1.624000000000000000e+04,3.600000000000000000e+02,3.880000000000000000e+02,-6.390000000000000000e+02,5.100000000000000000e+01,2.400000000000000000e+01
1.680080650712913990e+09,1.612400000000000000e+04,3.520000000000000000e+02,3.800000000000000000e+02,-6.220000000000000000e+02,3.400000000000000000e+01,2.500000000000000000e+01
1.680080650713910341e+09,1.611200000000000000e+04,2.720000000000000000e+02,2.200000000000000000e+02,-6.450000000000000000e+02,5.700000000000000000e+01,3.000000000000000000e+01
1.680080650715584755e+09,1.621600000000000000e+04,3.160000000000000000e+02,2.720000000000000000e+02,-6.630000000000000000e+02,3.300000000000000000e+01,4.200000000000000000e+01
1.680080650717441320e+09,1.615200000000000000e+04,3.600000000000000000e+02,2.200000000000000000e+02,-6.650000000000000000e+02,4.400000000000000000e+01,5.000000000000000000e+01
1.680080650718780518e+09,1.607600000000000000e+04,3.480000000000000000e+02,1.920000000000000000e+02,-6.120000000000000000e+02,3.700000000000000000e+01,3.900000000000000000e+01
1.680080650720342636e+09,1.607200000000000000e+04,3.560000000000000000e+02,2.760000000000000000e+02,-6.130000000000000000e+02,6.300000000000000000e+01,2.900000000000000000e+01
1.680080650721909046e+09,1.612000000000000000e+04,2.720000000000000000e+02,2.960000000000000000e+02,-6.580000000000000000e+02,4.100000000000000000e+01,3.900000000000000000e+01
1.680080650722769499e+09,1.619600000000000000e+04,2.680000000000000000e+02,3.160000000000000000e+02,-6.550000000000000000e+02,2.300000000000000000e+01,4.000000000000000000e+01
1.680080650723783493e+09,1.611200000000000000e+04,2.480000000000000000e+02,3.720000000000000000e+02,-6.590000000000000000e+02,2.200000000000000000e+01,3.500000000000000000e+01
1.680080650724662066e+09,1.614800000000000000e+04,2.720000000000000000e+02,3.640000000000000000e+02,-6.760000000000000000e+02,2.100000000000000000e+01,3.700000000000000000e+01
1.680080650725676298e+09,1.611200000000000000e+04,2.680000000000000000e+02,2.960000000000000000e+02,-6.460000000000000000e+02,3.300000000000000000e+01,4.100000000000000000e+01
1.680080650726769686e+09,1.617200000000000000e+04,1.920000000000000000e+02,1.960000000000000000e+02,-6.390000000000000000e+02,5.400000000000000000e+01,2.400000000000000000e+01
1.680080650727674961e+09,1.612800000000000000e+04,2.760000000000000000e+02,2.200000000000000000e+02,-6.440000000000000000e+02,5.000000000000000000e+01,1.800000000000000000e+01
1.680080650728588343e+09,1.616400000000000000e+04,2.080000000000000000e+02,2.800000000000000000e+02,-6.390000000000000000e+02,4.100000000000000000e+01,3.200000000000000000e+01
1.680080650729559660e+09,1.620000000000000000e+04,1.560000000000000000e+02,4.320000000000000000e+02,-5.970000000000000000e+02,3.000000000000000000e+01,3.900000000000000000e+01
1.680080650730535984e+09,1.625200000000000000e+04,2.640000000000000000e+02,3.800000000000000000e+02,-6.100000000000000000e+02,4.500000000000000000e+01,3.700000000000000000e+01
1.680080650731633425e+09,1.616800000000000000e+04,3.240000000000000000e+02,3.160000000000000000e+02,-6.330000000000000000e+02,4.500000000000000000e+01,3.000000000000000000e+01
1.680080650732528687e+09,1.622800000000000000e+04,2.800000000000000000e+02,2.360000000000000000e+02,-6.580000000000000000e+02,8.000000000000000000e+00,1.800000000000000000e+01
1.680080650733436584e+09,1.614400000000000000e+04,3.440000000000000000e+02,3.440000000000000000e+02,-6.320000000000000000e+02,1.200000000000000000e+01,3.700000000000000000e+01
1.680080650735113382e+09,1.610000000000000000e+04,3.160000000000000000e+02,3.360000000000000000e+02,-6.010000000000000000e+02,4.200000000000000000e+01,4.100000000000000000e+01
1.680080650736326456e+09,1.613600000000000000e+04,3.560000000000000000e+02,2.120000000000000000e+02,-6.350000000000000000e+02,5.200000000000000000e+01,3.600000000000000000e+01
1.680080650737276077e+09,1.615200000000000000e+04,2.880000000000000000e+02,2.760000000000000000e+02,-6.690000000000000000e+02,4.400000000000000000e+01,4.000000000000000000e+01
1.680080650738332748e+09,1.609600000000000000e+04,3.400000000000000000e+02,3.360000000000000000e+02,-6.490000000000000000e+02,5.200000000000000000e+01,4.000000000000000000e+01
1.680080650739226580e+09,1.609600000000000000e+04,3.400000000000000000e+02,3.360000000000000000e+02,-6.540000000000000000e+02,4.900000000000000000e+01,4.300000000000000000e+01
1.680080650740464211e+09,1.614800000000000000e+04,2.960000000000000000e+02,2.600000000000000000e+02,-6.340000000000000000e+02,4.500000000000000000e+01,2.700000000000000000e+01
1.680080650741366625e+09,1.619600000000000000e+04,2.440000000000000000e+02,3.360000000000000000e+02,-6.390000000000000000e+02,4.600000000000000000e+01,3.200000000000000000e+01
1.680080650742239237e+09,1.619600000000000000e+04,2.440000000000000000e+02,3.360000000000000000e+02,-6.520000000000000000e+02,3.100000000000000000e+01,2.300000000000000000e+01
1.680080650743310690e+09,1.620800000000000000e+04,3.280000000000000000e+02,2.880000000000000000e+02,-6.310000000000000000e+02,4.400000000000000000e+01,2.800000000000000000e+01
1.680080650744191647e+09,1.629600000000000000e+04,3.440000000000000000e+02,2.560000000000000000e+02,-6.110000000000000000e+02,6.400000000000000000e+01,2.600000000000000000e+01
1.680080650745149851e+09,1.618000000000000000e+04,3.120000000000000000e+02,2.800000000000000000e+02,-6.440000000000000000e+02,4.800000000000000000e+01,4.700000000000000000e+01
1.680080650746061325e+09,1.619600000000000000e+04,2.520000000000000000e+02,1.600000000000000000e+02,-6.480000000000000000e+02,4.000000000000000000e+00,5.700000000000000000e+01
1.680080650747060061e+09,1.611200000000000000e+04,3.080000000000000000e+02,2.360000000000000000e+02,-5.980000000000000000e+02,7.000000000000000000e+00,4.900000000000000000e+01
1.680080650748190165e+09,1.611600000000000000e+04,3.760000000000000000e+02,2.720000000000000000e+02,-5.920000000000000000e+02,4.800000000000000000e+01,4.200000000000000000e+01
1.680080650749068022e+09,1.618400000000000000e+04,3.240000000000000000e+02,3.160000000000000000e+02,-6.300000000000000000e+02,6.900000000000000000e+01,3.800000000000000000e+01
1.680080650750083447e+09,1.616000000000000000e+04,2.880000000000000000e+02,2.720000000000000000e+02,-6.490000000000000000e+02,5.800000000000000000e+01,4.500000000000000000e+01
1.680080650750991583e+09,1.616400000000000000e+04,2.760000000000000000e+02,3.040000000000000000e+02,-6.310000000000000000e+02,4.000000000000000000e+01,3.000000000000000000e+01
1.680080650752021790e+09,1.616800000000000000e+04,3.240000000000000000e+02,4.160000000000000000e+02,-6.360000000000000000e+02,2.500000000000000000e+01,3.100000000000000000e+01
1.680080650752942562e+09,1.632800000000000000e+04,3.280000000000000000e+02,4.600000000000000000e+02,-6.360000000000000000e+02,1.700000000000000000e+01,2.600000000000000000e+01
1.680080650753818274e+09,1.616800000000000000e+04,2.560000000000000000e+02,4.480000000000000000e+02,-6.230000000000000000e+02,5.100000000000000000e+01,9.000000000000000000e+00
1.680080650754992723e+09,1.602000000000000000e+04,2.920000000000000000e+02,3.280000000000000000e+02,-6.430000000000000000e+02,5.000000000000000000e+01,2.700000000000000000e+01
1.680080650755928993e+09,1.609200000000000000e+04,2.800000000000000000e+02,3.040000000000000000e+02,-6.390000000000000000e+02,1.200000000000000000e+01,3.000000000000000000e+01
1.680080650756839514e+09,1.614000000000000000e+04,2.520000000000000000e+02,4.320000000000000000e+02,-6.160000000000000000e+02,1.100000000000000000e+01,1.600000000000000000e+01
1.680080650757834196e+09,1.608800000000000000e+04,2.640000000000000000e+02,3.880000000000000000e+02,-6.360000000000000000e+02,3.900000000000000000e+01,3.300000000000000000e+01
1.680080650758941650e+09,1.625600000000000000e+04,3.440000000000000000e+02,2.440000000000000000e+02,-6.570000000000000000e+02,5.500000000000000000e+01,2.600000000000000000e+01
1.680080650759833813e+09,1.617600000000000000e+04,3.920000000000000000e+02,2.080000000000000000e+02,-6.700000000000000000e+02,1.900000000000000000e+01,2.600000000000000000e+01
1.680080650760798693e+09,1.611200000000000000e+04,3.280000000000000000e+02,2.800000000000000000e+02,-6.080000000000000000e+02,2.100000000000000000e+01,4.700000000000000000e+01
1.680080650761774302e+09,1.613600000000000000e+04,3.200000000000000000e+02,3.080000000000000000e+02,-5.920000000000000000e+02,4.800000000000000000e+01,5.400000000000000000e+01
1.680080650762673855e+09,1.611600000000000000e+04,3.760000000000000000e+02,2.840000000000000000e+02,-6.380000000000000000e+02,5.400000000000000000e+01,4.000000000000000000e+01
1.680080650763554573e+09,1.613200000000000000e+04,3.000000000000000000e+02,2.400000000000000000e+02,-6.750000000000000000e+02,4.000000000000000000e+01,4.300000000000000000e+01
1.680080650764607906e+09,1.630400000000000000e+04,2.840000000000000000e+02,3.560000000000000000e+02,-6.650000000000000000e+02,1.900000000000000000e+01,4.500000000000000000e+01
1.680080650765510798e+09,1.634400000000000000e+04,3.360000000000000000e+02,4.400000000000000000e+02,-6.030000000000000000e+02,2.300000000000000000e+01,4.700000000000000000e+01
1.680080650766623497e+09,1.620800000000000000e+04,2.400000000000000000e+02,3.640000000000000000e+02,-5.960000000000000000e+02,4.200000000000000000e+01,4.100000000000000000e+01
1.680080650767609119e+09,1.616000000000000000e+04,3.320000000000000000e+02,3.120000000000000000e+02,-6.490000000000000000e+02,6.100000000000000000e+01,2.300000000000000000e+01
1.680080650768908739e+09,1.625200000000000000e+04,2.720000000000000000e+02,2.840000000000000000e+02,-6.520000000000000000e+02,4.300000000000000000e+01,1.300000000000000000e+01
1.680080650770460129e+09,1.615200000000000000e+04,3.240000000000000000e+02,3.960000000000000000e+02,-6.400000000000000000e+02,3.800000000000000000e+01,4.000000000000000000e+01
1.680080650771524191e+09,1.617200000000000000e+04,2.720000000000000000e+02,2.880000000000000000e+02,-6.250000000000000000e+02,2.700000000000000000e+01,3.700000000000000000e+01
1.680080650772872448e+09,1.622400000000000000e+04,2.840000000000000000e+02,3.040000000000000000e+02,-6.340000000000000000e+02,4.800000000000000000e+01,1.700000000000000000e+01
1.680080650774522305e+09,1.617200000000000000e+04,3.120000000000000000e+02,3.880000000000000000e+02,-6.370000000000000000e+02,4.800000000000000000e+01,3.500000000000000000e+01
1.680080650775517941e+09,1.608800000000000000e+04,3.600000000000000000e+02,3.360000000000000000e+02,-6.050000000000000000e+02,4.200000000000000000e+01,3.200000000000000000e+01
1.680080650776858807e+09,1.621200000000000000e+04,3.520000000000000000e+02,3.400000000000000000e+02,-6.540000000000000000e+02,2.700000000000000000e+01,4.000000000000000000e+01
1.680080650778420925e+09,1.612000000000000000e+04,3.120000000000000000e+02,3.840000000000000000e+02,-6.190000000000000000e+02,3.800000000000000000e+01,6.000000000000000000e+01
1.680080650779460430e+09,1.598800000000000000e+04,3.400000000000000000e+02,2.400000000000000000e+02,-6.420000000000000000e+02,3.200000000000000000e+01,4.000000000000000000e+01
1.680080650780891180e+09,1.627200000000000000e+04,3.520000000000000000e+02,3.200000000000000000e+02,-6.360000000000000000e+02,4.100000000000000000e+01,2.800000000000000000e+01
1.680080650782522202e+09,1.611200000000000000e+04,2.360000000000000000e+02,4.200000000000000000e+02,-6.540000000000000000e+02,3.500000000000000000e+01,1.200000000000000000e+01
1.680080650783482790e+09,1.619200000000000000e+04,3.520000000000000000e+02,3.560000000000000000e+02,-6.470000000000000000e+02,3.400000000000000000e+01,2.600000000000000000e+01
1.680080650784761667e+09,1.625600000000000000e+04,3.080000000000000000e+02,3.280000000000000000e+02,-6.210000000000000000e+02,4.900000000000000000e+01,4.400000000000000000e+01
1.680080650786771297e+09,1.610000000000000000e+04,3.920000000000000000e+02,2.680000000000000000e+02,-6.610000000000000000e+02,9.000000000000000000e+00,1.800000000000000000e+01
1.680080650787750244e+09,1.615600000000000000e+04,3.640000000000000000e+02,2.200000000000000000e+02,-6.040000000000000000e+02,3.000000000000000000e+00,2.100000000000000000e+01
1.680080650789044380e+09,1.615600000000000000e+04,2.800000000000000000e+02,2.920000000000000000e+02,-6.130000000000000000e+02,5.400000000000000000e+01,2.800000000000000000e+01
1.680080650790623665e+09,1.618400000000000000e+04,2.440000000000000000e+02,2.960000000000000000e+02,-6.640000000000000000e+02,3.600000000000000000e+01,1.800000000000000000e+01
1.680080650791685104e+09,1.628400000000000000e+04,2.760000000000000000e+02,3.760000000000000000e+02,-6.280000000000000000e+02,1.600000000000000000e+01,2.600000000000000000e+01
1.680080650792996645e+09,1.614800000000000000e+04,3.000000000000000000e+02,3.680000000000000000e+02,-6.000000000000000000e+02,4.700000000000000000e+01,1.300000000000000000e+01
1.680080650794621468e+09,1.616400000000000000e+04,2.640000000000000000e+02,2.480000000000000000e+02,-6.380000000000000000e+02,6.400000000000000000e+01,2.800000000000000000e+01
1.680080650795503139e+09,1.608400000000000000e+04,3.520000000000000000e+02,4.160000000000000000e+02,-6.340000000000000000e+02,4.600000000000000000e+01,4.600000000000000000e+01
1.680080650796504021e+09,1.632400000000000000e+04,3.040000000000000000e+02,4.480000000000000000e+02,-6.290000000000000000e+02,3.500000000000000000e+01,3.800000000000000000e+01
1.680080650798313379e+09,1.613200000000000000e+04,2.760000000000000000e+02,2.680000000000000000e+02,-6.320000000000000000e+02,3.800000000000000000e+01,2.700000000000000000e+01
1.680080650800010920e+09,1.618400000000000000e+04,3.200000000000000000e+02,2.600000000000000000e+02,-6.270000000000000000e+02,5.700000000000000000e+01,3.500000000000000000e+01
1.680080650801353693e+09,1.623600000000000000e+04,3.120000000000000000e+02,3.120000000000000000e+02,-6.630000000000000000e+02,-9.000000000000000000e+00,5.200000000000000000e+01
1.680080650802936077e+09,1.608800000000000000e+04,2.400000000000000000e+02,3.200000000000000000e+02,-6.340000000000000000e+02,4.200000000000000000e+01,5.200000000000000000e+01
1.680080650804535627e+09,1.609200000000000000e+04,2.960000000000000000e+02,3.280000000000000000e+02,-6.620000000000000000e+02,6.500000000000000000e+01,2.200000000000000000e+01
1.680080650805598974e+09,1.629600000000000000e+04,4.120000000000000000e+02,3.280000000000000000e+02,-6.670000000000000000e+02,1.900000000000000000e+01,2.200000000000000000e+01
1.680080650806593418e+09,1.649200000000000000e+04,3.440000000000000000e+02,2.760000000000000000e+02,-5.940000000000000000e+02,4.000000000000000000e+00,2.000000000000000000e+01
1.680080650807503939e+09,1.610000000000000000e+04,3.800000000000000000e+02,2.920000000000000000e+02,-5.900000000000000000e+02,2.900000000000000000e+01,3.700000000000000000e+01
1.680080650808363438e+09,1.590400000000000000e+04,3.600000000000000000e+02,3.400000000000000000e+02,-6.400000000000000000e+02,6.000000000000000000e+01,5.200000000000000000e+01
1.680080650809472561e+09,1.623600000000000000e+04,3.040000000000000000e+02,1.680000000000000000e+02,-7.000000000000000000e+02,3.600000000000000000e+01,4.000000000000000000e+01
1.680080650810487032e+09,1.632400000000000000e+04,2.920000000000000000e+02,2.320000000000000000e+02,-6.480000000000000000e+02,2.300000000000000000e+01,2.400000000000000000e+01
1.680080650811754227e+09,1.610000000000000000e+04,3.040000000000000000e+02,3.400000000000000000e+02,-6.010000000000000000e+02,4.000000000000000000e+01,1.600000000000000000e+01
1.680080650812656641e+09,1.598400000000000000e+04,2.520000000000000000e+02,3.120000000000000000e+02,-6.140000000000000000e+02,5.900000000000000000e+01,2.000000000000000000e+01
1.680080650813660860e+09,1.602400000000000000e+04,3.480000000000000000e+02,2.880000000000000000e+02,-6.580000000000000000e+02,4.800000000000000000e+01,4.200000000000000000e+01
1.680080650814692259e+09,1.620800000000000000e+04,2.960000000000000000e+02,2.160000000000000000e+02,-6.490000000000000000e+02,3.800000000000000000e+01,3.600000000000000000e+01
1.680080650815760374e+09,1.611200000000000000e+04,2.240000000000000000e+02,3.280000000000000000e+02,-6.430000000000000000e+02,4.200000000000000000e+01,3.400000000000000000e+01
1.680080650816667795e+09,1.617200000000000000e+04,2.960000000000000000e+02,1.760000000000000000e+02,-6.490000000000000000e+02,3.400000000000000000e+01,4.400000000000000000e+01
1.680080650817585945e+09,1.654800000000000000e+04,2.560000000000000000e+02,3.800000000000000000e+02,-6.220000000000000000e+02,3.900000000000000000e+01,4.400000000000000000e+01
1.680080650818715334e+09,1.624000000000000000e+04,2.440000000000000000e+02,3.960000000000000000e+02,-6.200000000000000000e+02,4.300000000000000000e+01,3.400000000000000000e+01
1.680080650819612980e+09,1.596400000000000000e+04,3.280000000000000000e+02,3.200000000000000000e+02,-6.500000000000000000e+02,4.700000000000000000e+01,2.500000000000000000e+01
1.680080650820526361e+09,1.592000000000000000e+04,3.680000000000000000e+02,3.880000000000000000e+02,-6.380000000000000000e+02,5.300000000000000000e+01,3.600000000000000000e+01
1.680080650821599483e+09,1.624000000000000000e+04,3.840000000000000000e+02,3.320000000000000000e+02,-6.280000000000000000e+02,6.800000000000000000e+01,4.200000000000000000e+01
1.680080650822492838e+09,1.647200000000000000e+04,2.840000000000000000e+02,2.600000000000000000e+02,-6.460000000000000000e+02,4.700000000000000000e+01,3.600000000000000000e+01
1.680080650823381424e+09,1.631600000000000000e+04,2.600000000000000000e+02,4.040000000000000000e+02,-6.430000000000000000e+02,3.300000000000000000e+01,1.700000000000000000e+01
1.680080650824311256e+09,1.601200000000000000e+04,3.640000000000000000e+02,3.280000000000000000e+02,-6.370000000000000000e+02,4.200000000000000000e+01,2.000000000000000000e+01
1.680080650825356007e+09,1.592000000000000000e+04,2.920000000000000000e+02,3.640000000000000000e+02,-6.300000000000000000e+02,5.000000000000000000e+01,4.600000000000000000e+01
1.680080650826274872e+09,1.637600000000000000e+04,2.360000000000000000e+02,2.640000000000000000e+02,-6.200000000000000000e+02,4.900000000000000000e+01,4.300000000000000000e+01
1.680080650827227831e+09,1.642800000000000000e+04,2.600000000000000000e+02,2.640000000000000000e+02,-6.430000000000000000e+02,6.300000000000000000e+01,2.500000000000000000e+01
1.680080650828108788e+09,1.604000000000000000e+04,3.040000000000000000e+02,4.800000000000000000e+02,-6.500000000000000000e+02,3.800000000000000000e+01,1.300000000000000000e+01
1.680080650829130411e+09,1.586400000000000000e+04,3.640000000000000000e+02,3.360000000000000000e+02,-6.280000000000000000e+02,3.500000000000000000e+01,1.900000000000000000e+01
1.680080650830162287e+09,1.611600000000000000e+04,3.480000000000000000e+02,2.000000000000000000e+02,-6.210000000000000000e+02,4.800000000000000000e+01,3.600000000000000000e+01
1.680080650831130981e+09,1.646400000000000000e+04,2.480000000000000000e+02,3.360000000000000000e+02,-6.520000000000000000e+02,3.300000000000000000e+01,3.900000000000000000e+01
1.680080650832144737e+09,1.634800000000000000e+04,2.320000000000000000e+02,2.600000000000000000e+02,-6.600000000000000000e+02,3.500000000000000000e+01,2.000000000000000000e+01
1.680080650833055258e+09,1.612000000000000000e+04,2.640000000000000000e+02,3.200000000000000000e+02,-6.580000000000000000e+02,2.500000000000000000e+01,1.700000000000000000e+01
1.680080650834011316e+09,1.593200000000000000e+04,2.800000000000000000e+02,3.200000000000000000e+02,-6.480000000000000000e+02,2.700000000000000000e+01,3.000000000000000000e+01
1.680080650835003138e+09,1.608400000000000000e+04,2.760000000000000000e+02,2.360000000000000000e+02,-6.310000000000000000e+02,6.700000000000000000e+01,5.100000000000000000e+01
1.680080650835950136e+09,1.656800000000000000e+04,2.960000000000000000e+02,2.560000000000000000e+02,-6.410000000000000000e+02,5.300000000000000000e+01,6.500000000000000000e+01
1.680080650836891413e+09,1.656800000000000000e+04,2.960000000000000000e+02,2.560000000000000000e+02,-6.300000000000000000e+02,3.200000000000000000e+01,3.600000000000000000e+01
1.680080650837882996e+09,1.599600000000000000e+04,2.440000000000000000e+02,2.360000000000000000e+02,-6.410000000000000000e+02,4.200000000000000000e+01,2.500000000000000000e+01
1.680080650838876486e+09,1.638000000000000000e+04,3.120000000000000000e+02,1.880000000000000000e+02,-6.330000000000000000e+02,6.300000000000000000e+01,3.800000000000000000e+01
1.680080650839805365e+09,1.638000000000000000e+04,3.120000000000000000e+02,1.880000000000000000e+02,-6.190000000000000000e+02,6.900000000000000000e+01,3.000000000000000000e+01
1.680080650840679884e+09,1.629600000000000000e+04,3.600000000000000000e+02,1.840000000000000000e+02,-6.540000000000000000e+02,4.600000000000000000e+01,2.800000000000000000e+01
1.680080650841655254e+09,1.602000000000000000e+04,2.440000000000000000e+02,2.360000000000000000e+02,-6.580000000000000000e+02,1.500000000000000000e+01,1.600000000000000000e+01
1.680080650842615128e+09,1.569200000000000000e+04,3.160000000000000000e+02,3.320000000000000000e+02,-6.140000000000000000e+02,3.500000000000000000e+01,4.900000000000000000e+01
1.680080650843515873e+09,1.618400000000000000e+04,4.280000000000000000e+02,2.200000000000000000e+02,-6.090000000000000000e+02,5.100000000000000000e+01,6.400000000000000000e+01
1.680080650844391346e+09,1.652800000000000000e+04,2.560000000000000000e+02,3.120000000000000000e+02,-6.470000000000000000e+02,6.600000000000000000e+01,3.300000000000000000e+01
1.680080650845489979e+09,1.652800000000000000e+04,1.120000000000000000e+02,3.440000000000000000e+02,-6.740000000000000000e+02,6.000000000000000000e+00,-1.000000000000000000e+00
1.680080650846423388e+09,1.615600000000000000e+04,2.040000000000000000e+02,1.040000000000000000e+02,-6.280000000000000000e+02,1.000000000000000000e+00,1.000000000000000000e+01
1.680080650847465277e+09,1.597200000000000000e+04,3.000000000000000000e+02,2.800000000000000000e+02,-6.050000000000000000e+02,4.500000000000000000e+01,4.600000000000000000e+01
1.680080650848521471e+09,1.619600000000000000e+04,2.920000000000000000e+02,4.200000000000000000e+02,-6.440000000000000000e+02,6.100000000000000000e+01,4.200000000000000000e+01
1.680080650849715471e+09,1.617200000000000000e+04,3.160000000000000000e+02,2.280000000000000000e+02,-6.840000000000000000e+02,3.800000000000000000e+01,2.500000000000000000e+01
1.680080650851026773e+09,1.588400000000000000e+04,2.920000000000000000e+02,3.840000000000000000e+02,-6.090000000000000000e+02,3.000000000000000000e+01,3.900000000000000000e+01
1.680080650852650642e+09,1.616000000000000000e+04,3.480000000000000000e+02,3.360000000000000000e+02,-6.140000000000000000e+02,7.200000000000000000e+01,4.300000000000000000e+01
1.680080650853674650e+09,1.652800000000000000e+04,2.560000000000000000e+02,2.680000000000000000e+02,-6.620000000000000000e+02,3.900000000000000000e+01,2.800000000000000000e+01
1.680080650855027199e+09,1.457600000000000000e+04,2.680000000000000000e+02,7.640000000000000000e+02,-6.350000000000000000e+02,-6.100000000000000000e+01,4.400000000000000000e+01
1.680080650856717110e+09,1.658800000000000000e+04,3.800000000000000000e+02,-7.240000000000000000e+02,-6.290000000000000000e+02,5.800000000000000000e+01,5.600000000000000000e+01
1.680080650857713223e+09,1.853200000000000000e+04,3.920000000000000000e+02,9.280000000000000000e+02,-6.260000000000000000e+02,3.200000000000000000e+01,2.400000000000000000e+01
1.680080650858993769e+09,1.199200000000000000e+04,9.200000000000000000e+01,9.840000000000000000e+02,-6.800000000000000000e+02,-6.900000000000000000e+01,-4.300000000000000000e+01
1.680080650861154079e+09,1.688800000000000000e+04,6.520000000000000000e+02,-1.000000000000000000e+03,-5.850000000000000000e+02,3.600000000000000000e+01,1.560000000000000000e+02
1.680080650862479925e+09,1.456800000000000000e+04,-7.800000000000000000e+02,4.400000000000000000e+01,-6.470000000000000000e+02,2.320000000000000000e+02,-2.000000000000000000e+00
1.680080650863831758e+09,1.922400000000000000e+04,-2.520000000000000000e+02,1.524000000000000000e+03,-6.840000000000000000e+02,-9.600000000000000000e+01,-8.600000000000000000e+01
1.680080650865922213e+09,1.555200000000000000e+04,2.280000000000000000e+02,1.484000000000000000e+03,-6.170000000000000000e+02,2.100000000000000000e+01,1.200000000000000000e+01
1.680080650867017746e+09,1.559600000000000000e+04,5.640000000000000000e+02,5.040000000000000000e+02,-6.560000000000000000e+02,4.000000000000000000e+00,4.700000000000000000e+01
1.680080650868330479e+09,1.582000000000000000e+04,4.400000000000000000e+02,-3.880000000000000000e+02,-6.440000000000000000e+02,8.500000000000000000e+01,1.300000000000000000e+02
1.680080650869897842e+09,1.826800000000000000e+04,-8.400000000000000000e+01,1.260000000000000000e+03,-6.210000000000000000e+02,-1.100000000000000000e+01,2.400000000000000000e+01
1.680080650870840788e+09,1.612000000000000000e+04,3.640000000000000000e+02,-7.240000000000000000e+02,-6.510000000000000000e+02,-1.400000000000000000e+01,2.000000000000000000e+01
1.680080650872146845e+09,1.509200000000000000e+04,1.720000000000000000e+02,1.240000000000000000e+02,-6.810000000000000000e+02,-1.300000000000000000e+01,-1.000000000000000000e+01
1.680080650873743773e+09,1.562000000000000000e+04,6.080000000000000000e+02,-1.348000000000000000e+03,-6.020000000000000000e+02,8.800000000000000000e+01,2.400000000000000000e+01
1.680080650874853373e+09,1.596800000000000000e+04,2.960000000000000000e+02,1.708000000000000000e+03,-6.130000000000000000e+02,-2.100000000000000000e+01,2.400000000000000000e+01
1.680080650876189947e+09,1.573200000000000000e+04,3.280000000000000000e+02,-1.440000000000000000e+02,-6.510000000000000000e+02,9.200000000000000000e+01,8.400000000000000000e+01
1.680080650877870798e+09,1.581600000000000000e+04,-8.000000000000000000e+01,1.576000000000000000e+03,-6.200000000000000000e+02,-1.070000000000000000e+02,5.800000000000000000e+01
1.680080650878900290e+09,1.514400000000000000e+04,4.360000000000000000e+02,-7.200000000000000000e+02,-6.220000000000000000e+02,1.040000000000000000e+02,7.300000000000000000e+01
1.680080650879805803e+09,1.678000000000000000e+04,3.840000000000000000e+02,7.120000000000000000e+02,-6.650000000000000000e+02,8.800000000000000000e+01,6.600000000000000000e+01
1.680080650881529808e+09,1.611200000000000000e+04,-8.000000000000000000e+00,5.040000000000000000e+02,-6.470000000000000000e+02,-2.000000000000000000e+00,-4.000000000000000000e+00
1.680080650883208513e+09,1.687200000000000000e+04,4.040000000000000000e+02,7.600000000000000000e+01,-6.460000000000000000e+02,-4.000000000000000000e+00,3.200000000000000000e+01
1.680080650884534597e+09,1.618000000000000000e+04,-6.400000000000000000e+01,7.040000000000000000e+02,-6.470000000000000000e+02,1.440000000000000000e+02,-2.000000000000000000e+00
1.680080650886122227e+09,1.666800000000000000e+04,1.040000000000000000e+02,1.380000000000000000e+03,-6.380000000000000000e+02,6.300000000000000000e+01,-2.900000000000000000e+01
1.680080650887794971e+09,1.543200000000000000e+04,3.920000000000000000e+02,1.080000000000000000e+02,-6.410000000000000000e+02,1.580000000000000000e+02,-1.200000000000000000e+01
1.680080650888674498e+09,1.688000000000000000e+04,4.240000000000000000e+02,1.256000000000000000e+03,-6.460000000000000000e+02,6.800000000000000000e+01,4.000000000000000000e+00
1.680080650889662027e+09,1.663200000000000000e+04,4.040000000000000000e+02,0.000000000000000000e+00,-6.490000000000000000e+02,4.100000000000000000e+01,6.400000000000000000e+01
1.680080650890576601e+09,1.663200000000000000e+04,4.040000000000000000e+02,0.000000000000000000e+00,-6.270000000000000000e+02,1.900000000000000000e+01,5.900000000000000000e+01
1.680080650891533613e+09,1.556000000000000000e+04,4.760000000000000000e+02,4.920000000000000000e+02,-6.130000000000000000e+02,-1.300000000000000000e+01,4.300000000000000000e+01
1.680080650892575979e+09,1.627200000000000000e+04,2.840000000000000000e+02,6.160000000000000000e+02,-6.370000000000000000e+02,7.200000000000000000e+01,4.000000000000000000e+01
1.680080650893457174e+09,1.680800000000000000e+04,5.920000000000000000e+02,-3.120000000000000000e+02,-6.380000000000000000e+02,4.700000000000000000e+01,4.500000000000000000e+01
1.680080650894375324e+09,1.606800000000000000e+04,2.120000000000000000e+02,8.480000000000000000e+02,-6.430000000000000000e+02,-1.000000000000000000e+00,2.100000000000000000e+01
1.680080650895356417e+09,1.556800000000000000e+04,2.560000000000000000e+02,5.320000000000000000e+02,-6.680000000000000000e+02,2.200000000000000000e+01,3.000000000000000000e+00
1.680080650896412134e+09,1.588000000000000000e+04,4.840000000000000000e+02,-9.600000000000000000e+01,-6.630000000000000000e+02,6.600000000000000000e+01,3.200000000000000000e+01
1.680080650897330284e+09,1.562800000000000000e+04,2.680000000000000000e+02,5.880000000000000000e+02,-6.270000000000000000e+02,1.700000000000000000e+01,4.900000000000000000e+01
1.680080650898199558e+09,1.568000000000000000e+04,2.640000000000000000e+02,6.080000000000000000e+02,-6.210000000000000000e+02,1.010000000000000000e+02,4.600000000000000000e+01
1.680080650899409056e+09,1.651200000000000000e+04,4.520000000000000000e+02,2.080000000000000000e+02,-6.560000000000000000e+02,6.100000000000000000e+01,5.700000000000000000e+01
1.680080650900375128e+09,1.669600000000000000e+04,3.040000000000000000e+02,8.680000000000000000e+02,-6.480000000000000000e+02,6.800000000000000000e+01,5.300000000000000000e+01
1.680080650901402712e+09,1.559600000000000000e+04,3.480000000000000000e+02,-9.600000000000000000e+01,-6.090000000000000000e+02,3.700000000000000000e+01,2.000000000000000000e+01
1.680080650902313471e+09,1.580000000000000000e+04,1.720000000000000000e+02,1.052000000000000000e+03,-6.000000000000000000e+02,6.200000000000000000e+01,-2.000000000000000000e+00
1.680080650903191090e+09,1.644400000000000000e+04,4.520000000000000000e+02,-1.200000000000000000e+01,-6.260000000000000000e+02,4.700000000000000000e+01,1.400000000000000000e+01
1.680080650904187679e+09,1.634800000000000000e+04,3.680000000000000000e+02,6.280000000000000000e+02,-6.720000000000000000e+02,3.900000000000000000e+01,2.400000000000000000e+01
1.680080650905074596e+09,1.605200000000000000e+04,3.000000000000000000e+02,4.040000000000000000e+02,-6.670000000000000000e+02,-2.300000000000000000e+01,6.400000000000000000e+01
1.680080650906072140e+09,1.704800000000000000e+04,5.000000000000000000e+02,4.000000000000000000e+02,-6.150000000000000000e+02,-2.000000000000000000e+00,9.000000000000000000e+01
1.680080650907166481e+09,1.666800000000000000e+04,3.000000000000000000e+02,2.400000000000000000e+02,-6.040000000000000000e+02,9.000000000000000000e+00,6.400000000000000000e+01
1.680080650908088684e+09,1.600400000000000000e+04,1.280000000000000000e+02,5.280000000000000000e+02,-6.340000000000000000e+02,-7.000000000000000000e+00,6.000000000000000000e+00
1.680080650909075737e+09,1.564400000000000000e+04,1.760000000000000000e+02,1.880000000000000000e+02,-6.070000000000000000e+02,5.200000000000000000e+01,-1.300000000000000000e+01
1.680080650910159349e+09,1.633200000000000000e+04,4.080000000000000000e+02,2.480000000000000000e+02,-6.000000000000000000e+02,8.900000000000000000e+01,1.600000000000000000e+01
1.680080650911100626e+09,1.622000000000000000e+04,4.480000000000000000e+02,1.960000000000000000e+02,-6.420000000000000000e+02,1.030000000000000000e+02,2.500000000000000000e+01
1.680080650912085056e+09,1.634400000000000000e+04,2.360000000000000000e+02,7.400000000000000000e+02,-6.990000000000000000e+02,1.500000000000000000e+01,3.100000000000000000e+01
1.680080650913054705e+09,1.608800000000000000e+04,3.160000000000000000e+02,2.400000000000000000e+02,-6.640000000000000000e+02,-1.000000000000000000e+00,2.400000000000000000e+01
1.680080650914072990e+09,1.615600000000000000e+04,3.640000000000000000e+02,3.800000000000000000e+02,-6.180000000000000000e+02,3.500000000000000000e+01,9.000000000000000000e+00
1.680080650915046930e+09,1.599600000000000000e+04,3.160000000000000000e+02,2.160000000000000000e+02,-6.270000000000000000e+02,6.800000000000000000e+01,-8.000000000000000000e+00
1.680080650916000366e+09,1.618800000000000000e+04,3.920000000000000000e+02,1.480000000000000000e+02,-6.790000000000000000e+02,5.800000000000000000e+01,-1.300000000000000000e+01
1.680080650916949034e+09,1.619600000000000000e+04,2.560000000000000000e+02,2.320000000000000000e+02,-6.550000000000000000e+02,6.300000000000000000e+01,-1.800000000000000000e+01
1.680080650917823553e+09,1.595600000000000000e+04,3.320000000000000000e+02,2.400000000000000000e+02,-6.200000000000000000e+02,6.600000000000000000e+01,6.000000000000000000e+00
1.680080650918824196e+09,1.588400000000000000e+04,4.120000000000000000e+02,5.200000000000000000e+02,-6.450000000000000000e+02,2.100000000000000000e+01,3.000000000000000000e+01
1.680080650919714451e+09,1.626000000000000000e+04,3.480000000000000000e+02,4.320000000000000000e+02,-6.090000000000000000e+02,-4.000000000000000000e+00,5.200000000000000000e+01
1.680080650920898199e+09,1.638000000000000000e+04,2.560000000000000000e+02,3.360000000000000000e+02,-5.900000000000000000e+02,5.000000000000000000e+01,5.200000000000000000e+01
1.680080650921802521e+09,1.625600000000000000e+04,2.720000000000000000e+02,3.360000000000000000e+02,-6.180000000000000000e+02,5.200000000000000000e+01,5.500000000000000000e+01
1.680080650922681570e+09,1.607600000000000000e+04,3.440000000000000000e+02,1.960000000000000000e+02,-6.590000000000000000e+02,9.200000000000000000e+01,3.500000000000000000e+01
1.680080650923599958e+09,1.613200000000000000e+04,3.560000000000000000e+02,3.400000000000000000e+02,-6.650000000000000000e+02,5.100000000000000000e+01,2.600000000000000000e+01
1.680080650924786091e+09,1.597600000000000000e+04,2.560000000000000000e+02,1.720000000000000000e+02,-6.340000000000000000e+02,5.100000000000000000e+01,2.200000000000000000e+01
1.680080650925669670e+09,1.614400000000000000e+04,3.040000000000000000e+02,6.400000000000000000e+02,-6.560000000000000000e+02,2.800000000000000000e+01,3.900000000000000000e+01
1.680080650926723957e+09,1.612400000000000000e+04,2.280000000000000000e+02,3.200000000000000000e+02,-6.650000000000000000e+02,0.000000000000000000e+00,6.500000000000000000e+01
1.680080650927645206e+09,1.645200000000000000e+04,2.560000000000000000e+02,2.600000000000000000e+02,-6.230000000000000000e+02,3.400000000000000000e+01,6.100000000000000000e+01
1.680080650928630590e+09,1.628400000000000000e+04,2.120000000000000000e+02,4.400000000000000000e+02,-6.050000000000000000e+02,4.700000000000000000e+01,1.700000000000000000e+01
1.680080650929534435e+09,1.615600000000000000e+04,2.720000000000000000e+02,2.240000000000000000e+02,-6.370000000000000000e+02,8.200000000000000000e+01,0.000000000000000000e+00
1.680080650930573225e+09,1.634000000000000000e+04,3.760000000000000000e+02,2.920000000000000000e+02,-6.620000000000000000e+02,3.300000000000000000e+01,-6.000000000000000000e+00
1.680080650931514978e+09,1.609200000000000000e+04,4.240000000000000000e+02,2.160000000000000000e+02,-6.360000000000000000e+02,3.700000000000000000e+01,1.800000000000000000e+01
1.680080650932646990e+09,1.602000000000000000e+04,4.760000000000000000e+02,2.240000000000000000e+02,-6.290000000000000000e+02,4.800000000000000000e+01,3.200000000000000000e+01
1.680080650934023380e+09,1.618400000000000000e+04,3.320000000000000000e+02,3.880000000000000000e+02,-6.270000000000000000e+02,4.800000000000000000e+01,4.900000000000000000e+01
1.680080650935636759e+09,1.638400000000000000e+04,2.200000000000000000e+02,4.680000000000000000e+02,-6.460000000000000000e+02,2.400000000000000000e+01,4.800000000000000000e+01
1.680080650936705351e+09,1.620000000000000000e+04,2.120000000000000000e+02,4.040000000000000000e+02,-6.250000000000000000e+02,1.300000000000000000e+01,3.500000000000000000e+01
1.680080650937964201e+09,1.622800000000000000e+04,3.400000000000000000e+02,3.640000000000000000e+02,-6.130000000000000000e+02,3.800000000000000000e+01,5.800000000000000000e+01
1.680080650939748287e+09,1.593600000000000000e+04,2.840000000000000000e+02,3.040000000000000000e+02,-6.630000000000000000e+02,2.900000000000000000e+01,7.500000000000000000e+01
1.680080650940711975e+09,1.600000000000000000e+04,3.200000000000000000e+02,1.880000000000000000e+02,-6.160000000000000000e+02,1.700000000000000000e+01,6.900000000000000000e+01
1.680080650942091942e+09,1.598800000000000000e+04,2.160000000000000000e+02,3.400000000000000000e+02,-5.950000000000000000e+02,1.500000000000000000e+01,6.600000000000000000e+01
1.680080650943700552e+09,1.621600000000000000e+04,2.320000000000000000e+02,3.120000000000000000e+02,-6.700000000000000000e+02,1.700000000000000000e+01,2.700000000000000000e+01
1.680080650944793701e+09,1.625200000000000000e+04,1.200000000000000000e+02,3.240000000000000000e+02,-6.710000000000000000e+02,5.000000000000000000e+00,1.000000000000000000e+00
1.680080650946160078e+09,1.616800000000000000e+04,1.760000000000000000e+02,2.760000000000000000e+02,-5.990000000000000000e+02,7.000000000000000000e+01,1.800000000000000000e+01
1.680080650947778463e+09,1.633600000000000000e+04,3.120000000000000000e+02,2.600000000000000000e+02,-6.630000000000000000e+02,4.500000000000000000e+01,4.000000000000000000e+00
1.680080650948744774e+09,1.611200000000000000e+04,2.680000000000000000e+02,2.240000000000000000e+02,-6.760000000000000000e+02,1.100000000000000000e+01,6.000000000000000000e+00
1.680080650950063705e+09,1.623200000000000000e+04,3.520000000000000000e+02,4.320000000000000000e+02,-6.310000000000000000e+02,1.300000000000000000e+01,3.200000000000000000e+01
1.680080650952015877e+09,1.636800000000000000e+04,2.960000000000000000e+02,1.080000000000000000e+02,-6.040000000000000000e+02,4.700000000000000000e+01,4.200000000000000000e+01
1.680080650953095675e+09,1.614000000000000000e+04,1.720000000000000000e+02,3.560000000000000000e+02,-6.390000000000000000e+02,3.100000000000000000e+01,4.100000000000000000e+01
1.680080650954391956e+09,1.620400000000000000e+04,3.760000000000000000e+02,2.280000000000000000e+02,-6.450000000000000000e+02,4.800000000000000000e+01,4.000000000000000000e+01
1.680080650955996752e+09,1.629600000000000000e+04,2.400000000000000000e+02,3.600000000000000000e+02,-6.320000000000000000e+02,2.100000000000000000e+01,2.300000000000000000e+01
1.680080650957117796e+09,1.602400000000000000e+04,2.080000000000000000e+02,2.800000000000000000e+02,-6.590000000000000000e+02,5.500000000000000000e+01,2.200000000000000000e+01
1.680080650958484650e+09,1.617600000000000000e+04,2.680000000000000000e+02,2.760000000000000000e+02,-6.750000000000000000e+02,7.400000000000000000e+01,3.500000000000000000e+01
1.680080650960090160e+09,1.626000000000000000e+04,3.080000000000000000e+02,3.440000000000000000e+02,-6.170000000000000000e+02,6.000000000000000000e+01,3.600000000000000000e+01
1.680080650961066961e+09,1.618800000000000000e+04,3.160000000000000000e+02,2.600000000000000000e+02,-6.160000000000000000e+02,5.100000000000000000e+01,4.100000000000000000e+01
1.680080650962069035e+09,1.605200000000000000e+04,2.920000000000000000e+02,2.360000000000000000e+02,-6.360000000000000000e+02,1.800000000000000000e+01,3.200000000000000000e+01
1.680080650963965893e+09,1.612400000000000000e+04,2.520000000000000000e+02,3.440000000000000000e+02,-6.190000000000000000e+02,2.700000000000000000e+01,2.400000000000000000e+01
1.680080650965702057e+09,1.621200000000000000e+04,2.280000000000000000e+02,3.280000000000000000e+02,-6.410000000000000000e+02,3.300000000000000000e+01,5.000000000000000000e+01
1.680080650967049360e+09,1.620800000000000000e+04,2.640000000000000000e+02,3.000000000000000000e+02,-6.230000000000000000e+02,6.300000000000000000e+01,6.100000000000000000e+01
1.680080650968683720e+09,1.598400000000000000e+04,3.280000000000000000e+02,3.760000000000000000e+02,-6.490000000000000000e+02,4.900000000000000000e+01,4.400000000000000000e+01
1.680080650970487118e+09,1.637200000000000000e+04,3.400000000000000000e+02,-7.600000000000000000e+01,-6.110000000000000000e+02,5.500000000000000000e+01,3.300000000000000000e+01
1.680080650971378803e+09,1.623200000000000000e+04,2.800000000000000000e+02,1.640000000000000000e+02,-6.320000000000000000e+02,6.900000000000000000e+01,3.300000000000000000e+01
1.680080650972322226e+09,1.630400000000000000e+04,3.520000000000000000e+02,3.040000000000000000e+02,-6.410000000000000000e+02,6.300000000000000000e+01,4.400000000000000000e+01
1.680080650973330975e+09,1.623200000000000000e+04,2.840000000000000000e+02,3.400000000000000000e+02,-6.230000000000000000e+02,4.200000000000000000e+01,5.100000000000000000e+01
1.680080650974215508e+09,1.623200000000000000e+04,2.840000000000000000e+02,3.400000000000000000e+02,-6.220000000000000000e+02,5.600000000000000000e+01,2.900000000000000000e+01
1.680080650975139380e+09,1.620000000000000000e+04,3.360000000000000000e+02,3.280000000000000000e+02,-6.420000000000000000e+02,5.500000000000000000e+01,2.200000000000000000e+01
1.680080650976007223e+09,1.629600000000000000e+04,2.880000000000000000e+02,2.160000000000000000e+02,-6.250000000000000000e+02,2.900000000000000000e+01,2.000000000000000000e+01
1.680080650977095604e+09,1.624000000000000000e+04,4.200000000000000000e+02,1.640000000000000000e+02,-6.120000000000000000e+02,2.600000000000000000e+01,3.300000000000000000e+01
1.680080650978081226e+09,1.598000000000000000e+04,4.200000000000000000e+02,2.480000000000000000e+02,-6.480000000000000000e+02,7.900000000000000000e+01,4.200000000000000000e+01
1.680080650978970528e+09,1.613200000000000000e+04,2.800000000000000000e+02,3.520000000000000000e+02,-6.730000000000000000e+02,7.000000000000000000e+01,2.700000000000000000e+01
1.680080650979889393e+09,1.624000000000000000e+04,1.640000000000000000e+02,3.520000000000000000e+02,-6.480000000000000000e+02,4.200000000000000000e+01,4.000000000000000000e+00
1.680080650980877399e+09,1.626400000000000000e+04,2.720000000000000000e+02,2.680000000000000000e+02,-6.290000000000000000e+02,4.600000000000000000e+01,5.000000000000000000e+00
1.680080650981795788e+09,1.610800000000000000e+04,3.800000000000000000e+02,1.880000000000000000e+02,-6.480000000000000000e+02,5.200000000000000000e+01,1.900000000000000000e+01
1.680080650982688665e+09,1.609200000000000000e+04,3.840000000000000000e+02,2.120000000000000000e+02,-6.550000000000000000e+02,3.500000000000000000e+01,2.700000000000000000e+01
1.680080650983843803e+09,1.609600000000000000e+04,3.400000000000000000e+02,3.760000000000000000e+02,-6.220000000000000000e+02,3.700000000000000000e+01,3.600000000000000000e+01
1.680080650984753132e+09,1.612400000000000000e+04,3.280000000000000000e+02,3.520000000000000000e+02,-6.240000000000000000e+02,2.100000000000000000e+01,4.700000000000000000e+01
1.680080650985710382e+09,1.613200000000000000e+04,3.680000000000000000e+02,3.160000000000000000e+02,-6.300000000000000000e+02,2.100000000000000000e+01,4.900000000000000000e+01
1.680080650986659288e+09,1.616000000000000000e+04,3.040000000000000000e+02,3.080000000000000000e+02,-5.940000000000000000e+02,4.400000000000000000e+01,3.000000000000000000e+01
1.680080650987563610e+09,1.613200000000000000e+04,2.440000000000000000e+02,2.600000000000000000e+02,-5.960000000000000000e+02,7.700000000000000000e+01,1.100000000000000000e+01
1.680080650988729239e+09,1.603200000000000000e+04,2.440000000000000000e+02,3.680000000000000000e+02,-6.590000000000000000e+02,8.400000000000000000e+01,2.300000000000000000e+01
1.680080650989630222e+09,1.616400000000000000e+04,2.920000000000000000e+02,3.840000000000000000e+02,-6.850000000000000000e+02,5.900000000000000000e+01,3.900000000000000000e+01
1.680080650990528584e+09,1.614400000000000000e+04,3.160000000000000000e+02,2.400000000000000000e+02,-6.520000000000000000e+02,3.600000000000000000e+01,3.400000000000000000e+01
1.680080650991512060e+09,1.612400000000000000e+04,3.720000000000000000e+02,3.160000000000000000e+02,-6.240000000000000000e+02,4.400000000000000000e+01,3.700000000000000000e+01
1.680080650992402315e+09,1.622800000000000000e+04,4.360000000000000000e+02,3.440000000000000000e+02,-6.370000000000000000e+02,3.000000000000000000e+01,3.700000000000000000e+01
1.680080650993372679e+09,1.621600000000000000e+04,3.880000000000000000e+02,1.320000000000000000e+02,-6.110000000000000000e+02,3.200000000000000000e+01,3.200000000000000000e+01
1.680080650994275570e+09,1.618400000000000000e+04,3.000000000000000000e+02,2.200000000000000000e+02,-6.020000000000000000e+02,6.400000000000000000e+01,2.400000000000000000e+01
1.680080650995285273e+09,1.634000000000000000e+04,2.800000000000000000e+02,4.320000000000000000e+02,-6.320000000000000000e+02,8.100000000000000000e+01,2.000000000000000000e+01
1.680080650996197701e+09,1.634000000000000000e+04,2.800000000000000000e+02,4.320000000000000000e+02,-6.720000000000000000e+02,5.800000000000000000e+01,2.900000000000000000e+01
1.680080650997218132e+09,1.620800000000000000e+04,2.800000000000000000e+02,3.160000000000000000e+02,-6.700000000000000000e+02,4.600000000000000000e+01,5.000000000000000000e+00
1.680080650998232603e+09,1.616400000000000000e+04,3.600000000000000000e+02,4.480000000000000000e+02,-6.330000000000000000e+02,3.900000000000000000e+01,-4.000000000000000000e+00
1.680080650999127150e+09,1.616400000000000000e+04,3.600000000000000000e+02,4.480000000000000000e+02,-6.000000000000000000e+02,5.500000000000000000e+01,2.300000000000000000e+01
1.680080651000910997e+09,1.626000000000000000e+04,3.120000000000000000e+02,3.200000000000000000e+02,-6.280000000000000000e+02,7.000000000000000000e+01,3.500000000000000000e+01
1.680080651001958370e+09,1.617200000000000000e+04,3.320000000000000000e+02,4.120000000000000000e+02,-6.410000000000000000e+02,3.800000000000000000e+01,2.400000000000000000e+01
1.680080651003125906e+09,1.617600000000000000e+04,3.240000000000000000e+02,2.920000000000000000e+02,-6.350000000000000000e+02,4.600000000000000000e+01,4.200000000000000000e+01
1.680080651004358768e+09,1.616400000000000000e+04,4.040000000000000000e+02,2.400000000000000000e+02,-6.420000000000000000e+02,2.600000000000000000e+01,3.100000000000000000e+01
1.680080651005362988e+09,1.611600000000000000e+04,3.920000000000000000e+02,2.880000000000000000e+02,-6.220000000000000000e+02,3.500000000000000000e+01,4.400000000000000000e+01
1.680080651006249666e+09,1.618000000000000000e+04,3.840000000000000000e+02,2.600000000000000000e+02,-6.140000000000000000e+02,5.600000000000000000e+01,3.700000000000000000e+01
1.680080651007573605e+09,1.611600000000000000e+04,3.320000000000000000e+02,1.720000000000000000e+02,-6.510000000000000000e+02,5.200000000000000000e+01,2.600000000000000000e+01
1.680080651008503914e+09,1.610000000000000000e+04,3.600000000000000000e+02,2.360000000000000000e+02,-6.610000000000000000e+02,2.200000000000000000e+01,7.000000000000000000e+00
1.680080651009381294e+09,1.605600000000000000e+04,3.200000000000000000e+02,4.400000000000000000e+02,-6.300000000000000000e+02,3.100000000000000000e+01,-1.200000000000000000e+01
1.680080651010310173e+09,1.621200000000000000e+04,3.520000000000000000e+02,4.920000000000000000e+02,-6.320000000000000000e+02,5.800000000000000000e+01,8.000000000000000000e+00
1.680080651011299372e+09,1.618800000000000000e+04,3.600000000000000000e+02,2.400000000000000000e+02,-6.560000000000000000e+02,7.100000000000000000e+01,4.600000000000000000e+01
1.680080651012282848e+09,1.615600000000000000e+04,3.120000000000000000e+02,4.040000000000000000e+02,-6.640000000000000000e+02,4.100000000000000000e+01,5.400000000000000000e+01
1.680080651013269901e+09,1.619600000000000000e+04,2.880000000000000000e+02,3.200000000000000000e+02,-6.240000000000000000e+02,2.200000000000000000e+01,5.600000000000000000e+01
1.680080651014304399e+09,1.628400000000000000e+04,3.040000000000000000e+02,2.440000000000000000e+02,-5.990000000000000000e+02,3.000000000000000000e+01,4.900000000000000000e+01
1.680080651015433311e+09,1.612800000000000000e+04,2.520000000000000000e+02,3.120000000000000000e+02,-6.430000000000000000e+02,6.500000000000000000e+01,1.000000000000000000e+01
1.680080651016577721e+09,1.615600000000000000e+04,3.360000000000000000e+02,3.960000000000000000e+02,-6.850000000000000000e+02,6.000000000000000000e+01,8.000000000000000000e+00
1.680080651018033981e+09,1.627200000000000000e+04,3.760000000000000000e+02,4.800000000000000000e+02,-6.520000000000000000e+02,3.400000000000000000e+01,3.400000000000000000e+01
1.680080651019647121e+09,1.627600000000000000e+04,3.440000000000000000e+02,3.080000000000000000e+02,-6.460000000000000000e+02,3.700000000000000000e+01,4.700000000000000000e+01
1.680080651020722151e+09,1.618400000000000000e+04,2.840000000000000000e+02,3.040000000000000000e+02,-6.390000000000000000e+02,3.000000000000000000e+01,3.100000000000000000e+01
1.680080651022094250e+09,1.624000000000000000e+04,2.600000000000000000e+02,3.760000000000000000e+02,-6.420000000000000000e+02,3.000000000000000000e+01,4.200000000000000000e+01
1.680080651023730278e+09,1.616400000000000000e+04,3.280000000000000000e+02,3.640000000000000000e+02,-6.410000000000000000e+02,3.300000000000000000e+01,4.000000000000000000e+01
1.680080651024731874e+09,1.604400000000000000e+04,2.840000000000000000e+02,3.960000000000000000e+02,-6.350000000000000000e+02,5.500000000000000000e+01,4.600000000000000000e+01
1.680080651026179314e+09,1.612800000000000000e+04,2.080000000000000000e+02,3.640000000000000000e+02,-6.350000000000000000e+02,5.200000000000000000e+01,4.100000000000000000e+01
1.680080651027858496e+09,1.610000000000000000e+04,3.080000000000000000e+02,2.640000000000000000e+02,-6.380000000000000000e+02,3.200000000000000000e+01,2.600000000000000000e+01
1.680080651028808355e+09,1.602000000000000000e+04,1.960000000000000000e+02,3.680000000000000000e+02,-6.500000000000000000e+02,6.000000000000000000e+00,3.000000000000000000e+01
1.680080651030179739e+09,1.623200000000000000e+04,3.000000000000000000e+02,2.520000000000000000e+02,-6.320000000000000000e+02,3.600000000000000000e+01,3.700000000000000000e+01
1.680080651031907320e+09,1.617600000000000000e+04,2.320000000000000000e+02,3.440000000000000000e+02,-6.500000000000000000e+02,4.100000000000000000e+01,3.000000000000000000e+01
1.680080651033169746e+09,1.618800000000000000e+04,2.840000000000000000e+02,2.280000000000000000e+02,-6.340000000000000000e+02,4.600000000000000000e+01,4.300000000000000000e+01
1.680080651034492016e+09,1.624000000000000000e+04,2.240000000000000000e+02,3.160000000000000000e+02,-6.400000000000000000e+02,5.200000000000000000e+01,3.700000000000000000e+01
1.680080651036164284e+09,1.616400000000000000e+04,3.160000000000000000e+02,2.920000000000000000e+02,-6.110000000000000000e+02,4.300000000000000000e+01,2.600000000000000000e+01
1.680080651037199497e+09,1.624800000000000000e+04,3.200000000000000000e+02,2.240000000000000000e+02,-6.240000000000000000e+02,2.300000000000000000e+01,3.900000000000000000e+01
1.680080651038524628e+09,1.617600000000000000e+04,3.240000000000000000e+02,3.120000000000000000e+02,-6.420000000000000000e+02,4.100000000000000000e+01,2.900000000000000000e+01
1.680080651040139675e+09,1.623600000000000000e+04,2.840000000000000000e+02,3.360000000000000000e+02,-6.240000000000000000e+02,5.400000000000000000e+01,2.200000000000000000e+01
1.680080651041227341e+09,1.611200000000000000e+04,2.520000000000000000e+02,3.640000000000000000e+02,-5.870000000000000000e+02,5.900000000000000000e+01,2.300000000000000000e+01
1.680080651042732000e+09,1.612400000000000000e+04,3.120000000000000000e+02,2.840000000000000000e+02,-6.250000000000000000e+02,6.400000000000000000e+01,4.000000000000000000e+01
1.680080651044373274e+09,1.613200000000000000e+04,2.600000000000000000e+02,3.440000000000000000e+02,-6.360000000000000000e+02,3.000000000000000000e+01,2.800000000000000000e+01
1.680080651045481205e+09,1.616400000000000000e+04,2.360000000000000000e+02,4.160000000000000000e+02,-6.320000000000000000e+02,6.000000000000000000e+00,3.400000000000000000e+01
1.680080651046956778e+09,1.625200000000000000e+04,2.640000000000000000e+02,3.760000000000000000e+02,-6.180000000000000000e+02,1.300000000000000000e+01,4.600000000000000000e+01
1.680080651048597097e+09,1.622400000000000000e+04,3.240000000000000000e+02,4.080000000000000000e+02,-6.210000000000000000e+02,8.400000000000000000e+01,4.100000000000000000e+01
1.680080651049704552e+09,1.622400000000000000e+04,2.720000000000000000e+02,3.880000000000000000e+02,-6.540000000000000000e+02,4.800000000000000000e+01,4.600000000000000000e+01
1.680080651050686359e+09,1.614000000000000000e+04,2.480000000000000000e+02,3.480000000000000000e+02,-6.470000000000000000e+02,2.100000000000000000e+01,4.600000000000000000e+01
1.680080651052273750e+09,1.627200000000000000e+04,2.480000000000000000e+02,4.560000000000000000e+02,-6.370000000000000000e+02,4.600000000000000000e+01,2.900000000000000000e+01
1.680080651053153038e+09,1.618000000000000000e+04,2.800000000000000000e+02,3.120000000000000000e+02,-6.610000000000000000e+02,2.100000000000000000e+01,2.800000000000000000e+01
1.680080651054186344e+09,1.612400000000000000e+04,2.240000000000000000e+02,2.320000000000000000e+02,-6.240000000000000000e+02,3.100000000000000000e+01,2.800000000000000000e+01
1.680080651055080175e+09,1.620800000000000000e+04,3.120000000000000000e+02,2.680000000000000000e+02,-5.960000000000000000e+02,6.200000000000000000e+01,3.600000000000000000e+01
1.680080651056035995e+09,1.606800000000000000e+04,3.400000000000000000e+02,3.160000000000000000e+02,-6.000000000000000000e+02,7.200000000000000000e+01,3.900000000000000000e+01
1.680080651056979179e+09,1.606800000000000000e+04,3.400000000000000000e+02,3.160000000000000000e+02,-6.320000000000000000e+02,6.500000000000000000e+01,3.900000000000000000e+01
1.680080651057978868e+09,1.634800000000000000e+04,2.160000000000000000e+02,3.920000000000000000e+02,-6.390000000000000000e+02,2.500000000000000000e+01,3.800000000000000000e+01
1.680080651058886766e+09,1.634800000000000000e+04,2.160000000000000000e+02,3.920000000000000000e+02,-6.160000000000000000e+02,3.100000000000000000e+01,1.500000000000000000e+01
1.680080651059772730e+09,1.631600000000000000e+04,3.080000000000000000e+02,4.840000000000000000e+02,-6.150000000000000000e+02,4.700000000000000000e+01,1.900000000000000000e+01
1.680080651061018467e+09,1.628000000000000000e+04,3.480000000000000000e+02,3.320000000000000000e+02,-6.580000000000000000e+02,4.300000000000000000e+01,3.000000000000000000e+01
1.680080651061932802e+09,1.628000000000000000e+04,3.480000000000000000e+02,3.320000000000000000e+02,-6.680000000000000000e+02,9.000000000000000000e+00,2.600000000000000000e+01
1.680080651062903404e+09,1.614400000000000000e+04,4.120000000000000000e+02,2.920000000000000000e+02,-6.280000000000000000e+02,1.900000000000000000e+01,1.900000000000000000e+01
1.680080651063811064e+09,1.622400000000000000e+04,3.040000000000000000e+02,2.840000000000000000e+02,-6.010000000000000000e+02,5.800000000000000000e+01,3.800000000000000000e+01
1.680080651064699888e+09,1.627200000000000000e+04,3.080000000000000000e+02,3.200000000000000000e+02,-6.390000000000000000e+02,7.100000000000000000e+01,2.400000000000000000e+01
1.680080651065840960e+09,1.621200000000000000e+04,2.840000000000000000e+02,2.920000000000000000e+02,-6.800000000000000000e+02,4.700000000000000000e+01,5.000000000000000000e+00
1.680080651066812277e+09,1.611200000000000000e+04,2.440000000000000000e+02,1.480000000000000000e+02,-6.470000000000000000e+02,3.100000000000000000e+01,-2.000000000000000000e+00
1.680080651067695618e+09,1.616400000000000000e+04,2.720000000000000000e+02,3.200000000000000000e+02,-6.200000000000000000e+02,3.900000000000000000e+01,1.600000000000000000e+01
1.680080651068949223e+09,1.626800000000000000e+04,2.960000000000000000e+02,3.600000000000000000e+02,-6.310000000000000000e+02,6.100000000000000000e+01,5.300000000000000000e+01
1.680080651069865465e+09,1.625200000000000000e+04,3.280000000000000000e+02,2.960000000000000000e+02,-6.560000000000000000e+02,4.200000000000000000e+01,4.100000000000000000e+01
1.680080651070745945e+09,1.620400000000000000e+04,3.680000000000000000e+02,2.760000000000000000e+02,-6.290000000000000000e+02,3.600000000000000000e+01,2.400000000000000000e+01
1.680080651071694374e+09,1.621600000000000000e+04,2.960000000000000000e+02,3.760000000000000000e+02,-5.930000000000000000e+02,2.600000000000000000e+01,3.300000000000000000e+01
1.680080651072691441e+09,1.617200000000000000e+04,2.080000000000000000e+02,4.200000000000000000e+02,-6.170000000000000000e+02,3.200000000000000000e+01,3.400000000000000000e+01
1.680080651073599815e+09,1.611200000000000000e+04,2.960000000000000000e+02,2.960000000000000000e+02,-6.690000000000000000e+02,4.300000000000000000e+01,1.800000000000000000e+01
1.680080651074699402e+09,1.614400000000000000e+04,2.880000000000000000e+02,2.760000000000000000e+02,-6.700000000000000000e+02,3.700000000000000000e+01,1.400000000000000000e+01
1.680080651075699806e+09,1.609200000000000000e+04,2.960000000000000000e+02,1.520000000000000000e+02,-6.230000000000000000e+02,4.900000000000000000e+01,4.500000000000000000e+01
1.680080651076778650e+09,1.603200000000000000e+04,2.880000000000000000e+02,3.480000000000000000e+02,-6.400000000000000000e+02,2.600000000000000000e+01,5.300000000000000000e+01
1.680080651077675343e+09,1.616400000000000000e+04,2.680000000000000000e+02,2.520000000000000000e+02,-6.220000000000000000e+02,1.800000000000000000e+01,4.200000000000000000e+01
1.680080651078831434e+09,1.605600000000000000e+04,2.960000000000000000e+02,2.720000000000000000e+02,-6.030000000000000000e+02,3.800000000000000000e+01,3.800000000000000000e+01
1.680080651079763651e+09,1.605600000000000000e+04,2.960000000000000000e+02,2.720000000000000000e+02,-6.270000000000000000e+02,5.900000000000000000e+01,5.400000000000000000e+01
1.680080651080673695e+09,1.607200000000000000e+04,2.760000000000000000e+02,2.720000000000000000e+02,-6.820000000000000000e+02,4.700000000000000000e+01,2.900000000000000000e+01
1.680080651081640244e+09,1.604000000000000000e+04,1.800000000000000000e+02,3.080000000000000000e+02,-6.640000000000000000e+02,2.000000000000000000e+01,3.000000000000000000e+01
1.680080651082730293e+09,1.616400000000000000e+04,2.200000000000000000e+02,2.080000000000000000e+02,-6.120000000000000000e+02,3.000000000000000000e+01,3.300000000000000000e+01
1.680080651083635092e+09,1.619600000000000000e+04,2.800000000000000000e+02,3.160000000000000000e+02,-6.080000000000000000e+02,5.600000000000000000e+01,5.300000000000000000e+01
1.680080651084617376e+09,1.620000000000000000e+04,2.960000000000000000e+02,2.560000000000000000e+02,-6.480000000000000000e+02,5.800000000000000000e+01,5.200000000000000000e+01
1.680080651085580349e+09,1.618400000000000000e+04,3.840000000000000000e+02,2.760000000000000000e+02,-6.780000000000000000e+02,5.000000000000000000e+01,4.400000000000000000e+01
1.680080651086519003e+09,1.626000000000000000e+04,3.680000000000000000e+02,3.720000000000000000e+02,-6.450000000000000000e+02,6.000000000000000000e+01,3.100000000000000000e+01
1.680080651087405920e+09,1.619600000000000000e+04,3.160000000000000000e+02,3.400000000000000000e+02,-6.120000000000000000e+02,6.300000000000000000e+01,2.200000000000000000e+01
1.680080651088545322e+09,1.614400000000000000e+04,2.520000000000000000e+02,2.640000000000000000e+02,-6.290000000000000000e+02,4.600000000000000000e+01,3.800000000000000000e+01
1.680080651089465141e+09,1.612000000000000000e+04,2.800000000000000000e+02,3.760000000000000000e+02,-6.460000000000000000e+02,5.200000000000000000e+01,3.200000000000000000e+01
1.680080651090421438e+09,1.618400000000000000e+04,2.440000000000000000e+02,3.800000000000000000e+02,-6.490000000000000000e+02,2.300000000000000000e+01,3.000000000000000000e+01
1.680080651091670275e+09,1.608000000000000000e+04,3.000000000000000000e+02,3.320000000000000000e+02,-6.240000000000000000e+02,1.700000000000000000e+01,5.400000000000000000e+01
1.680080651092597246e+09,1.609200000000000000e+04,2.440000000000000000e+02,3.440000000000000000e+02,-6.440000000000000000e+02,2.200000000000000000e+01,4.000000000000000000e+01
1.680080651093586683e+09,1.616400000000000000e+04,2.800000000000000000e+02,2.920000000000000000e+02,-6.490000000000000000e+02,3.900000000000000000e+01,1.900000000000000000e+01
1.680080651094578743e+09,1.614000000000000000e+04,3.160000000000000000e+02,2.160000000000000000e+02,-6.310000000000000000e+02,4.600000000000000000e+01,3.500000000000000000e+01
1.680080651095468283e+09,1.613200000000000000e+04,2.840000000000000000e+02,3.080000000000000000e+02,-6.370000000000000000e+02,7.000000000000000000e+01,3.500000000000000000e+01
1.680080651096491575e+09,1.615200000000000000e+04,3.120000000000000000e+02,4.120000000000000000e+02,-6.610000000000000000e+02,5.600000000000000000e+01,2.800000000000000000e+01
1.680080651097402811e+09,1.615200000000000000e+04,2.880000000000000000e+02,3.520000000000000000e+02,-6.360000000000000000e+02,5.300000000000000000e+01,3.100000000000000000e+01
1.680080651098279715e+09,1.608800000000000000e+04,2.440000000000000000e+02,2.800000000000000000e+02,-6.350000000000000000e+02,6.500000000000000000e+01,3.100000000000000000e+01
1.680080651099219799e+09,1.611600000000000000e+04,2.960000000000000000e+02,2.560000000000000000e+02,-6.640000000000000000e+02,5.100000000000000000e+01,3.400000000000000000e+01
1.680080651100281239e+09,1.613600000000000000e+04,3.280000000000000000e+02,3.320000000000000000e+02,-6.550000000000000000e+02,4.500000000000000000e+01,5.200000000000000000e+01
1.680080651101742268e+09,1.618000000000000000e+04,3.080000000000000000e+02,4.320000000000000000e+02,-6.240000000000000000e+02,7.000000000000000000e+01,4.200000000000000000e+01
1.680080651103362322e+09,1.617600000000000000e+04,3.400000000000000000e+02,2.360000000000000000e+02,-6.720000000000000000e+02,5.200000000000000000e+01,4.300000000000000000e+01
1.680080651104657650e+09,1.620800000000000000e+04,3.360000000000000000e+02,2.960000000000000000e+02,-6.390000000000000000e+02,2.800000000000000000e+01,4.300000000000000000e+01
1.680080651106119633e+09,1.614800000000000000e+04,2.920000000000000000e+02,3.520000000000000000e+02,-6.180000000000000000e+02,3.300000000000000000e+01,5.000000000000000000e+01
1.680080651107945919e+09,1.612400000000000000e+04,2.880000000000000000e+02,3.160000000000000000e+02,-6.440000000000000000e+02,2.300000000000000000e+01,2.300000000000000000e+01
1.680080651108988523e+09,1.611200000000000000e+04,2.640000000000000000e+02,3.840000000000000000e+02,-6.210000000000000000e+02,5.200000000000000000e+01,2.500000000000000000e+01
1.680080651110308647e+09,1.622400000000000000e+04,2.440000000000000000e+02,3.200000000000000000e+02,-6.410000000000000000e+02,8.200000000000000000e+01,2.700000000000000000e+01
1.680080651111912966e+09,1.620000000000000000e+04,3.840000000000000000e+02,2.800000000000000000e+02,-6.660000000000000000e+02,3.900000000000000000e+01,4.500000000000000000e+01
1.680080651112884521e+09,1.619200000000000000e+04,3.480000000000000000e+02,2.280000000000000000e+02,-6.200000000000000000e+02,3.400000000000000000e+01,5.200000000000000000e+01
1.680080651114230633e+09,1.610400000000000000e+04,2.960000000000000000e+02,2.720000000000000000e+02,-6.140000000000000000e+02,1.400000000000000000e+01,3.400000000000000000e+01
1.680080651115885735e+09,1.620800000000000000e+04,3.000000000000000000e+02,3.120000000000000000e+02,-6.200000000000000000e+02,3.200000000000000000e+01,1.000000000000000000e+01
1.680080651116991043e+09,1.620000000000000000e+04,2.280000000000000000e+02,3.280000000000000000e+02,-6.270000000000000000e+02,5.700000000000000000e+01,2.300000000000000000e+01
1.680080651118587494e+09,1.614800000000000000e+04,2.560000000000000000e+02,2.600000000000000000e+02,-6.820000000000000000e+02,3.100000000000000000e+01,3.600000000000000000e+01
1.680080651120216131e+09,1.610000000000000000e+04,3.080000000000000000e+02,3.040000000000000000e+02,-6.150000000000000000e+02,3.000000000000000000e+01,2.600000000000000000e+01
1.680080651121284723e+09,1.614400000000000000e+04,3.440000000000000000e+02,1.040000000000000000e+02,-6.150000000000000000e+02,5.500000000000000000e+01,3.500000000000000000e+01
1.680080651122620821e+09,1.617200000000000000e+04,2.880000000000000000e+02,2.760000000000000000e+02,-6.590000000000000000e+02,3.100000000000000000e+01,4.700000000000000000e+01
1.680080651124250412e+09,1.625600000000000000e+04,2.640000000000000000e+02,3.160000000000000000e+02,-5.940000000000000000e+02,2.900000000000000000e+01,4.400000000000000000e+01
1.680080651125249863e+09,1.620000000000000000e+04,2.440000000000000000e+02,3.640000000000000000e+02,-5.970000000000000000e+02,6.300000000000000000e+01,7.200000000000000000e+01
1.680080651126824141e+09,1.616400000000000000e+04,2.480000000000000000e+02,3.440000000000000000e+02,-6.740000000000000000e+02,5.500000000000000000e+01,6.600000000000000000e+01
1.680080651128537655e+09,1.619600000000000000e+04,3.080000000000000000e+02,3.880000000000000000e+02,-5.980000000000000000e+02,7.000000000000000000e+00,2.800000000000000000e+01
1.680080651129435539e+09,1.625200000000000000e+04,3.440000000000000000e+02,4.200000000000000000e+02,-6.010000000000000000e+02,4.400000000000000000e+01,4.000000000000000000e+01
1.680080651130416632e+09,1.615200000000000000e+04,3.600000000000000000e+02,3.360000000000000000e+02,-6.410000000000000000e+02,5.900000000000000000e+01,4.600000000000000000e+01
1.680080651132271767e+09,1.619600000000000000e+04,3.000000000000000000e+02,3.160000000000000000e+02,-6.520000000000000000e+02,3.600000000000000000e+01,3.300000000000000000e+01
1.680080651133922815e+09,1.616400000000000000e+04,3.400000000000000000e+02,3.560000000000000000e+02,-6.340000000000000000e+02,5.500000000000000000e+01,2.300000000000000000e+01
1.680080651135365009e+09,1.619200000000000000e+04,3.160000000000000000e+02,2.560000000000000000e+02,-6.320000000000000000e+02,5.500000000000000000e+01,3.700000000000000000e+01
1.680080651137053251e+09,1.620800000000000000e+04,2.040000000000000000e+02,3.920000000000000000e+02,-6.430000000000000000e+02,3.600000000000000000e+01,3.200000000000000000e+01
1.680080651138761044e+09,1.611200000000000000e+04,3.480000000000000000e+02,3.480000000000000000e+02,-6.330000000000000000e+02,2.200000000000000000e+01,8.000000000000000000e+00
1.680080651139761209e+09,1.614000000000000000e+04,3.680000000000000000e+02,4.360000000000000000e+02,-6.530000000000000000e+02,3.100000000000000000e+01,9.000000000000000000e+00
1.680080651140741348e+09,1.622000000000000000e+04,4.000000000000000000e+02,3.320000000000000000e+02,-6.410000000000000000e+02,5.500000000000000000e+01,1.800000000000000000e+01
1.680080651141713858e+09,1.620800000000000000e+04,3.720000000000000000e+02,2.720000000000000000e+02,-6.200000000000000000e+02,7.600000000000000000e+01,2.500000000000000000e+01
1.680080651142608643e+09,1.622000000000000000e+04,2.760000000000000000e+02,3.840000000000000000e+02,-6.280000000000000000e+02,7.900000000000000000e+01,2.800000000000000000e+01
1.680080651143642187e+09,1.625600000000000000e+04,2.920000000000000000e+02,3.840000000000000000e+02,-6.430000000000000000e+02,4.200000000000000000e+01,4.900000000000000000e+01
1.680080651144578218e+09,1.625600000000000000e+04,2.920000000000000000e+02,3.840000000000000000e+02,-6.340000000000000000e+02,5.800000000000000000e+01,5.300000000000000000e+01
1.680080651145473719e+09,1.617600000000000000e+04,3.360000000000000000e+02,3.280000000000000000e+02,-6.350000000000000000e+02,6.800000000000000000e+01,3.700000000000000000e+01
1.680080651146615028e+09,1.624400000000000000e+04,3.720000000000000000e+02,2.880000000000000000e+02,-6.260000000000000000e+02,4.800000000000000000e+01,3.300000000000000000e+01
1.680080651147529364e+09,1.624400000000000000e+04,3.720000000000000000e+02,2.880000000000000000e+02,-6.050000000000000000e+02,4.800000000000000000e+01,3.600000000000000000e+01
1.680080651148500919e+09,1.619200000000000000e+04,3.360000000000000000e+02,2.720000000000000000e+02,-6.250000000000000000e+02,4.500000000000000000e+01,3.500000000000000000e+01
1.680080651149418592e+09,1.615200000000000000e+04,3.440000000000000000e+02,3.120000000000000000e+02,-6.460000000000000000e+02,4.900000000000000000e+01,4.000000000000000000e+01
1.680080651150314808e+09,1.613200000000000000e+04,3.320000000000000000e+02,3.200000000000000000e+02,-6.440000000000000000e+02,3.600000000000000000e+01,4.400000000000000000e+01
1.680080651151343822e+09,1.612000000000000000e+04,4.240000000000000000e+02,3.000000000000000000e+02,-6.140000000000000000e+02,5.200000000000000000e+01,4.300000000000000000e+01
1.680080651152427435e+09,1.612000000000000000e+04,3.560000000000000000e+02,3.080000000000000000e+02,-6.290000000000000000e+02,4.900000000000000000e+01,3.100000000000000000e+01
1.680080651153310537e+09,1.606000000000000000e+04,3.480000000000000000e+02,3.560000000000000000e+02,-6.490000000000000000e+02,2.800000000000000000e+01,3.100000000000000000e+01
1.680080651154308319e+09,1.606000000000000000e+04,3.640000000000000000e+02,4.880000000000000000e+02,-6.050000000000000000e+02,1.900000000000000000e+01,5.100000000000000000e+01
1.680080651155188560e+09,1.621600000000000000e+04,4.480000000000000000e+02,4.120000000000000000e+02,-5.940000000000000000e+02,2.000000000000000000e+01,4.700000000000000000e+01
1.680080651156170845e+09,1.607200000000000000e+04,3.080000000000000000e+02,2.600000000000000000e+02,-6.230000000000000000e+02,4.000000000000000000e+01,1.800000000000000000e+01
1.680080651157232523e+09,1.610400000000000000e+04,3.800000000000000000e+02,3.160000000000000000e+02,-6.510000000000000000e+02,3.000000000000000000e+01,2.100000000000000000e+01
1.680080651158141136e+09,1.610400000000000000e+04,2.680000000000000000e+02,3.080000000000000000e+02,-6.360000000000000000e+02,3.700000000000000000e+01,1.600000000000000000e+01
1.680080651159093857e+09,1.610400000000000000e+04,2.640000000000000000e+02,3.520000000000000000e+02,-6.410000000000000000e+02,4.100000000000000000e+01,4.000000000000000000e+01
1.680080651160107851e+09,1.614800000000000000e+04,2.960000000000000000e+02,2.600000000000000000e+02,-6.470000000000000000e+02,5.000000000000000000e+01,3.600000000000000000e+01
1.680080651161082268e+09,1.622000000000000000e+04,3.520000000000000000e+02,2.800000000000000000e+02,-6.170000000000000000e+02,5.400000000000000000e+01,4.100000000000000000e+01
1.680080651162150860e+09,1.618800000000000000e+04,3.320000000000000000e+02,2.560000000000000000e+02,-6.120000000000000000e+02,4.500000000000000000e+01,3.100000000000000000e+01
1.680080651163065434e+09,1.619600000000000000e+04,3.080000000000000000e+02,3.280000000000000000e+02,-6.480000000000000000e+02,4.200000000000000000e+01,3.600000000000000000e+01
1.680080651163974762e+09,1.615200000000000000e+04,3.320000000000000000e+02,2.880000000000000000e+02,-6.320000000000000000e+02,3.800000000000000000e+01,4.600000000000000000e+01
1.680080651164979696e+09,1.625600000000000000e+04,2.800000000000000000e+02,1.920000000000000000e+02,-6.340000000000000000e+02,3.700000000000000000e+01,3.300000000000000000e+01
1.680080651165949345e+09,1.625600000000000000e+04,3.000000000000000000e+02,2.280000000000000000e+02,-6.510000000000000000e+02,3.000000000000000000e+01,3.200000000000000000e+01
1.680080651166895390e+09,1.623200000000000000e+04,3.800000000000000000e+02,2.960000000000000000e+02,-6.390000000000000000e+02,4.900000000000000000e+01,2.400000000000000000e+01
1.680080651167768478e+09,1.622800000000000000e+04,3.000000000000000000e+02,5.000000000000000000e+02,-6.400000000000000000e+02,3.700000000000000000e+01,3.000000000000000000e+01
1.680080651168791294e+09,1.621200000000000000e+04,2.560000000000000000e+02,3.960000000000000000e+02,-6.450000000000000000e+02,2.200000000000000000e+01,4.200000000000000000e+01
1.680080651169717550e+09,1.612000000000000000e+04,2.800000000000000000e+02,3.600000000000000000e+02,-6.230000000000000000e+02,4.600000000000000000e+01,4.400000000000000000e+01
1.680080651170710087e+09,1.610000000000000000e+04,3.240000000000000000e+02,3.840000000000000000e+02,-6.370000000000000000e+02,6.400000000000000000e+01,4.300000000000000000e+01
1.680080651171762228e+09,1.610000000000000000e+04,3.200000000000000000e+02,2.680000000000000000e+02,-6.450000000000000000e+02,4.000000000000000000e+01,1.900000000000000000e+01
1.680080651172683716e+09,1.616000000000000000e+04,2.800000000000000000e+02,3.600000000000000000e+02,-6.350000000000000000e+02,2.300000000000000000e+01,2.700000000000000000e+01
1.680080651173781395e+09,1.622400000000000000e+04,3.160000000000000000e+02,3.800000000000000000e+02,-6.410000000000000000e+02,3.600000000000000000e+01,3.800000000000000000e+01
1.680080651174682140e+09,1.616000000000000000e+04,3.000000000000000000e+02,3.400000000000000000e+02,-6.510000000000000000e+02,2.700000000000000000e+01,3.000000000000000000e+01
1.680080651175647974e+09,1.620400000000000000e+04,3.880000000000000000e+02,2.600000000000000000e+02,-6.250000000000000000e+02,2.200000000000000000e+01,3.400000000000000000e+01
1.680080651176707268e+09,1.627200000000000000e+04,3.200000000000000000e+02,2.520000000000000000e+02,-5.990000000000000000e+02,4.100000000000000000e+01,4.200000000000000000e+01
1.680080651177601576e+09,1.614000000000000000e+04,3.920000000000000000e+02,2.960000000000000000e+02,-6.230000000000000000e+02,7.000000000000000000e+01,5.400000000000000000e+01
1.680080651178667545e+09,1.614800000000000000e+04,3.600000000000000000e+02,3.560000000000000000e+02,-6.720000000000000000e+02,5.400000000000000000e+01,4.100000000000000000e+01
1.680080651179710388e+09,1.622400000000000000e+04,4.000000000000000000e+02,3.320000000000000000e+02,-6.560000000000000000e+02,2.300000000000000000e+01,3.600000000000000000e+01
1.680080651180611610e+09,1.617600000000000000e+04,3.800000000000000000e+02,3.200000000000000000e+02,-6.090000000000000000e+02,1.300000000000000000e+01,2.300000000000000000e+01
1.680080651181632042e+09,1.626400000000000000e+04,2.720000000000000000e+02,3.520000000000000000e+02,-6.270000000000000000e+02,5.000000000000000000e+01,2.800000000000000000e+01
1.680080651182668209e+09,1.623200000000000000e+04,2.640000000000000000e+02,3.880000000000000000e+02,-6.740000000000000000e+02,6.900000000000000000e+01,2.300000000000000000e+01
1.680080651183839321e+09,1.614400000000000000e+04,3.440000000000000000e+02,3.000000000000000000e+02,-6.710000000000000000e+02,3.900000000000000000e+01,1.000000000000000000e+01
1.680080651185462713e+09,1.624800000000000000e+04,2.920000000000000000e+02,3.880000000000000000e+02,-5.880000000000000000e+02,4.600000000000000000e+01,1.600000000000000000e+01
1.680080651187302113e+09,1.623600000000000000e+04,3.360000000000000000e+02,4.520000000000000000e+02,-6.630000000000000000e+02,5.400000000000000000e+01,9.000000000000000000e+00
1.680080651188400269e+09,1.612400000000000000e+04,3.040000000000000000e+02,4.160000000000000000e+02,-6.650000000000000000e+02,1.600000000000000000e+01,4.000000000000000000e+01
1.680080651189745665e+09,1.620800000000000000e+04,3.000000000000000000e+02,3.000000000000000000e+02,-5.980000000000000000e+02,5.600000000000000000e+01,3.700000000000000000e+01
1.680080651191370726e+09,1.613600000000000000e+04,2.760000000000000000e+02,3.280000000000000000e+02,-6.550000000000000000e+02,7.200000000000000000e+01,9.000000000000000000e+00
1.680080651192346096e+09,1.616800000000000000e+04,3.080000000000000000e+02,3.360000000000000000e+02,-6.750000000000000000e+02,4.400000000000000000e+01,3.200000000000000000e+01
1.680080651193885088e+09,1.613600000000000000e+04,2.880000000000000000e+02,4.600000000000000000e+02,-6.620000000000000000e+02,3.900000000000000000e+01,4.400000000000000000e+01
1.680080651195561409e+09,1.609600000000000000e+04,2.320000000000000000e+02,3.400000000000000000e+02,-6.410000000000000000e+02,3.700000000000000000e+01,2.900000000000000000e+01
1.680080651196599007e+09,1.616800000000000000e+04,2.960000000000000000e+02,3.560000000000000000e+02,-6.270000000000000000e+02,5.700000000000000000e+01,3.200000000000000000e+01
1.680080651197939157e+09,1.626000000000000000e+04,2.840000000000000000e+02,3.320000000000000000e+02,-6.510000000000000000e+02,5.000000000000000000e+01,3.800000000000000000e+01
1.680080651199659348e+09,1.619600000000000000e+04,1.800000000000000000e+02,4.040000000000000000e+02,-6.160000000000000000e+02,5.000000000000000000e+01,3.900000000000000000e+01
1.680080651200618029e+09,1.617600000000000000e+04,2.160000000000000000e+02,3.720000000000000000e+02,-6.220000000000000000e+02,3.400000000000000000e+01,4.100000000000000000e+01
1.680080651201982737e+09,1.614800000000000000e+04,2.680000000000000000e+02,3.920000000000000000e+02,-6.490000000000000000e+02,-9.000000000000000000e+00,2.700000000000000000e+01
1.680080651203659058e+09,1.620000000000000000e+04,2.680000000000000000e+02,4.840000000000000000e+02,-6.230000000000000000e+02,3.100000000000000000e+01,4.700000000000000000e+01
1.680080651204717159e+09,1.620800000000000000e+04,3.400000000000000000e+02,5.440000000000000000e+02,-6.680000000000000000e+02,6.100000000000000000e+01,3.900000000000000000e+01
1.680080651206208467e+09,1.611600000000000000e+04,2.920000000000000000e+02,2.720000000000000000e+02,-6.780000000000000000e+02,3.100000000000000000e+01,4.000000000000000000e+01
1.680080651207859516e+09,1.616400000000000000e+04,3.320000000000000000e+02,3.480000000000000000e+02,-6.400000000000000000e+02,4.300000000000000000e+01,2.900000000000000000e+01
1.680080651208922386e+09,1.621600000000000000e+04,2.800000000000000000e+02,3.680000000000000000e+02,-6.280000000000000000e+02,4.100000000000000000e+01,3.200000000000000000e+01
1.680080651210259199e+09,1.622400000000000000e+04,2.800000000000000000e+02,3.040000000000000000e+02,-6.160000000000000000e+02,4.900000000000000000e+01,2.700000000000000000e+01
1.680080651212012291e+09,1.616800000000000000e+04,3.200000000000000000e+02,1.800000000000000000e+02,-6.560000000000000000e+02,6.400000000000000000e+01,1.300000000000000000e+01
1.680080651212952375e+09,1.614400000000000000e+04,2.400000000000000000e+02,2.280000000000000000e+02,-6.420000000000000000e+02,4.100000000000000000e+01,1.900000000000000000e+01
1.680080651213953257e+09,1.613200000000000000e+04,3.080000000000000000e+02,1.960000000000000000e+02,-6.350000000000000000e+02,4.700000000000000000e+01,3.600000000000000000e+01
1.680080651215755939e+09,1.621200000000000000e+04,2.720000000000000000e+02,3.720000000000000000e+02,-6.460000000000000000e+02,2.300000000000000000e+01,4.100000000000000000e+01
1.680080651217616320e+09,1.617600000000000000e+04,2.760000000000000000e+02,4.000000000000000000e+02,-6.020000000000000000e+02,7.200000000000000000e+01,3.900000000000000000e+01
1.680080651219182730e+09,1.625600000000000000e+04,2.240000000000000000e+02,4.520000000000000000e+02,-6.650000000000000000e+02,4.500000000000000000e+01,1.600000000000000000e+01
1.680080651220792532e+09,1.619600000000000000e+04,2.680000000000000000e+02,3.000000000000000000e+02,-6.250000000000000000e+02,2.100000000000000000e+01,1.600000000000000000e+01
1.680080651222833633e+09,1.617600000000000000e+04,3.240000000000000000e+02,4.720000000000000000e+02,-6.450000000000000000e+02,7.000000000000000000e+01,3.200000000000000000e+01
1.680080651223758221e+09,1.615600000000000000e+04,3.880000000000000000e+02,3.640000000000000000e+02,-6.760000000000000000e+02,3.600000000000000000e+01,3.900000000000000000e+01
1.680080651224810839e+09,1.609600000000000000e+04,3.800000000000000000e+02,4.160000000000000000e+02,-6.320000000000000000e+02,4.000000000000000000e+00,3.500000000000000000e+01
1.680080651225830078e+09,1.622000000000000000e+04,2.800000000000000000e+02,2.800000000000000000e+02,-5.900000000000000000e+02,1.800000000000000000e+01,3.200000000000000000e+01
1.680080651226950407e+09,1.618800000000000000e+04,2.160000000000000000e+02,2.760000000000000000e+02,-6.220000000000000000e+02,4.200000000000000000e+01,4.300000000000000000e+01
1.680080651227884769e+09,1.619600000000000000e+04,2.360000000000000000e+02,2.600000000000000000e+02,-6.610000000000000000e+02,5.000000000000000000e+01,4.500000000000000000e+01
1.680080651228814602e+09,1.616400000000000000e+04,2.200000000000000000e+02,1.880000000000000000e+02,-6.690000000000000000e+02,4.300000000000000000e+01,1.900000000000000000e+01
1.680080651229830503e+09,1.618000000000000000e+04,2.520000000000000000e+02,2.440000000000000000e+02,-6.360000000000000000e+02,5.100000000000000000e+01,2.300000000000000000e+01
1.680080651230907679e+09,1.609600000000000000e+04,2.080000000000000000e+02,2.440000000000000000e+02,-6.450000000000000000e+02,4.800000000000000000e+01,2.200000000000000000e+01
1.680080651231844187e+09,1.614800000000000000e+04,2.880000000000000000e+02,1.920000000000000000e+02,-6.510000000000000000e+02,1.900000000000000000e+01,2.900000000000000000e+01
1.680080651232737541e+09,1.632000000000000000e+04,3.480000000000000000e+02,2.800000000000000000e+02,-6.240000000000000000e+02,1.600000000000000000e+01,2.400000000000000000e+01
1.680080651233778954e+09,1.627600000000000000e+04,2.240000000000000000e+02,4.680000000000000000e+02,-6.140000000000000000e+02,3.500000000000000000e+01,3.000000000000000000e+01
1.680080651234719276e+09,1.618400000000000000e+04,3.000000000000000000e+02,3.760000000000000000e+02,-6.410000000000000000e+02,5.400000000000000000e+01,5.000000000000000000e+01
1.680080651235728025e+09,1.618000000000000000e+04,2.600000000000000000e+02,4.360000000000000000e+02,-6.600000000000000000e+02,3.900000000000000000e+01,4.400000000000000000e+01
1.680080651236784458e+09,1.617600000000000000e+04,2.520000000000000000e+02,4.040000000000000000e+02,-6.320000000000000000e+02,3.800000000000000000e+01,4.400000000000000000e+01
1.680080651237705469e+09,1.615200000000000000e+04,2.960000000000000000e+02,3.440000000000000000e+02,-6.280000000000000000e+02,5.400000000000000000e+01,4.000000000000000000e+01
1.680080651238637686e+09,1.608800000000000000e+04,3.240000000000000000e+02,2.840000000000000000e+02,-6.460000000000000000e+02,2.800000000000000000e+01,1.500000000000000000e+01
1.680080651239558697e+09,1.628000000000000000e+04,3.280000000000000000e+02,3.440000000000000000e+02,-6.240000000000000000e+02,2.500000000000000000e+01,2.000000000000000000e+00
1.680080651240610123e+09,1.625200000000000000e+04,2.960000000000000000e+02,2.520000000000000000e+02,-6.120000000000000000e+02,6.100000000000000000e+01,2.900000000000000000e+01
1.680080651241632462e+09,1.614400000000000000e+04,4.280000000000000000e+02,3.840000000000000000e+02,-6.330000000000000000e+02,6.800000000000000000e+01,3.600000000000000000e+01
1.680080651242555857e+09,1.615600000000000000e+04,3.720000000000000000e+02,3.200000000000000000e+02,-6.770000000000000000e+02,4.800000000000000000e+01,3.800000000000000000e+01
1.680080651243505478e+09,1.613600000000000000e+04,3.320000000000000000e+02,2.800000000000000000e+02,-6.760000000000000000e+02,2.100000000000000000e+01,4.500000000000000000e+01
1.680080651244398594e+09,1.617600000000000000e+04,3.080000000000000000e+02,3.040000000000000000e+02,-6.100000000000000000e+02,2.600000000000000000e+01,5.400000000000000000e+01
1.680080651245611191e+09,1.624400000000000000e+04,3.640000000000000000e+02,2.920000000000000000e+02,-6.010000000000000000e+02,3.900000000000000000e+01,3.200000000000000000e+01
1.680080651246543407e+09,1.624400000000000000e+04,3.600000000000000000e+02,3.880000000000000000e+02,-6.340000000000000000e+02,3.900000000000000000e+01,2.600000000000000000e+01
1.680080651247538328e+09,1.618000000000000000e+04,2.920000000000000000e+02,3.720000000000000000e+02,-6.600000000000000000e+02,2.400000000000000000e+01,2.800000000000000000e+01
1.680080651248563051e+09,1.611600000000000000e+04,2.600000000000000000e+02,3.240000000000000000e+02,-6.300000000000000000e+02,3.400000000000000000e+01,4.400000000000000000e+01
1.680080651249469519e+09,1.614800000000000000e+04,2.760000000000000000e+02,3.960000000000000000e+02,-6.260000000000000000e+02,4.000000000000000000e+01,2.200000000000000000e+01
1.680080651250338554e+09,1.615200000000000000e+04,2.640000000000000000e+02,3.360000000000000000e+02,-6.500000000000000000e+02,4.400000000000000000e+01,2.300000000000000000e+01
1.680080651251334429e+09,1.624000000000000000e+04,2.880000000000000000e+02,3.440000000000000000e+02,-6.330000000000000000e+02,3.100000000000000000e+01,3.800000000000000000e+01
1.680080651252281904e+09,1.630800000000000000e+04,3.200000000000000000e+02,2.480000000000000000e+02,-6.180000000000000000e+02,3.500000000000000000e+01,5.400000000000000000e+01
1.680080651253520727e+09,1.622800000000000000e+04,3.320000000000000000e+02,2.880000000000000000e+02,-6.500000000000000000e+02,3.200000000000000000e+01,3.600000000000000000e+01
1.680080651254424334e+09,1.620000000000000000e+04,2.200000000000000000e+02,4.000000000000000000e+02,-6.390000000000000000e+02,3.800000000000000000e+01,4.100000000000000000e+01
1.680080651255360603e+09,1.613200000000000000e+04,2.960000000000000000e+02,3.400000000000000000e+02,-6.090000000000000000e+02,6.300000000000000000e+01,4.400000000000000000e+01
1.680080651256324768e+09,1.616000000000000000e+04,3.000000000000000000e+02,3.600000000000000000e+02,-6.220000000000000000e+02,7.500000000000000000e+01,4.000000000000000000e+01
1.680080651257326126e+09,1.616800000000000000e+04,3.560000000000000000e+02,2.240000000000000000e+02,-6.800000000000000000e+02,4.200000000000000000e+01,1.100000000000000000e+01
1.680080651258256912e+09,1.601600000000000000e+04,3.000000000000000000e+02,3.040000000000000000e+02,-6.960000000000000000e+02,3.300000000000000000e+01,1.900000000000000000e+01
1.680080651259141207e+09,1.608800000000000000e+04,2.720000000000000000e+02,4.280000000000000000e+02,-6.540000000000000000e+02,4.500000000000000000e+01,4.900000000000000000e+01
1.680080651260153532e+09,1.608800000000000000e+04,2.760000000000000000e+02,3.320000000000000000e+02,-6.280000000000000000e+02,3.800000000000000000e+01,4.700000000000000000e+01
1.680080651261084080e+09,1.610000000000000000e+04,3.600000000000000000e+02,2.840000000000000000e+02,-6.110000000000000000e+02,2.100000000000000000e+01,3.800000000000000000e+01
1.680080651262065887e+09,1.608000000000000000e+04,3.560000000000000000e+02,2.520000000000000000e+02,-6.200000000000000000e+02,2.800000000000000000e+01,4.300000000000000000e+01
1.680080651263105631e+09,1.608000000000000000e+04,3.560000000000000000e+02,2.520000000000000000e+02,-6.380000000000000000e+02,4.400000000000000000e+01,4.600000000000000000e+01
1.680080651264033079e+09,1.617600000000000000e+04,2.560000000000000000e+02,3.720000000000000000e+02,-6.670000000000000000e+02,3.400000000000000000e+01,2.100000000000000000e+01
1.680080651264964581e+09,1.624400000000000000e+04,2.760000000000000000e+02,3.320000000000000000e+02,-6.500000000000000000e+02,9.000000000000000000e+00,3.100000000000000000e+01
1.680080651265930176e+09,1.615200000000000000e+04,3.480000000000000000e+02,3.280000000000000000e+02,-6.120000000000000000e+02,2.700000000000000000e+01,3.500000000000000000e+01
1.680080651267016172e+09,1.616800000000000000e+04,3.320000000000000000e+02,3.360000000000000000e+02,-6.090000000000000000e+02,5.200000000000000000e+01,4.300000000000000000e+01
1.680080651268163681e+09,1.609200000000000000e+04,3.320000000000000000e+02,2.720000000000000000e+02,-6.640000000000000000e+02,3.700000000000000000e+01,7.000000000000000000e+01
1.680080651269664288e+09,1.612800000000000000e+04,3.320000000000000000e+02,2.280000000000000000e+02,-6.350000000000000000e+02,2.000000000000000000e+00,4.500000000000000000e+01
1.680080651271340609e+09,1.616800000000000000e+04,3.880000000000000000e+02,2.760000000000000000e+02,-6.440000000000000000e+02,4.800000000000000000e+01,1.100000000000000000e+01
1.680080651272325993e+09,1.611200000000000000e+04,3.560000000000000000e+02,1.760000000000000000e+02,-6.600000000000000000e+02,4.600000000000000000e+01,2.400000000000000000e+01
1.680080651273651361e+09,1.619200000000000000e+04,3.440000000000000000e+02,2.560000000000000000e+02,-6.050000000000000000e+02,3.300000000000000000e+01,3.400000000000000000e+01
1.680080651275438547e+09,1.622000000000000000e+04,3.320000000000000000e+02,2.240000000000000000e+02,-6.110000000000000000e+02,5.000000000000000000e+01,3.600000000000000000e+01
1.680080651276530266e+09,1.625200000000000000e+04,3.800000000000000000e+02,2.760000000000000000e+02,-6.580000000000000000e+02,4.700000000000000000e+01,4.300000000000000000e+01
1.680080651277906895e+09,1.613200000000000000e+04,3.800000000000000000e+02,2.400000000000000000e+02,-6.190000000000000000e+02,4.800000000000000000e+01,5.900000000000000000e+01
1.680080651279881477e+09,1.613600000000000000e+04,3.440000000000000000e+02,2.320000000000000000e+02,-6.310000000000000000e+02,7.500000000000000000e+01,2.200000000000000000e+01
1.680080651280977011e+09,1.623200000000000000e+04,3.600000000000000000e+02,3.320000000000000000e+02,-6.680000000000000000e+02,3.600000000000000000e+01,3.200000000000000000e+01
1.680080651282539845e+09,1.622000000000000000e+04,2.760000000000000000e+02,3.200000000000000000e+02,-6.540000000000000000e+02,2.800000000000000000e+01,3.400000000000000000e+01
1.680080651284215212e+09,1.621600000000000000e+04,3.480000000000000000e+02,2.680000000000000000e+02,-6.270000000000000000e+02,1.000000000000000000e+01,1.100000000000000000e+01
1.680080651285248518e+09,1.622400000000000000e+04,3.040000000000000000e+02,1.400000000000000000e+02,-6.190000000000000000e+02,2.900000000000000000e+01,4.700000000000000000e+01
1.680080651286617041e+09,1.618000000000000000e+04,2.760000000000000000e+02,2.000000000000000000e+02,-6.700000000000000000e+02,1.800000000000000000e+01,5.800000000000000000e+01
1.680080651288369417e+09,1.616000000000000000e+04,3.120000000000000000e+02,3.960000000000000000e+02,-5.880000000000000000e+02,5.700000000000000000e+01,4.600000000000000000e+01
1.680080651289363146e+09,1.624000000000000000e+04,2.800000000000000000e+02,2.960000000000000000e+02,-6.430000000000000000e+02,6.000000000000000000e+01,4.800000000000000000e+01
1.680080651290767431e+09,1.622800000000000000e+04,2.280000000000000000e+02,2.680000000000000000e+02,-6.810000000000000000e+02,8.000000000000000000e+00,3.500000000000000000e+01
1.680080651292451859e+09,1.612400000000000000e+04,2.840000000000000000e+02,3.240000000000000000e+02,-5.890000000000000000e+02,3.700000000000000000e+01,0.000000000000000000e+00
1.680080651293444872e+09,1.617600000000000000e+04,2.960000000000000000e+02,2.720000000000000000e+02,-5.990000000000000000e+02,3.900000000000000000e+01,3.300000000000000000e+01
1.680080651294839144e+09,1.620800000000000000e+04,3.280000000000000000e+02,2.640000000000000000e+02,-6.710000000000000000e+02,3.400000000000000000e+01,3.500000000000000000e+01
1.680080651296718836e+09,1.614400000000000000e+04,2.760000000000000000e+02,3.280000000000000000e+02,-6.150000000000000000e+02,3.200000000000000000e+01,2.400000000000000000e+01
1.680080651297681093e+09,1.621200000000000000e+04,3.720000000000000000e+02,2.240000000000000000e+02,-6.250000000000000000e+02,5.100000000000000000e+01,2.400000000000000000e+01
1.680080651298763037e+09,1.626000000000000000e+04,3.520000000000000000e+02,1.200000000000000000e+02,-6.570000000000000000e+02,5.600000000000000000e+01,2.400000000000000000e+01
1.680080651300565720e+09,1.620400000000000000e+04,3.720000000000000000e+02,9.200000000000000000e+01,-6.110000000000000000e+02,2.900000000000000000e+01,3.300000000000000000e+01
1.680080651302298546e+09,1.620800000000000000e+04,2.280000000000000000e+02,3.040000000000000000e+02,-6.310000000000000000e+02,7.800000000000000000e+01,5.700000000000000000e+01
1.680080651303782701e+09,1.622000000000000000e+04,2.120000000000000000e+02,3.320000000000000000e+02,-6.930000000000000000e+02,4.000000000000000000e+01,3.500000000000000000e+01
1.680080651305402040e+09,1.606000000000000000e+04,3.440000000000000000e+02,2.560000000000000000e+02,-6.100000000000000000e+02,6.600000000000000000e+01,2.900000000000000000e+01
1.680080651307527781e+09,1.620800000000000000e+04,3.520000000000000000e+02,3.280000000000000000e+02,-6.530000000000000000e+02,4.300000000000000000e+01,4.700000000000000000e+01
1.680080651308445930e+09,1.627600000000000000e+04,2.280000000000000000e+02,3.120000000000000000e+02,-6.340000000000000000e+02,5.000000000000000000e+00,4.100000000000000000e+01
1.680080651309448719e+09,1.617600000000000000e+04,3.160000000000000000e+02,2.640000000000000000e+02,-5.920000000000000000e+02,1.300000000000000000e+01,3.700000000000000000e+01
1.680080651310488462e+09,1.618800000000000000e+04,3.800000000000000000e+02,2.600000000000000000e+02,-5.900000000000000000e+02,5.800000000000000000e+01,4.600000000000000000e+01
1.680080651311542749e+09,1.613200000000000000e+04,3.320000000000000000e+02,3.320000000000000000e+02,-6.420000000000000000e+02,6.300000000000000000e+01,3.500000000000000000e+01
1.680080651312447548e+09,1.614800000000000000e+04,3.560000000000000000e+02,2.400000000000000000e+02,-6.710000000000000000e+02,1.800000000000000000e+01,3.200000000000000000e+01
1.680080651313385725e+09,1.614000000000000000e+04,3.240000000000000000e+02,2.920000000000000000e+02,-6.270000000000000000e+02,2.100000000000000000e+01,2.600000000000000000e+01
1.680080651314370871e+09,1.614400000000000000e+04,2.920000000000000000e+02,3.560000000000000000e+02,-6.020000000000000000e+02,3.800000000000000000e+01,1.800000000000000000e+01
1.680080651315450191e+09,1.619600000000000000e+04,3.280000000000000000e+02,4.200000000000000000e+02,-6.250000000000000000e+02,4.600000000000000000e+01,2.200000000000000000e+01
1.680080651316414356e+09,1.618400000000000000e+04,2.200000000000000000e+02,4.040000000000000000e+02,-6.600000000000000000e+02,2.400000000000000000e+01,2.800000000000000000e+01
1.680080651317297935e+09,1.625200000000000000e+04,2.920000000000000000e+02,2.960000000000000000e+02,-6.430000000000000000e+02,3.500000000000000000e+01,3.800000000000000000e+01
1.680080651318324804e+09,1.616000000000000000e+04,3.160000000000000000e+02,2.800000000000000000e+02,-6.340000000000000000e+02,5.200000000000000000e+01,2.900000000000000000e+01
1.680080651319258928e+09,1.626000000000000000e+04,3.080000000000000000e+02,2.320000000000000000e+02,-6.650000000000000000e+02,4.700000000000000000e+01,2.400000000000000000e+01
1.680080651320227146e+09,1.621200000000000000e+04,2.920000000000000000e+02,2.880000000000000000e+02,-6.400000000000000000e+02,2.900000000000000000e+01,2.200000000000000000e+01
1.680080651321172953e+09,1.618400000000000000e+04,2.320000000000000000e+02,4.200000000000000000e+02,-6.010000000000000000e+02,5.300000000000000000e+01,3.800000000000000000e+01
1.680080651322140694e+09,1.617600000000000000e+04,2.480000000000000000e+02,4.520000000000000000e+02,-5.970000000000000000e+02,5.100000000000000000e+01,3.000000000000000000e+01
1.680080651323108912e+09,1.622000000000000000e+04,2.280000000000000000e+02,3.920000000000000000e+02,-6.190000000000000000e+02,5.300000000000000000e+01,3.000000000000000000e+01
1.680080651324007988e+09,1.617600000000000000e+04,2.560000000000000000e+02,3.280000000000000000e+02,-6.340000000000000000e+02,4.600000000000000000e+01,5.000000000000000000e+01
1.680080651325141907e+09,1.612400000000000000e+04,2.760000000000000000e+02,4.200000000000000000e+02,-6.160000000000000000e+02,5.800000000000000000e+01,4.700000000000000000e+01
1.680080651326067448e+09,1.618800000000000000e+04,2.960000000000000000e+02,3.400000000000000000e+02,-6.390000000000000000e+02,6.000000000000000000e+01,3.800000000000000000e+01
1.680080651327072144e+09,1.620800000000000000e+04,3.240000000000000000e+02,4.440000000000000000e+02,-6.600000000000000000e+02,3.600000000000000000e+01,2.100000000000000000e+01
1.680080651328021526e+09,1.626000000000000000e+04,3.320000000000000000e+02,3.920000000000000000e+02,-6.360000000000000000e+02,6.500000000000000000e+01,3.000000000000000000e+00
1.680080651328931808e+09,1.619600000000000000e+04,2.960000000000000000e+02,1.840000000000000000e+02,-6.300000000000000000e+02,8.000000000000000000e+01,1.900000000000000000e+01
1.680080651330024481e+09,1.619600000000000000e+04,2.600000000000000000e+02,3.200000000000000000e+02,-6.590000000000000000e+02,6.600000000000000000e+01,3.400000000000000000e+01
1.680080651330940008e+09,1.610000000000000000e+04,2.960000000000000000e+02,4.240000000000000000e+02,-6.480000000000000000e+02,5.700000000000000000e+01,4.200000000000000000e+01
1.680080651331833363e+09,1.616000000000000000e+04,2.560000000000000000e+02,3.200000000000000000e+02,-6.580000000000000000e+02,3.300000000000000000e+01,2.500000000000000000e+01
1.680080651332738876e+09,1.616000000000000000e+04,2.560000000000000000e+02,3.200000000000000000e+02,-6.790000000000000000e+02,2.500000000000000000e+01,3.000000000000000000e+01
1.680080651333733559e+09,1.614800000000000000e+04,3.040000000000000000e+02,4.200000000000000000e+02,-6.510000000000000000e+02,3.900000000000000000e+01,3.100000000000000000e+01
1.680080651334652424e+09,1.612800000000000000e+04,3.200000000000000000e+02,2.800000000000000000e+02,-6.300000000000000000e+02,6.200000000000000000e+01,3.000000000000000000e+01
1.680080651335554600e+09,1.611600000000000000e+04,3.680000000000000000e+02,1.800000000000000000e+02,-6.320000000000000000e+02,6.300000000000000000e+01,4.600000000000000000e+01
1.680080651336537361e+09,1.616400000000000000e+04,2.760000000000000000e+02,1.520000000000000000e+02,-6.720000000000000000e+02,4.600000000000000000e+01,3.700000000000000000e+01
1.680080651337751389e+09,1.618400000000000000e+04,3.400000000000000000e+02,2.800000000000000000e+02,-6.520000000000000000e+02,3.700000000000000000e+01,3.300000000000000000e+01
1.680080651338647127e+09,1.610400000000000000e+04,3.400000000000000000e+02,2.520000000000000000e+02,-6.290000000000000000e+02,6.500000000000000000e+01,2.300000000000000000e+01
1.680080651339786768e+09,1.610800000000000000e+04,3.400000000000000000e+02,5.160000000000000000e+02,-6.480000000000000000e+02,5.600000000000000000e+01,1.200000000000000000e+01
1.680080651340712309e+09,1.610800000000000000e+04,3.400000000000000000e+02,5.160000000000000000e+02,-6.510000000000000000e+02,5.100000000000000000e+01,1.300000000000000000e+01
1.680080651341697693e+09,1.611200000000000000e+04,3.000000000000000000e+02,3.680000000000000000e+02,-6.540000000000000000e+02,4.800000000000000000e+01,3.600000000000000000e+01
1.680080651342660427e+09,1.607600000000000000e+04,3.360000000000000000e+02,3.360000000000000000e+02,-6.620000000000000000e+02,5.500000000000000000e+01,3.500000000000000000e+01
1.680080651343561172e+09,1.621600000000000000e+04,3.120000000000000000e+02,4.360000000000000000e+02,-6.290000000000000000e+02,6.200000000000000000e+01,3.900000000000000000e+01
1.680080651344546318e+09,1.615200000000000000e+04,2.480000000000000000e+02,3.400000000000000000e+02,-6.340000000000000000e+02,4.600000000000000000e+01,3.400000000000000000e+01
1.680080651345631599e+09,1.618800000000000000e+04,1.920000000000000000e+02,2.920000000000000000e+02,-6.340000000000000000e+02,3.800000000000000000e+01,1.300000000000000000e+01
1.680080651346586943e+09,1.618400000000000000e+04,2.640000000000000000e+02,2.400000000000000000e+02,-6.250000000000000000e+02,6.400000000000000000e+01,1.800000000000000000e+01
1.680080651347621202e+09,1.614400000000000000e+04,2.520000000000000000e+02,4.680000000000000000e+02,-6.610000000000000000e+02,5.600000000000000000e+01,2.600000000000000000e+01
1.680080651348730564e+09,1.612000000000000000e+04,2.920000000000000000e+02,3.400000000000000000e+02,-6.350000000000000000e+02,3.200000000000000000e+01,3.600000000000000000e+01
1.680080651349650145e+09,1.610800000000000000e+04,2.280000000000000000e+02,3.040000000000000000e+02,-6.020000000000000000e+02,4.500000000000000000e+01,4.200000000000000000e+01
1.680080651350641489e+09,1.618000000000000000e+04,2.960000000000000000e+02,2.720000000000000000e+02,-6.230000000000000000e+02,6.200000000000000000e+01,3.800000000000000000e+01
1.680080651351695776e+09,1.613200000000000000e+04,2.600000000000000000e+02,4.560000000000000000e+02,-6.570000000000000000e+02,4.000000000000000000e+01,1.700000000000000000e+01
1.680080651352745295e+09,1.616000000000000000e+04,2.360000000000000000e+02,3.840000000000000000e+02,-6.560000000000000000e+02,3.800000000000000000e+01,2.900000000000000000e+01
1.680080651354087830e+09,1.612800000000000000e+04,3.360000000000000000e+02,3.520000000000000000e+02,-6.490000000000000000e+02,3.400000000000000000e+01,3.500000000000000000e+01
1.680080651356057405e+09,1.615200000000000000e+04,2.280000000000000000e+02,2.840000000000000000e+02,-6.160000000000000000e+02,3.700000000000000000e+01,2.500000000000000000e+01
1.680080651357170582e+09,1.616000000000000000e+04,2.920000000000000000e+02,2.800000000000000000e+02,-6.060000000000000000e+02,6.500000000000000000e+01,4.000000000000000000e+01
1.680080651358711004e+09,1.613200000000000000e+04,2.520000000000000000e+02,4.360000000000000000e+02,-6.680000000000000000e+02,3.000000000000000000e+01,2.300000000000000000e+01
1.680080651360451221e+09,1.611200000000000000e+04,2.640000000000000000e+02,4.120000000000000000e+02,-6.240000000000000000e+02,4.300000000000000000e+01,3.400000000000000000e+01
1.680080651361433744e+09,1.614400000000000000e+04,2.320000000000000000e+02,3.080000000000000000e+02,-6.220000000000000000e+02,7.000000000000000000e+01,3.800000000000000000e+01
1.680080651362960815e+09,1.615600000000000000e+04,2.800000000000000000e+02,2.560000000000000000e+02,-6.480000000000000000e+02,4.000000000000000000e+01,3.700000000000000000e+01
1.680080651364857912e+09,1.617200000000000000e+04,2.600000000000000000e+02,3.920000000000000000e+02,-6.250000000000000000e+02,5.500000000000000000e+01,3.800000000000000000e+01
1.680080651366235495e+09,1.619200000000000000e+04,3.160000000000000000e+02,4.000000000000000000e+02,-6.340000000000000000e+02,4.300000000000000000e+01,3.100000000000000000e+01
1.680080651367574453e+09,1.618000000000000000e+04,2.520000000000000000e+02,4.160000000000000000e+02,-6.230000000000000000e+02,2.700000000000000000e+01,3.200000000000000000e+01
1.680080651369361162e+09,1.616800000000000000e+04,2.480000000000000000e+02,3.280000000000000000e+02,-6.180000000000000000e+02,2.800000000000000000e+01,1.000000000000000000e+00
1.680080651370337725e+09,1.624000000000000000e+04,3.280000000000000000e+02,2.200000000000000000e+02,-6.100000000000000000e+02,4.900000000000000000e+01,1.200000000000000000e+01
1.680080651371719360e+09,1.613600000000000000e+04,3.920000000000000000e+02,3.000000000000000000e+02,-6.540000000000000000e+02,2.600000000000000000e+01,5.000000000000000000e+01
1.680080651373548508e+09,1.614800000000000000e+04,4.080000000000000000e+02,3.080000000000000000e+02,-6.490000000000000000e+02,5.300000000000000000e+01,6.200000000000000000e+01
1.680080651374545574e+09,1.614400000000000000e+04,3.760000000000000000e+02,2.960000000000000000e+02,-6.560000000000000000e+02,3.900000000000000000e+01,5.900000000000000000e+01
1.680080651375892639e+09,1.625200000000000000e+04,3.600000000000000000e+02,4.160000000000000000e+02,-6.030000000000000000e+02,3.500000000000000000e+01,3.300000000000000000e+01
1.680080651377585888e+09,1.613200000000000000e+04,2.760000000000000000e+02,3.040000000000000000e+02,-6.550000000000000000e+02,6.100000000000000000e+01,3.400000000000000000e+01
1.680080651378906727e+09,1.618400000000000000e+04,3.000000000000000000e+02,2.880000000000000000e+02,-6.820000000000000000e+02,1.100000000000000000e+01,3.800000000000000000e+01
1.680080651380271435e+09,1.623600000000000000e+04,2.600000000000000000e+02,3.520000000000000000e+02,-6.010000000000000000e+02,2.600000000000000000e+01,2.000000000000000000e+01
1.680080651381945133e+09,1.621600000000000000e+04,3.120000000000000000e+02,4.600000000000000000e+02,-6.450000000000000000e+02,5.600000000000000000e+01,2.500000000000000000e+01
1.680080651383143902e+09,1.609200000000000000e+04,3.920000000000000000e+02,3.680000000000000000e+02,-6.820000000000000000e+02,3.900000000000000000e+01,2.300000000000000000e+01
1.680080651384061337e+09,1.615200000000000000e+04,3.880000000000000000e+02,3.280000000000000000e+02,-6.450000000000000000e+02,1.900000000000000000e+01,2.500000000000000000e+01
1.680080651386073112e+09,1.617600000000000000e+04,3.080000000000000000e+02,2.640000000000000000e+02,-5.970000000000000000e+02,3.200000000000000000e+01,2.100000000000000000e+01
1.680080651388015985e+09,1.610800000000000000e+04,4.000000000000000000e+02,3.800000000000000000e+02,-6.480000000000000000e+02,6.200000000000000000e+01,4.200000000000000000e+01
1.680080651389473200e+09,1.612800000000000000e+04,3.440000000000000000e+02,3.960000000000000000e+02,-6.570000000000000000e+02,3.400000000000000000e+01,4.500000000000000000e+01
1.680080651391150475e+09,1.610400000000000000e+04,3.280000000000000000e+02,4.080000000000000000e+02,-6.330000000000000000e+02,3.900000000000000000e+01,3.900000000000000000e+01
1.680080651392992020e+09,1.618000000000000000e+04,2.720000000000000000e+02,2.280000000000000000e+02,-6.470000000000000000e+02,4.100000000000000000e+01,2.800000000000000000e+01
1.680080651393974543e+09,1.615600000000000000e+04,2.000000000000000000e+02,2.840000000000000000e+02,-6.190000000000000000e+02,3.600000000000000000e+01,2.900000000000000000e+01
1.680080651394899130e+09,1.615600000000000000e+04,2.200000000000000000e+02,2.720000000000000000e+02,-6.370000000000000000e+02,1.700000000000000000e+01,4.000000000000000000e+01
1.680080651395886183e+09,1.612400000000000000e+04,3.200000000000000000e+02,2.880000000000000000e+02,-6.590000000000000000e+02,1.000000000000000000e+01,4.300000000000000000e+01
1.680080651396895170e+09,1.611600000000000000e+04,2.480000000000000000e+02,2.000000000000000000e+02,-6.320000000000000000e+02,3.300000000000000000e+01,4.600000000000000000e+01
1.680080651397946596e+09,1.613200000000000000e+04,2.560000000000000000e+02,4.520000000000000000e+02,-6.330000000000000000e+02,2.400000000000000000e+01,4.900000000000000000e+01
1.680080651398950815e+09,1.616400000000000000e+04,3.320000000000000000e+02,4.480000000000000000e+02,-6.320000000000000000e+02,2.900000000000000000e+01,3.500000000000000000e+01
1.680080651399943829e+09,1.646400000000000000e+04,3.560000000000000000e+02,2.080000000000000000e+02,-5.780000000000000000e+02,4.200000000000000000e+01,2.000000000000000000e+01
1.680080651401028633e+09,1.630800000000000000e+04,2.000000000000000000e+02,5.240000000000000000e+02,-5.840000000000000000e+02,6.400000000000000000e+01,2.200000000000000000e+01
1.680080651401940823e+09,1.602400000000000000e+04,2.520000000000000000e+02,2.400000000000000000e+02,-6.650000000000000000e+02,6.000000000000000000e+01,2.700000000000000000e+01
1.680080651402907372e+09,1.608400000000000000e+04,2.240000000000000000e+02,3.240000000000000000e+02,-7.000000000000000000e+02,1.300000000000000000e+01,2.800000000000000000e+01
1.680080651404036045e+09,1.603600000000000000e+04,2.320000000000000000e+02,3.920000000000000000e+02,-6.530000000000000000e+02,2.600000000000000000e+01,4.400000000000000000e+01
1.680080651404944181e+09,1.637600000000000000e+04,2.800000000000000000e+02,1.040000000000000000e+02,-6.470000000000000000e+02,3.700000000000000000e+01,3.100000000000000000e+01
1.680080651405925274e+09,1.668800000000000000e+04,3.200000000000000000e+02,2.840000000000000000e+02,-6.290000000000000000e+02,1.800000000000000000e+01,1.800000000000000000e+01
1.680080651407032013e+09,1.641200000000000000e+04,3.200000000000000000e+02,3.000000000000000000e+02,-5.960000000000000000e+02,3.800000000000000000e+01,1.500000000000000000e+01
1.680080651408004761e+09,1.594000000000000000e+04,4.560000000000000000e+02,3.920000000000000000e+02,-6.190000000000000000e+02,8.400000000000000000e+01,2.600000000000000000e+01
1.680080651408981800e+09,1.611200000000000000e+04,3.560000000000000000e+02,4.200000000000000000e+02,-6.620000000000000000e+02,2.300000000000000000e+01,2.000000000000000000e+01
1.680080651410043240e+09,1.593600000000000000e+04,3.160000000000000000e+02,4.400000000000000000e+02,-6.530000000000000000e+02,2.100000000000000000e+01,3.900000000000000000e+01
1.680080651410990953e+09,1.610400000000000000e+04,3.000000000000000000e+02,2.120000000000000000e+02,-6.160000000000000000e+02,5.700000000000000000e+01,5.400000000000000000e+01
1.680080651411985159e+09,1.640400000000000000e+04,3.360000000000000000e+02,3.680000000000000000e+02,-6.330000000000000000e+02,3.900000000000000000e+01,2.600000000000000000e+01
1.680080651412989140e+09,1.634400000000000000e+04,2.960000000000000000e+02,2.680000000000000000e+02,-6.400000000000000000e+02,5.300000000000000000e+01,1.900000000000000000e+01
1.680080651413943291e+09,1.619600000000000000e+04,3.600000000000000000e+02,4.720000000000000000e+02,-6.270000000000000000e+02,4.500000000000000000e+01,3.700000000000000000e+01
1.680080651415065527e+09,1.606000000000000000e+04,3.520000000000000000e+02,4.120000000000000000e+02,-6.620000000000000000e+02,3.300000000000000000e+01,4.600000000000000000e+01
1.680080651416051388e+09,1.616400000000000000e+04,4.400000000000000000e+02,2.320000000000000000e+02,-6.250000000000000000e+02,1.400000000000000000e+01,3.100000000000000000e+01
1.680080651417170286e+09,1.602800000000000000e+04,3.840000000000000000e+02,3.080000000000000000e+02,-6.000000000000000000e+02,1.300000000000000000e+01,2.000000000000000000e+01
1.680080651418075323e+09,1.609200000000000000e+04,3.400000000000000000e+02,3.400000000000000000e+02,-6.150000000000000000e+02,4.200000000000000000e+01,3.300000000000000000e+01
1.680080651419024706e+09,1.611200000000000000e+04,3.320000000000000000e+02,1.320000000000000000e+02,-6.560000000000000000e+02,6.800000000000000000e+01,4.000000000000000000e+01
1.680080651420071363e+09,1.620000000000000000e+04,3.400000000000000000e+02,3.800000000000000000e+02,-6.470000000000000000e+02,7.600000000000000000e+01,3.100000000000000000e+01
1.680080651421000004e+09,1.631600000000000000e+04,2.560000000000000000e+02,4.560000000000000000e+02,-5.940000000000000000e+02,6.300000000000000000e+01,2.300000000000000000e+01
1.680080651421995878e+09,1.617600000000000000e+04,2.920000000000000000e+02,2.200000000000000000e+02,-6.080000000000000000e+02,5.300000000000000000e+01,4.400000000000000000e+01
1.680080651422986269e+09,1.620000000000000000e+04,3.480000000000000000e+02,5.480000000000000000e+02,-6.540000000000000000e+02,3.300000000000000000e+01,3.700000000000000000e+01
1.680080651423948288e+09,1.606400000000000000e+04,3.280000000000000000e+02,3.760000000000000000e+02,-6.710000000000000000e+02,2.800000000000000000e+01,3.300000000000000000e+01
1.680080651424851179e+09,1.615200000000000000e+04,3.000000000000000000e+02,3.840000000000000000e+02,-6.520000000000000000e+02,2.900000000000000000e+01,1.900000000000000000e+01
1.680080651425748825e+09,1.641600000000000000e+04,3.040000000000000000e+02,1.400000000000000000e+02,-6.500000000000000000e+02,6.900000000000000000e+01,1.100000000000000000e+01
1.680080651426805258e+09,1.665200000000000000e+04,3.040000000000000000e+02,2.720000000000000000e+02,-6.480000000000000000e+02,6.200000000000000000e+01,1.900000000000000000e+01
1.680080651427718878e+09,1.617600000000000000e+04,3.080000000000000000e+02,2.800000000000000000e+02,-6.330000000000000000e+02,4.000000000000000000e+01,4.700000000000000000e+01
1.680080651428736210e+09,1.615200000000000000e+04,3.240000000000000000e+02,3.200000000000000000e+02,-6.080000000000000000e+02,3.400000000000000000e+01,3.900000000000000000e+01
1.680080651429658175e+09,1.614800000000000000e+04,2.720000000000000000e+02,3.600000000000000000e+02,-6.200000000000000000e+02,4.500000000000000000e+01,2.700000000000000000e+01
1.680080651430649042e+09,1.603600000000000000e+04,3.360000000000000000e+02,1.840000000000000000e+02,-6.670000000000000000e+02,7.100000000000000000e+01,2.400000000000000000e+01
1.680080651431570292e+09,1.624000000000000000e+04,3.480000000000000000e+02,3.000000000000000000e+02,-6.780000000000000000e+02,5.700000000000000000e+01,2.000000000000000000e+01
1.680080651432498455e+09,1.633600000000000000e+04,3.200000000000000000e+02,1.760000000000000000e+02,-6.370000000000000000e+02,4.900000000000000000e+01,2.200000000000000000e+01
1.680080651433639050e+09,1.620800000000000000e+04,4.000000000000000000e+02,2.880000000000000000e+02,-6.110000000000000000e+02,2.200000000000000000e+01,3.700000000000000000e+01
1.680080651434586287e+09,1.600800000000000000e+04,4.280000000000000000e+02,2.600000000000000000e+02,-6.400000000000000000e+02,4.900000000000000000e+01,4.200000000000000000e+01
1.680080651435531855e+09,1.611200000000000000e+04,3.160000000000000000e+02,3.760000000000000000e+02,-6.300000000000000000e+02,6.000000000000000000e+01,3.300000000000000000e+01
1.680080651436588764e+09,1.610800000000000000e+04,2.280000000000000000e+02,4.080000000000000000e+02,-6.170000000000000000e+02,6.000000000000000000e+01,3.800000000000000000e+01
1.680080651437653542e+09,1.611200000000000000e+04,3.080000000000000000e+02,3.440000000000000000e+02,-6.500000000000000000e+02,5.600000000000000000e+01,4.400000000000000000e+01
1.680080651438758373e+09,1.596000000000000000e+04,3.320000000000000000e+02,4.680000000000000000e+02,-6.310000000000000000e+02,4.200000000000000000e+01,5.600000000000000000e+01
1.680080651440279245e+09,1.645600000000000000e+04,2.640000000000000000e+02,4.280000000000000000e+02,-6.190000000000000000e+02,5.300000000000000000e+01,5.700000000000000000e+01
1.680080651441967964e+09,1.624800000000000000e+04,2.720000000000000000e+02,3.440000000000000000e+02,-6.640000000000000000e+02,3.800000000000000000e+01,2.600000000000000000e+01
1.680080651443144560e+09,1.601600000000000000e+04,3.600000000000000000e+02,5.240000000000000000e+02,-6.050000000000000000e+02,4.800000000000000000e+01,1.200000000000000000e+01
1.680080651444583893e+09,1.620800000000000000e+04,4.280000000000000000e+02,2.560000000000000000e+02,-6.160000000000000000e+02,8.300000000000000000e+01,4.600000000000000000e+01
1.680080651446301460e+09,1.629600000000000000e+04,4.600000000000000000e+02,2.000000000000000000e+02,-6.860000000000000000e+02,3.000000000000000000e+01,4.300000000000000000e+01
1.680080651447561741e+09,1.640000000000000000e+04,3.520000000000000000e+02,2.920000000000000000e+02,-6.380000000000000000e+02,3.100000000000000000e+01,4.100000000000000000e+01
1.680080651448973656e+09,1.615200000000000000e+04,2.400000000000000000e+02,1.760000000000000000e+02,-6.410000000000000000e+02,5.000000000000000000e+01,2.300000000000000000e+01
1.680080651450850248e+09,1.605200000000000000e+04,2.560000000000000000e+02,3.320000000000000000e+02,-6.270000000000000000e+02,5.100000000000000000e+01,2.900000000000000000e+01
1.680080651451832533e+09,1.618800000000000000e+04,3.360000000000000000e+02,3.200000000000000000e+02,-6.540000000000000000e+02,4.400000000000000000e+01,4.800000000000000000e+01
1.680080651453241825e+09,1.629200000000000000e+04,3.120000000000000000e+02,3.360000000000000000e+02,-6.420000000000000000e+02,2.600000000000000000e+01,2.700000000000000000e+01
1.680080651454915524e+09,1.621200000000000000e+04,3.080000000000000000e+02,3.240000000000000000e+02,-6.560000000000000000e+02,5.100000000000000000e+01,3.900000000000000000e+01
1.680080651456022263e+09,1.612400000000000000e+04,2.960000000000000000e+02,2.400000000000000000e+02,-6.420000000000000000e+02,5.200000000000000000e+01,4.700000000000000000e+01
1.680080651457438231e+09,1.600400000000000000e+04,3.440000000000000000e+02,1.920000000000000000e+02,-6.320000000000000000e+02,4.900000000000000000e+01,1.000000000000000000e+01
1.680080651459164619e+09,1.622400000000000000e+04,3.000000000000000000e+02,3.480000000000000000e+02,-6.470000000000000000e+02,2.700000000000000000e+01,3.500000000000000000e+01
1.680080651460324764e+09,1.620400000000000000e+04,4.000000000000000000e+02,1.800000000000000000e+02,-6.220000000000000000e+02,6.700000000000000000e+01,3.700000000000000000e+01
1.680080651461735249e+09,1.619200000000000000e+04,3.480000000000000000e+02,2.040000000000000000e+02,-6.400000000000000000e+02,5.300000000000000000e+01,3.700000000000000000e+01
1.680080651463717937e+09,1.622000000000000000e+04,2.360000000000000000e+02,1.120000000000000000e+02,-6.520000000000000000e+02,5.700000000000000000e+01,4.200000000000000000e+01
1.680080651464712620e+09,1.616400000000000000e+04,2.560000000000000000e+02,3.040000000000000000e+02,-6.480000000000000000e+02,3.800000000000000000e+01,5.400000000000000000e+01
1.680080651466116905e+09,1.615600000000000000e+04,2.360000000000000000e+02,2.840000000000000000e+02,-6.160000000000000000e+02,3.700000000000000000e+01,4.900000000000000000e+01
1.680080651467850685e+09,1.633200000000000000e+04,2.560000000000000000e+02,4.240000000000000000e+02,-6.210000000000000000e+02,-4.000000000000000000e+00,1.400000000000000000e+01
1.680080651468973875e+09,1.614400000000000000e+04,4.200000000000000000e+02,3.120000000000000000e+02,-6.000000000000000000e+02,3.100000000000000000e+01,2.300000000000000000e+01
1.680080651473175526e+09,1.616400000000000000e+04,2.560000000000000000e+02,3.080000000000000000e+02,-6.220000000000000000e+02,3.000000000000000000e+01,3.200000000000000000e+01
1.680080651475504160e+09,1.607200000000000000e+04,3.240000000000000000e+02,3.160000000000000000e+02,-6.640000000000000000e+02,5.700000000000000000e+01,4.300000000000000000e+01
1.680080651478575468e+09,1.614000000000000000e+04,3.760000000000000000e+02,2.400000000000000000e+02,-6.210000000000000000e+02,6.100000000000000000e+01,4.200000000000000000e+01
1.680080651480300426e+09,1.602800000000000000e+04,3.080000000000000000e+02,3.000000000000000000e+02,-6.210000000000000000e+02,5.800000000000000000e+01,3.500000000000000000e+01
1.680080651482076883e+09,1.616000000000000000e+04,3.240000000000000000e+02,3.200000000000000000e+02,-6.380000000000000000e+02,1.000000000000000000e+00,1.600000000000000000e+01
1.680080651483859301e+09,1.621600000000000000e+04,2.880000000000000000e+02,4.720000000000000000e+02,-6.250000000000000000e+02,2.000000000000000000e+01,3.600000000000000000e+01
1.680080651485001564e+09,1.604800000000000000e+04,3.440000000000000000e+02,2.680000000000000000e+02,-6.630000000000000000e+02,5.600000000000000000e+01,4.500000000000000000e+01
1.680080651485990286e+09,1.627600000000000000e+04,2.840000000000000000e+02,1.600000000000000000e+02,-6.700000000000000000e+02,3.400000000000000000e+01,2.500000000000000000e+01
1.680080651486999989e+09,1.630400000000000000e+04,1.880000000000000000e+02,3.520000000000000000e+02,-6.220000000000000000e+02,4.200000000000000000e+01,8.000000000000000000e+00
1.680080651488213301e+09,1.623600000000000000e+04,3.280000000000000000e+02,3.600000000000000000e+02,-6.240000000000000000e+02,7.200000000000000000e+01,1.500000000000000000e+01
1.680080651489138603e+09,1.621600000000000000e+04,3.480000000000000000e+02,3.840000000000000000e+02,-6.460000000000000000e+02,3.600000000000000000e+01,2.300000000000000000e+01
1.680080651490063667e+09,1.621600000000000000e+04,3.480000000000000000e+02,3.840000000000000000e+02,-6.010000000000000000e+02,5.400000000000000000e+01,2.300000000000000000e+01
1.680080651490977049e+09,1.607600000000000000e+04,3.000000000000000000e+02,1.200000000000000000e+02,-5.800000000000000000e+02,5.800000000000000000e+01,4.100000000000000000e+01
1.680080651491879702e+09,1.634000000000000000e+04,4.040000000000000000e+02,2.800000000000000000e+02,-6.070000000000000000e+02,6.000000000000000000e+01,3.700000000000000000e+01
1.680080651492770195e+09,1.600400000000000000e+04,3.680000000000000000e+02,4.040000000000000000e+02,-6.640000000000000000e+02,8.100000000000000000e+01,3.900000000000000000e+01
1.680080651493788004e+09,1.610400000000000000e+04,3.720000000000000000e+02,1.000000000000000000e+02,-6.590000000000000000e+02,7.700000000000000000e+01,4.000000000000000000e+01
1.680080651494692087e+09,1.631200000000000000e+04,3.160000000000000000e+02,2.720000000000000000e+02,-6.220000000000000000e+02,3.900000000000000000e+01,3.300000000000000000e+01
1.680080651495729208e+09,1.620800000000000000e+04,2.840000000000000000e+02,5.200000000000000000e+02,-6.010000000000000000e+02,6.300000000000000000e+01,4.000000000000000000e+01
1.680080651496895552e+09,1.634400000000000000e+04,3.000000000000000000e+02,1.200000000000000000e+02,-6.510000000000000000e+02,2.200000000000000000e+01,2.800000000000000000e+01
1.680080651497810364e+09,1.629600000000000000e+04,3.440000000000000000e+02,5.200000000000000000e+02,-6.320000000000000000e+02,9.000000000000000000e+00,2.800000000000000000e+01
1.680080651498862743e+09,1.618400000000000000e+04,3.560000000000000000e+02,1.600000000000000000e+02,-6.380000000000000000e+02,9.400000000000000000e+01,2.100000000000000000e+01
1.680080651499912262e+09,1.617200000000000000e+04,2.800000000000000000e+02,6.000000000000000000e+01,-6.540000000000000000e+02,3.600000000000000000e+01,2.000000000000000000e+00
1.680080651500882626e+09,1.612800000000000000e+04,2.600000000000000000e+02,4.840000000000000000e+02,-6.240000000000000000e+02,5.400000000000000000e+01,1.300000000000000000e+01
1.680080651502005577e+09,1.606800000000000000e+04,4.240000000000000000e+02,-1.880000000000000000e+02,-6.370000000000000000e+02,5.200000000000000000e+01,3.100000000000000000e+01
1.680080651503004313e+09,1.622800000000000000e+04,2.560000000000000000e+02,6.040000000000000000e+02,-6.500000000000000000e+02,2.600000000000000000e+01,2.000000000000000000e+01
1.680080651504116058e+09,1.643600000000000000e+04,3.560000000000000000e+02,1.720000000000000000e+02,-6.230000000000000000e+02,6.000000000000000000e+01,6.000000000000000000e+00
1.680080651505082369e+09,1.628400000000000000e+04,2.720000000000000000e+02,5.520000000000000000e+02,-6.440000000000000000e+02,5.900000000000000000e+01,2.300000000000000000e+01
1.680080651505991220e+09,1.628400000000000000e+04,2.720000000000000000e+02,5.520000000000000000e+02,-6.560000000000000000e+02,2.800000000000000000e+01,2.600000000000000000e+01
1.680080651507213354e+09,1.616800000000000000e+04,2.840000000000000000e+02,1.200000000000000000e+02,-6.190000000000000000e+02,6.900000000000000000e+01,2.200000000000000000e+01
1.680080651508129358e+09,1.618000000000000000e+04,2.960000000000000000e+02,4.680000000000000000e+02,-6.290000000000000000e+02,3.800000000000000000e+01,1.900000000000000000e+01
1.680080651509011507e+09,1.595600000000000000e+04,4.480000000000000000e+02,3.840000000000000000e+02,-6.380000000000000000e+02,1.000000000000000000e+01,3.700000000000000000e+01
1.680080651510051012e+09,1.523600000000000000e+04,4.360000000000000000e+02,5.600000000000000000e+02,-6.300000000000000000e+02,1.900000000000000000e+01,6.400000000000000000e+01
1.680080651510963440e+09,1.523600000000000000e+04,4.360000000000000000e+02,5.600000000000000000e+02,-6.410000000000000000e+02,3.400000000000000000e+01,9.100000000000000000e+01
1.680080651511950016e+09,1.586400000000000000e+04,3.800000000000000000e+02,4.520000000000000000e+02,-6.350000000000000000e+02,5.700000000000000000e+01,6.700000000000000000e+01
1.680080651513095379e+09,1.794400000000000000e+04,1.160000000000000000e+02,3.880000000000000000e+02,-6.200000000000000000e+02,3.700000000000000000e+01,1.800000000000000000e+01
1.680080651514002323e+09,1.640000000000000000e+04,2.560000000000000000e+02,2.480000000000000000e+02,-6.690000000000000000e+02,8.000000000000000000e+00,-8.000000000000000000e+00
1.680080651514917374e+09,1.640000000000000000e+04,2.560000000000000000e+02,2.480000000000000000e+02,-6.600000000000000000e+02,3.500000000000000000e+01,1.000000000000000000e+00
1.680080651515826464e+09,1.497600000000000000e+04,3.480000000000000000e+02,1.080000000000000000e+02,-6.300000000000000000e+02,7.300000000000000000e+01,5.200000000000000000e+01
1.680080651516884327e+09,1.644400000000000000e+04,5.160000000000000000e+02,5.920000000000000000e+02,-6.500000000000000000e+02,2.100000000000000000e+01,4.200000000000000000e+01
1.680080651517816305e+09,1.532400000000000000e+04,2.280000000000000000e+02,2.960000000000000000e+02,-6.340000000000000000e+02,5.100000000000000000e+01,1.800000000000000000e+01
1.680080651518795013e+09,1.590000000000000000e+04,2.960000000000000000e+02,7.200000000000000000e+01,-6.260000000000000000e+02,3.700000000000000000e+01,2.700000000000000000e+01
1.680080651519756794e+09,1.720000000000000000e+04,3.960000000000000000e+02,4.440000000000000000e+02,-6.390000000000000000e+02,-2.500000000000000000e+01,5.500000000000000000e+01
1.680080651520656347e+09,1.611200000000000000e+04,3.280000000000000000e+02,3.720000000000000000e+02,-6.100000000000000000e+02,8.100000000000000000e+01,5.200000000000000000e+01
1.680080651521801233e+09,1.634000000000000000e+04,2.440000000000000000e+02,5.200000000000000000e+01,-6.090000000000000000e+02,1.700000000000000000e+01,-3.000000000000000000e+00
1.680080651522777796e+09,1.633200000000000000e+04,2.360000000000000000e+02,8.520000000000000000e+02,-6.300000000000000000e+02,3.900000000000000000e+01,-1.000000000000000000e+00
1.680080651523686647e+09,1.564800000000000000e+04,2.200000000000000000e+02,2.560000000000000000e+02,-6.600000000000000000e+02,6.700000000000000000e+01,1.200000000000000000e+01
1.680080651524835348e+09,1.497600000000000000e+04,4.600000000000000000e+02,-5.200000000000000000e+01,-6.610000000000000000e+02,4.000000000000000000e+00,4.100000000000000000e+01
1.680080651525801897e+09,1.657600000000000000e+04,3.840000000000000000e+02,9.600000000000000000e+02,-6.170000000000000000e+02,1.300000000000000000e+01,6.700000000000000000e+01
1.680080651526739120e+09,1.723200000000000000e+04,2.240000000000000000e+02,-1.480000000000000000e+02,-6.160000000000000000e+02,5.700000000000000000e+01,4.500000000000000000e+01
1.680080651527719975e+09,1.618000000000000000e+04,2.960000000000000000e+02,2.520000000000000000e+02,-6.480000000000000000e+02,3.000000000000000000e+01,-3.000000000000000000e+00
1.680080651528778791e+09,1.603600000000000000e+04,1.840000000000000000e+02,5.880000000000000000e+02,-6.680000000000000000e+02,1.800000000000000000e+01,2.000000000000000000e+01
1.680080651529991627e+09,1.586400000000000000e+04,6.400000000000000000e+02,-1.280000000000000000e+02,-6.410000000000000000e+02,4.400000000000000000e+01,7.400000000000000000e+01
1.680080651531372070e+09,1.594400000000000000e+04,2.400000000000000000e+02,3.480000000000000000e+02,-6.360000000000000000e+02,5.700000000000000000e+01,4.800000000000000000e+01
1.680080651533179998e+09,1.672000000000000000e+04,1.520000000000000000e+02,5.440000000000000000e+02,-6.280000000000000000e+02,2.300000000000000000e+01,2.000000000000000000e+01
1.680080651534185410e+09,1.575200000000000000e+04,3.880000000000000000e+02,7.200000000000000000e+01,-6.680000000000000000e+02,5.400000000000000000e+01,5.000000000000000000e+00
1.680080651535571575e+09,1.616800000000000000e+04,3.960000000000000000e+02,2.400000000000000000e+02,-6.310000000000000000e+02,4.600000000000000000e+01,2.000000000000000000e+01
1.680080651537377119e+09,1.591600000000000000e+04,3.720000000000000000e+02,-8.000000000000000000e+01,-6.290000000000000000e+02,4.200000000000000000e+01,2.000000000000000000e+01
1.680080651538427591e+09,1.642800000000000000e+04,4.520000000000000000e+02,3.680000000000000000e+02,-6.270000000000000000e+02,3.300000000000000000e+01,2.800000000000000000e+01
1.680080651539961815e+09,1.627200000000000000e+04,3.320000000000000000e+02,1.000000000000000000e+02,-6.430000000000000000e+02,8.200000000000000000e+01,6.100000000000000000e+01
1.680080651541822433e+09,1.629200000000000000e+04,1.400000000000000000e+02,7.920000000000000000e+02,-6.020000000000000000e+02,-1.200000000000000000e+01,3.400000000000000000e+01
1.680080651542818546e+09,1.612000000000000000e+04,2.480000000000000000e+02,2.360000000000000000e+02,-6.050000000000000000e+02,5.100000000000000000e+01,3.900000000000000000e+01
1.680080651544332266e+09,1.631600000000000000e+04,3.000000000000000000e+02,6.080000000000000000e+02,-6.750000000000000000e+02,2.700000000000000000e+01,4.400000000000000000e+01
1.680080651546801329e+09,1.583200000000000000e+04,3.160000000000000000e+02,2.320000000000000000e+02,-6.170000000000000000e+02,3.700000000000000000e+01,4.700000000000000000e+01
1.680080651548174620e+09,1.627600000000000000e+04,4.480000000000000000e+02,3.760000000000000000e+02,-6.270000000000000000e+02,2.800000000000000000e+01,6.300000000000000000e+01
1.680080651550312281e+09,1.593200000000000000e+04,2.960000000000000000e+02,3.880000000000000000e+02,-6.490000000000000000e+02,5.100000000000000000e+01,3.100000000000000000e+01
1.680080651552103758e+09,1.633600000000000000e+04,2.760000000000000000e+02,2.720000000000000000e+02,-6.260000000000000000e+02,6.900000000000000000e+01,3.700000000000000000e+01
1.680080651553109646e+09,1.611600000000000000e+04,2.800000000000000000e+02,2.400000000000000000e+02,-6.340000000000000000e+02,7.700000000000000000e+01,1.600000000000000000e+01
1.680080651554517269e+09,1.622400000000000000e+04,2.960000000000000000e+02,4.040000000000000000e+02,-6.560000000000000000e+02,3.400000000000000000e+01,1.700000000000000000e+01
1.680080651556613445e+09,1.609200000000000000e+04,1.800000000000000000e+02,1.440000000000000000e+02,-6.720000000000000000e+02,3.600000000000000000e+01,1.200000000000000000e+01
1.680080651557739735e+09,1.636800000000000000e+04,2.280000000000000000e+02,4.320000000000000000e+02,-6.290000000000000000e+02,2.900000000000000000e+01,2.200000000000000000e+01
1.680080651559109211e+09,1.594000000000000000e+04,3.920000000000000000e+02,3.720000000000000000e+02,-6.240000000000000000e+02,3.500000000000000000e+01,4.000000000000000000e+01
1.680080651560904026e+09,1.659600000000000000e+04,2.760000000000000000e+02,2.480000000000000000e+02,-6.490000000000000000e+02,3.400000000000000000e+01,3.600000000000000000e+01
1.680080651561832428e+09,1.635600000000000000e+04,1.960000000000000000e+02,2.400000000000000000e+02,-6.300000000000000000e+02,4.800000000000000000e+01,3.300000000000000000e+01
1.680080651562918663e+09,1.601200000000000000e+04,2.040000000000000000e+02,3.360000000000000000e+02,-6.460000000000000000e+02,5.300000000000000000e+01,3.100000000000000000e+01
1.680080651564836264e+09,1.593600000000000000e+04,2.640000000000000000e+02,4.240000000000000000e+02,-6.210000000000000000e+02,6.600000000000000000e+01,5.100000000000000000e+01
1.680080651567357779e+09,1.618800000000000000e+04,2.560000000000000000e+02,5.120000000000000000e+02,-6.340000000000000000e+02,2.300000000000000000e+01,2.700000000000000000e+01
1.680080651568800449e+09,1.626400000000000000e+04,2.760000000000000000e+02,3.440000000000000000e+02,-6.360000000000000000e+02,4.000000000000000000e+01,7.600000000000000000e+01
1.680080651570990801e+09,1.629600000000000000e+04,3.600000000000000000e+02,5.000000000000000000e+02,-6.430000000000000000e+02,2.000000000000000000e+01,6.400000000000000000e+01
1.680080651572967768e+09,1.609200000000000000e+04,3.640000000000000000e+02,4.760000000000000000e+02,-5.990000000000000000e+02,5.600000000000000000e+01,3.100000000000000000e+01
1.680080651574224472e+09,1.628400000000000000e+04,3.760000000000000000e+02,3.240000000000000000e+02,-6.510000000000000000e+02,3.900000000000000000e+01,6.200000000000000000e+01
1.680080651575244188e+09,1.609200000000000000e+04,3.200000000000000000e+02,3.520000000000000000e+02,-6.050000000000000000e+02,2.900000000000000000e+01,7.600000000000000000e+01
1.680080651576230288e+09,1.605600000000000000e+04,2.840000000000000000e+02,3.040000000000000000e+02,-6.110000000000000000e+02,2.500000000000000000e+01,5.400000000000000000e+01
1.680080651577536106e+09,1.622000000000000000e+04,2.120000000000000000e+02,3.800000000000000000e+02,-6.380000000000000000e+02,3.000000000000000000e+01,-2.000000000000000000e+00
1.680080651578454256e+09,1.607200000000000000e+04,3.480000000000000000e+02,2.200000000000000000e+02,-6.190000000000000000e+02,4.100000000000000000e+01,-1.700000000000000000e+01
1.680080651579499483e+09,1.622800000000000000e+04,2.520000000000000000e+02,4.480000000000000000e+02,-6.330000000000000000e+02,6.000000000000000000e+01,-1.000000000000000000e+01
1.680080651580517530e+09,1.618800000000000000e+04,3.280000000000000000e+02,3.280000000000000000e+02,-6.480000000000000000e+02,4.200000000000000000e+01,1.200000000000000000e+01
1.680080651581435442e+09,1.632800000000000000e+04,2.160000000000000000e+02,3.600000000000000000e+02,-6.230000000000000000e+02,4.500000000000000000e+01,3.000000000000000000e+01
1.680080651582360268e+09,1.620400000000000000e+04,2.840000000000000000e+02,4.600000000000000000e+02,-6.270000000000000000e+02,6.800000000000000000e+01,4.900000000000000000e+01
1.680080651583491802e+09,1.634400000000000000e+04,3.640000000000000000e+02,4.280000000000000000e+02,-6.610000000000000000e+02,4.800000000000000000e+01,4.700000000000000000e+01
1.680080651584409237e+09,1.625600000000000000e+04,3.800000000000000000e+02,4.240000000000000000e+02,-6.880000000000000000e+02,2.000000000000000000e+01,4.000000000000000000e+01
1.680080651585451126e+09,1.603600000000000000e+04,2.040000000000000000e+02,3.000000000000000000e+02,-6.490000000000000000e+02,9.000000000000000000e+00,3.400000000000000000e+01
1.680080651586392403e+09,1.608000000000000000e+04,3.480000000000000000e+02,2.520000000000000000e+02,-5.960000000000000000e+02,3.800000000000000000e+01,2.100000000000000000e+01
1.680080651587315559e+09,1.618000000000000000e+04,3.600000000000000000e+02,1.680000000000000000e+02,-6.170000000000000000e+02,6.200000000000000000e+01,3.000000000000000000e+01
1.680080651588399649e+09,1.604400000000000000e+04,3.240000000000000000e+02,2.280000000000000000e+02,-6.530000000000000000e+02,5.300000000000000000e+01,3.100000000000000000e+01
1.680080651589316607e+09,1.626800000000000000e+04,2.920000000000000000e+02,3.960000000000000000e+02,-6.440000000000000000e+02,5.300000000000000000e+01,4.500000000000000000e+01
1.680080651590257883e+09,1.614800000000000000e+04,4.000000000000000000e+02,2.640000000000000000e+02,-6.280000000000000000e+02,5.800000000000000000e+01,4.700000000000000000e+01
1.680080651591339350e+09,1.603600000000000000e+04,3.760000000000000000e+02,3.680000000000000000e+02,-6.290000000000000000e+02,4.400000000000000000e+01,4.300000000000000000e+01
1.680080651592367887e+09,1.601600000000000000e+04,3.200000000000000000e+02,1.920000000000000000e+02,-6.250000000000000000e+02,4.000000000000000000e+01,6.200000000000000000e+01
1.680080651593308926e+09,1.619600000000000000e+04,3.480000000000000000e+02,3.560000000000000000e+02,-6.430000000000000000e+02,5.200000000000000000e+01,4.200000000000000000e+01
1.680080651594411612e+09,1.604400000000000000e+04,2.760000000000000000e+02,1.400000000000000000e+02,-6.700000000000000000e+02,3.800000000000000000e+01,1.800000000000000000e+01
1.680080651595326900e+09,1.623600000000000000e+04,2.360000000000000000e+02,2.640000000000000000e+02,-6.220000000000000000e+02,2.300000000000000000e+01,1.200000000000000000e+01
1.680080651596229315e+09,1.642000000000000000e+04,3.480000000000000000e+02,4.480000000000000000e+02,-6.110000000000000000e+02,3.500000000000000000e+01,2.000000000000000000e+01
1.680080651597545385e+09,1.630400000000000000e+04,4.160000000000000000e+02,3.200000000000000000e+02,-6.580000000000000000e+02,5.500000000000000000e+01,4.000000000000000000e+01
1.680080651598473310e+09,1.619600000000000000e+04,3.080000000000000000e+02,2.800000000000000000e+02,-6.730000000000000000e+02,3.800000000000000000e+01,4.000000000000000000e+01
1.680080651599514008e+09,1.636400000000000000e+04,3.520000000000000000e+02,2.080000000000000000e+02,-6.440000000000000000e+02,3.400000000000000000e+01,4.200000000000000000e+01
1.680080651600539207e+09,1.631200000000000000e+04,3.800000000000000000e+02,2.800000000000000000e+02,-6.310000000000000000e+02,3.100000000000000000e+01,4.800000000000000000e+01
1.680080651601536512e+09,1.624800000000000000e+04,3.120000000000000000e+02,3.920000000000000000e+02,-6.390000000000000000e+02,2.700000000000000000e+01,3.800000000000000000e+01
1.680080651602528572e+09,1.621200000000000000e+04,2.320000000000000000e+02,3.120000000000000000e+02,-6.380000000000000000e+02,4.800000000000000000e+01,4.000000000000000000e+01
1.680080651603471756e+09,1.631200000000000000e+04,3.320000000000000000e+02,2.960000000000000000e+02,-6.370000000000000000e+02,5.100000000000000000e+01,3.900000000000000000e+01
1.680080651604470730e+09,1.612000000000000000e+04,2.600000000000000000e+02,3.800000000000000000e+02,-6.530000000000000000e+02,4.200000000000000000e+01,3.600000000000000000e+01
1.680080651605508089e+09,1.618400000000000000e+04,3.280000000000000000e+02,3.760000000000000000e+02,-6.250000000000000000e+02,1.800000000000000000e+01,3.600000000000000000e+01
1.680080651606488228e+09,1.624800000000000000e+04,3.800000000000000000e+02,3.560000000000000000e+02,-6.130000000000000000e+02,3.200000000000000000e+01,5.100000000000000000e+01
1.680080651607400894e+09,1.616000000000000000e+04,4.240000000000000000e+02,3.080000000000000000e+02,-6.310000000000000000e+02,5.700000000000000000e+01,5.300000000000000000e+01
1.680080651608373165e+09,1.624000000000000000e+04,3.720000000000000000e+02,4.200000000000000000e+02,-6.670000000000000000e+02,5.400000000000000000e+01,5.800000000000000000e+01
1.680080651609370708e+09,1.621600000000000000e+04,3.000000000000000000e+02,3.000000000000000000e+02,-6.690000000000000000e+02,4.600000000000000000e+01,5.600000000000000000e+01
1.680080651610325813e+09,1.602400000000000000e+04,2.800000000000000000e+02,2.040000000000000000e+02,-6.400000000000000000e+02,3.100000000000000000e+01,3.800000000000000000e+01
1.680080651611344576e+09,1.610000000000000000e+04,2.640000000000000000e+02,2.200000000000000000e+02,-6.390000000000000000e+02,3.600000000000000000e+01,2.200000000000000000e+01
1.680080651612330198e+09,1.620400000000000000e+04,2.520000000000000000e+02,3.240000000000000000e+02,-6.270000000000000000e+02,5.400000000000000000e+01,3.400000000000000000e+01
1.680080651613261938e+09,1.614000000000000000e+04,3.080000000000000000e+02,4.080000000000000000e+02,-6.350000000000000000e+02,6.300000000000000000e+01,4.400000000000000000e+01
1.680080651614156961e+09,1.611200000000000000e+04,2.880000000000000000e+02,3.160000000000000000e+02,-6.470000000000000000e+02,3.700000000000000000e+01,2.800000000000000000e+01
1.680080651615208864e+09,1.628400000000000000e+04,3.600000000000000000e+02,3.840000000000000000e+02,-6.280000000000000000e+02,2.200000000000000000e+01,1.900000000000000000e+01
1.680080651616131783e+09,1.612800000000000000e+04,3.040000000000000000e+02,4.000000000000000000e+02,-6.370000000000000000e+02,4.700000000000000000e+01,1.400000000000000000e+01
1.680080651617240906e+09,1.605200000000000000e+04,1.880000000000000000e+02,1.520000000000000000e+02,-6.490000000000000000e+02,6.000000000000000000e+01,3.100000000000000000e+01
1.680080651618216991e+09,1.619200000000000000e+04,2.480000000000000000e+02,4.480000000000000000e+02,-6.250000000000000000e+02,5.900000000000000000e+01,3.700000000000000000e+01
1.680080651619348288e+09,1.612800000000000000e+04,2.960000000000000000e+02,3.320000000000000000e+02,-6.220000000000000000e+02,5.400000000000000000e+01,4.100000000000000000e+01
1.680080651620869637e+09,1.629600000000000000e+04,2.800000000000000000e+02,2.760000000000000000e+02,-6.140000000000000000e+02,1.600000000000000000e+01,5.200000000000000000e+01
1.680080651622581482e+09,1.614800000000000000e+04,3.560000000000000000e+02,2.040000000000000000e+02,-6.310000000000000000e+02,4.100000000000000000e+01,3.600000000000000000e+01
1.680080651623737335e+09,1.617200000000000000e+04,2.840000000000000000e+02,3.120000000000000000e+02,-6.600000000000000000e+02,4.800000000000000000e+01,3.200000000000000000e+01
1.680080651625279903e+09,1.622000000000000000e+04,2.960000000000000000e+02,2.720000000000000000e+02,-6.370000000000000000e+02,1.000000000000000000e+01,2.600000000000000000e+01
1.680080651627037764e+09,1.629600000000000000e+04,2.640000000000000000e+02,3.360000000000000000e+02,-6.340000000000000000e+02,4.600000000000000000e+01,2.100000000000000000e+01
1.680080651628339052e+09,1.613200000000000000e+04,2.600000000000000000e+02,3.960000000000000000e+02,-6.400000000000000000e+02,2.100000000000000000e+01,2.500000000000000000e+01
1.680080651630146265e+09,1.625200000000000000e+04,3.160000000000000000e+02,2.600000000000000000e+02,-6.030000000000000000e+02,5.600000000000000000e+01,5.000000000000000000e+01
1.680080651631985188e+09,1.614400000000000000e+04,3.160000000000000000e+02,2.160000000000000000e+02,-6.670000000000000000e+02,1.600000000000000000e+01,4.900000000000000000e+01
1.680080651633004427e+09,1.622800000000000000e+04,2.160000000000000000e+02,3.320000000000000000e+02,-6.130000000000000000e+02,1.500000000000000000e+01,4.200000000000000000e+01
1.680080651634616375e+09,1.626400000000000000e+04,2.160000000000000000e+02,3.200000000000000000e+02,-6.030000000000000000e+02,4.000000000000000000e+01,1.400000000000000000e+01
1.680080651636557579e+09,1.619600000000000000e+04,3.040000000000000000e+02,5.040000000000000000e+02,-6.590000000000000000e+02,1.100000000000000000e+01,7.000000000000000000e+00
1.680080651637713671e+09,1.627600000000000000e+04,2.400000000000000000e+02,3.720000000000000000e+02,-5.990000000000000000e+02,3.000000000000000000e+01,3.200000000000000000e+01
1.680080651639251232e+09,1.622400000000000000e+04,1.280000000000000000e+02,3.440000000000000000e+02,-6.160000000000000000e+02,6.000000000000000000e+01,2.900000000000000000e+01
1.680080651640948534e+09,1.615600000000000000e+04,2.720000000000000000e+02,2.880000000000000000e+02,-6.580000000000000000e+02,2.700000000000000000e+01,2.000000000000000000e+01
1.680080651642049551e+09,1.624800000000000000e+04,2.040000000000000000e+02,2.840000000000000000e+02,-6.160000000000000000e+02,3.200000000000000000e+01,-2.000000000000000000e+00
1.680080651643466473e+09,1.631600000000000000e+04,2.920000000000000000e+02,3.480000000000000000e+02,-6.080000000000000000e+02,3.900000000000000000e+01,1.200000000000000000e+01
1.680080651645186186e+09,1.618800000000000000e+04,2.920000000000000000e+02,2.800000000000000000e+02,-6.240000000000000000e+02,6.100000000000000000e+01,4.700000000000000000e+01
1.680080651646294355e+09,1.630400000000000000e+04,2.880000000000000000e+02,2.600000000000000000e+02,-6.290000000000000000e+02,3.600000000000000000e+01,4.600000000000000000e+01
1.680080651647974253e+09,1.612000000000000000e+04,1.680000000000000000e+02,2.600000000000000000e+02,-6.320000000000000000e+02,3.100000000000000000e+01,5.400000000000000000e+01
1.680080651649710655e+09,1.621600000000000000e+04,2.920000000000000000e+02,3.720000000000000000e+02,-6.380000000000000000e+02,6.000000000000000000e+01,1.700000000000000000e+01
1.680080651650940657e+09,1.608800000000000000e+04,2.720000000000000000e+02,4.720000000000000000e+02,-6.240000000000000000e+02,6.800000000000000000e+01,6.000000000000000000e+00
1.680080651651913643e+09,1.605200000000000000e+04,1.960000000000000000e+02,4.600000000000000000e+02,-6.000000000000000000e+02,5.200000000000000000e+01,2.300000000000000000e+01
1.680080651653860331e+09,1.618800000000000000e+04,2.080000000000000000e+02,4.080000000000000000e+02,-6.310000000000000000e+02,2.600000000000000000e+01,3.600000000000000000e+01
1.680080651655749083e+09,1.620400000000000000e+04,2.720000000000000000e+02,2.760000000000000000e+02,-6.240000000000000000e+02,7.600000000000000000e+01,3.900000000000000000e+01
1.680080651657251596e+09,1.624800000000000000e+04,2.800000000000000000e+02,4.200000000000000000e+02,-6.620000000000000000e+02,6.500000000000000000e+01,3.200000000000000000e+01
1.680080651659280300e+09,1.610000000000000000e+04,3.960000000000000000e+02,1.640000000000000000e+02,-6.280000000000000000e+02,4.500000000000000000e+01,4.400000000000000000e+01
1.680080651661038637e+09,1.595200000000000000e+04,3.120000000000000000e+02,2.240000000000000000e+02,-6.550000000000000000e+02,1.000000000000000000e+01,1.600000000000000000e+01
1.680080651662064314e+09,1.610000000000000000e+04,3.000000000000000000e+02,3.280000000000000000e+02,-6.160000000000000000e+02,3.500000000000000000e+01,2.000000000000000000e+01
1.680080651663362980e+09,1.618400000000000000e+04,3.120000000000000000e+02,2.720000000000000000e+02,-6.130000000000000000e+02,6.600000000000000000e+01,1.300000000000000000e+01
1.680080651664385080e+09,1.627200000000000000e+04,2.280000000000000000e+02,4.840000000000000000e+02,-6.820000000000000000e+02,2.100000000000000000e+01,7.000000000000000000e+00
1.680080651665333748e+09,1.627200000000000000e+04,2.280000000000000000e+02,4.840000000000000000e+02,-6.530000000000000000e+02,-8.000000000000000000e+00,1.700000000000000000e+01
1.680080651666500330e+09,1.592400000000000000e+04,2.840000000000000000e+02,2.680000000000000000e+02,-5.890000000000000000e+02,9.000000000000000000e+00,5.100000000000000000e+01
1.680080651667512178e+09,1.629600000000000000e+04,2.320000000000000000e+02,3.680000000000000000e+02,-6.150000000000000000e+02,6.800000000000000000e+01,5.500000000000000000e+01
1.680080651668559074e+09,1.627200000000000000e+04,2.960000000000000000e+02,5.440000000000000000e+02,-6.710000000000000000e+02,6.500000000000000000e+01,4.900000000000000000e+01
1.680080651669478178e+09,1.625200000000000000e+04,2.320000000000000000e+02,3.960000000000000000e+02,-6.680000000000000000e+02,4.400000000000000000e+01,3.500000000000000000e+01
1.680080651670467854e+09,1.612000000000000000e+04,2.600000000000000000e+02,4.280000000000000000e+02,-6.400000000000000000e+02,4.100000000000000000e+01,4.100000000000000000e+01
1.680080651671529055e+09,1.614800000000000000e+04,3.000000000000000000e+02,3.040000000000000000e+02,-6.410000000000000000e+02,1.400000000000000000e+01,4.600000000000000000e+01
1.680080651672451735e+09,1.608800000000000000e+04,3.600000000000000000e+02,4.000000000000000000e+01,-6.220000000000000000e+02,4.400000000000000000e+01,3.500000000000000000e+01
1.680080651673490763e+09,1.628800000000000000e+04,3.000000000000000000e+02,5.080000000000000000e+02,-6.200000000000000000e+02,4.800000000000000000e+01,3.400000000000000000e+01
1.680080651674572945e+09,1.612000000000000000e+04,3.160000000000000000e+02,2.360000000000000000e+02,-6.550000000000000000e+02,6.000000000000000000e+01,2.300000000000000000e+01
1.680080651675533772e+09,1.631600000000000000e+04,3.160000000000000000e+02,5.000000000000000000e+02,-6.290000000000000000e+02,4.000000000000000000e+01,3.100000000000000000e+01
1.680080651676568031e+09,1.609200000000000000e+04,2.680000000000000000e+02,3.280000000000000000e+02,-6.170000000000000000e+02,3.400000000000000000e+01,1.700000000000000000e+01
1.680080651677587509e+09,1.607200000000000000e+04,3.440000000000000000e+02,2.200000000000000000e+02,-6.530000000000000000e+02,5.000000000000000000e+01,2.700000000000000000e+01
1.680080651678561211e+09,1.614400000000000000e+04,3.040000000000000000e+02,5.520000000000000000e+02,-6.550000000000000000e+02,4.700000000000000000e+01,4.400000000000000000e+01
1.680080651679835558e+09,1.622000000000000000e+04,3.080000000000000000e+02,2.400000000000000000e+02,-6.350000000000000000e+02,8.400000000000000000e+01,5.300000000000000000e+01
1.680080651680747509e+09,1.640400000000000000e+04,3.400000000000000000e+02,4.000000000000000000e+02,-6.450000000000000000e+02,5.600000000000000000e+01,5.800000000000000000e+01
1.680080651681933165e+09,1.603600000000000000e+04,2.520000000000000000e+02,2.760000000000000000e+02,-6.370000000000000000e+02,5.900000000000000000e+01,3.600000000000000000e+01
1.680080651682923079e+09,1.609200000000000000e+04,3.120000000000000000e+02,1.440000000000000000e+02,-6.410000000000000000e+02,5.300000000000000000e+01,1.900000000000000000e+01
1.680080651684034824e+09,1.611600000000000000e+04,2.840000000000000000e+02,3.400000000000000000e+02,-6.370000000000000000e+02,5.900000000000000000e+01,3.100000000000000000e+01
1.680080651685023785e+09,1.628400000000000000e+04,3.240000000000000000e+02,2.840000000000000000e+02,-6.240000000000000000e+02,4.700000000000000000e+01,2.700000000000000000e+01
1.680080651686129332e+09,1.613200000000000000e+04,3.080000000000000000e+02,2.720000000000000000e+02,-6.350000000000000000e+02,7.400000000000000000e+01,3.700000000000000000e+01
1.680080651687075615e+09,1.608000000000000000e+04,2.280000000000000000e+02,3.480000000000000000e+02,-6.590000000000000000e+02,1.700000000000000000e+01,2.900000000000000000e+01
1.680080651688009024e+09,1.621600000000000000e+04,2.920000000000000000e+02,5.080000000000000000e+02,-6.350000000000000000e+02,3.400000000000000000e+01,3.400000000000000000e+01
1.680080651689239502e+09,1.613200000000000000e+04,3.280000000000000000e+02,6.400000000000000000e+01,-6.200000000000000000e+02,1.200000000000000000e+01,3.900000000000000000e+01
1.680080651690115690e+09,1.620000000000000000e+04,3.800000000000000000e+02,4.960000000000000000e+02,-6.340000000000000000e+02,5.900000000000000000e+01,3.300000000000000000e+01
1.680080651691083431e+09,1.623200000000000000e+04,3.680000000000000000e+02,1.680000000000000000e+02,-6.700000000000000000e+02,6.000000000000000000e+01,2.000000000000000000e+01
1.680080651691978931e+09,1.617600000000000000e+04,2.560000000000000000e+02,4.000000000000000000e+02,-6.600000000000000000e+02,3.700000000000000000e+01,1.800000000000000000e+01
1.680080651693242788e+09,1.638400000000000000e+04,3.120000000000000000e+02,2.920000000000000000e+02,-6.420000000000000000e+02,5.700000000000000000e+01,2.500000000000000000e+01
1.680080651694180250e+09,1.638400000000000000e+04,3.120000000000000000e+02,2.920000000000000000e+02,-6.640000000000000000e+02,3.000000000000000000e+01,1.500000000000000000e+01
1.680080651695089817e+09,1.615600000000000000e+04,2.800000000000000000e+02,5.640000000000000000e+02,-6.530000000000000000e+02,4.500000000000000000e+01,2.700000000000000000e+01
1.680080651696090221e+09,1.582800000000000000e+04,2.120000000000000000e+02,2.000000000000000000e+02,-6.430000000000000000e+02,2.400000000000000000e+01,2.000000000000000000e+01
1.680080651697231293e+09,1.602400000000000000e+04,2.440000000000000000e+02,6.080000000000000000e+02,-6.350000000000000000e+02,6.400000000000000000e+01,2.300000000000000000e+01
1.680080651698299408e+09,1.630400000000000000e+04,3.240000000000000000e+02,3.720000000000000000e+02,-6.310000000000000000e+02,5.400000000000000000e+01,1.700000000000000000e+01
1.680080651699239492e+09,1.616400000000000000e+04,3.440000000000000000e+02,3.320000000000000000e+02,-6.320000000000000000e+02,3.200000000000000000e+01,3.200000000000000000e+01
1.680080651700146675e+09,1.616400000000000000e+04,3.440000000000000000e+02,3.320000000000000000e+02,-6.540000000000000000e+02,4.500000000000000000e+01,3.600000000000000000e+01
1.680080651701179504e+09,1.623600000000000000e+04,3.920000000000000000e+02,1.840000000000000000e+02,-6.370000000000000000e+02,4.800000000000000000e+01,3.500000000000000000e+01
1.680080651702179909e+09,1.646800000000000000e+04,3.560000000000000000e+02,2.160000000000000000e+02,-6.090000000000000000e+02,6.000000000000000000e+01,4.200000000000000000e+01
1.680080651703089476e+09,1.623200000000000000e+04,2.280000000000000000e+02,3.480000000000000000e+02,-6.380000000000000000e+02,2.600000000000000000e+01,3.700000000000000000e+01
1.680080651704121828e+09,1.612000000000000000e+04,3.440000000000000000e+02,4.040000000000000000e+02,-6.310000000000000000e+02,4.700000000000000000e+01,5.700000000000000000e+01
1.680080651705033064e+09,1.622000000000000000e+04,3.200000000000000000e+02,3.600000000000000000e+02,-6.150000000000000000e+02,4.500000000000000000e+01,7.000000000000000000e+01
1.680080651706138134e+09,1.632800000000000000e+04,3.120000000000000000e+02,5.480000000000000000e+02,-6.330000000000000000e+02,6.400000000000000000e+01,5.700000000000000000e+01
1.680080651707165718e+09,1.623200000000000000e+04,2.440000000000000000e+02,3.720000000000000000e+02,-6.360000000000000000e+02,6.000000000000000000e+01,2.200000000000000000e+01
1.680080651708214045e+09,1.609600000000000000e+04,3.520000000000000000e+02,2.440000000000000000e+02,-6.280000000000000000e+02,5.600000000000000000e+01,2.200000000000000000e+01
1.680080651709725380e+09,1.609600000000000000e+04,4.240000000000000000e+02,3.640000000000000000e+02,-6.470000000000000000e+02,2.000000000000000000e+01,5.400000000000000000e+01
1.680080651711807728e+09,1.643600000000000000e+04,2.520000000000000000e+02,2.600000000000000000e+02,-6.220000000000000000e+02,6.100000000000000000e+01,5.100000000000000000e+01
1.680080651712852478e+09,1.642000000000000000e+04,2.640000000000000000e+02,2.320000000000000000e+02,-6.640000000000000000e+02,4.700000000000000000e+01,3.700000000000000000e+01
1.680080651714324236e+09,1.616400000000000000e+04,4.360000000000000000e+02,3.040000000000000000e+02,-6.180000000000000000e+02,5.500000000000000000e+01,2.300000000000000000e+01
1.680080651716143847e+09,1.612800000000000000e+04,3.480000000000000000e+02,3.360000000000000000e+02,-6.360000000000000000e+02,6.000000000000000000e+01,3.400000000000000000e+01
1.680080651717310667e+09,1.616400000000000000e+04,2.960000000000000000e+02,1.840000000000000000e+02,-6.360000000000000000e+02,5.300000000000000000e+01,5.500000000000000000e+01
1.680080651718703032e+09,1.623200000000000000e+04,4.000000000000000000e+02,3.360000000000000000e+02,-6.250000000000000000e+02,7.000000000000000000e+00,3.300000000000000000e+01
1.680080651720592499e+09,1.625200000000000000e+04,3.160000000000000000e+02,2.720000000000000000e+02,-6.220000000000000000e+02,4.100000000000000000e+01,2.100000000000000000e+01
1.680080651721578836e+09,1.604800000000000000e+04,3.560000000000000000e+02,3.720000000000000000e+02,-6.550000000000000000e+02,2.500000000000000000e+01,1.700000000000000000e+01
1.680080651723005295e+09,1.580400000000000000e+04,4.040000000000000000e+02,2.360000000000000000e+02,-6.200000000000000000e+02,3.700000000000000000e+01,5.100000000000000000e+01
1.680080651724855185e+09,1.654400000000000000e+04,3.400000000000000000e+02,2.600000000000000000e+02,-6.150000000000000000e+02,6.700000000000000000e+01,4.900000000000000000e+01
1.680080651725886106e+09,1.650800000000000000e+04,2.520000000000000000e+02,3.560000000000000000e+02,-6.580000000000000000e+02,4.500000000000000000e+01,1.700000000000000000e+01
1.680080651727347136e+09,1.604000000000000000e+04,3.520000000000000000e+02,4.440000000000000000e+02,-6.450000000000000000e+02,3.100000000000000000e+01,2.900000000000000000e+01
1.680080651729167223e+09,1.604000000000000000e+04,3.160000000000000000e+02,3.400000000000000000e+02,-6.300000000000000000e+02,2.800000000000000000e+01,3.600000000000000000e+01
1.680080651730233431e+09,1.630800000000000000e+04,2.360000000000000000e+02,2.760000000000000000e+02,-6.460000000000000000e+02,1.400000000000000000e+01,3.800000000000000000e+01
1.680080651731628656e+09,1.621600000000000000e+04,3.000000000000000000e+02,2.600000000000000000e+02,-6.540000000000000000e+02,3.400000000000000000e+01,3.800000000000000000e+01
1.680080651733502150e+09,1.606400000000000000e+04,3.080000000000000000e+02,2.200000000000000000e+02,-6.170000000000000000e+02,6.600000000000000000e+01,2.000000000000000000e+01
1.680080651734487057e+09,1.628000000000000000e+04,2.840000000000000000e+02,2.640000000000000000e+02,-6.120000000000000000e+02,8.000000000000000000e+01,2.300000000000000000e+01
1.680080651736501217e+09,1.605600000000000000e+04,3.040000000000000000e+02,2.880000000000000000e+02,-6.390000000000000000e+02,2.600000000000000000e+01,4.300000000000000000e+01
1.680080651738305807e+09,1.628400000000000000e+04,3.320000000000000000e+02,2.760000000000000000e+02,-6.530000000000000000e+02,4.000000000000000000e+00,4.200000000000000000e+01
1.680080651739218712e+09,1.628400000000000000e+04,3.360000000000000000e+02,3.440000000000000000e+02,-6.310000000000000000e+02,1.900000000000000000e+01,4.000000000000000000e+01
1.680080651740226030e+09,1.629600000000000000e+04,2.520000000000000000e+02,2.720000000000000000e+02,-6.380000000000000000e+02,5.200000000000000000e+01,4.100000000000000000e+01
1.680080651742144108e+09,1.600400000000000000e+04,2.680000000000000000e+02,3.920000000000000000e+02,-6.530000000000000000e+02,3.600000000000000000e+01,3.100000000000000000e+01
1.680080651744061232e+09,1.619600000000000000e+04,3.200000000000000000e+02,2.840000000000000000e+02,-6.190000000000000000e+02,4.500000000000000000e+01,2.500000000000000000e+01
1.680080651745612860e+09,1.619600000000000000e+04,3.680000000000000000e+02,2.200000000000000000e+02,-6.170000000000000000e+02,4.700000000000000000e+01,4.100000000000000000e+01
1.680080651747496128e+09,1.597600000000000000e+04,3.120000000000000000e+02,4.000000000000000000e+02,-6.380000000000000000e+02,4.600000000000000000e+01,5.700000000000000000e+01
1.680080651749618530e+09,1.627200000000000000e+04,3.160000000000000000e+02,2.120000000000000000e+02,-6.210000000000000000e+02,5.100000000000000000e+01,2.100000000000000000e+01
1.680080651750549555e+09,1.647200000000000000e+04,3.240000000000000000e+02,1.520000000000000000e+02,-6.280000000000000000e+02,4.600000000000000000e+01,1.000000000000000000e+01
1.680080651751494884e+09,1.618800000000000000e+04,3.320000000000000000e+02,2.480000000000000000e+02,-6.290000000000000000e+02,4.300000000000000000e+01,2.500000000000000000e+01
1.680080651752582550e+09,1.607600000000000000e+04,3.320000000000000000e+02,3.320000000000000000e+02,-6.140000000000000000e+02,3.000000000000000000e+01,4.800000000000000000e+01
1.680080651753605843e+09,1.618000000000000000e+04,3.080000000000000000e+02,2.280000000000000000e+02,-6.320000000000000000e+02,2.600000000000000000e+01,4.400000000000000000e+01
1.680080651754553795e+09,1.626800000000000000e+04,3.600000000000000000e+02,2.320000000000000000e+02,-6.320000000000000000e+02,3.200000000000000000e+01,1.900000000000000000e+01
1.680080651755663157e+09,1.631200000000000000e+04,3.960000000000000000e+02,4.000000000000000000e+02,-6.090000000000000000e+02,5.100000000000000000e+01,3.200000000000000000e+01
1.680080651756822824e+09,1.617200000000000000e+04,4.480000000000000000e+02,2.440000000000000000e+02,-6.190000000000000000e+02,3.800000000000000000e+01,2.700000000000000000e+01
1.680080651757768631e+09,1.607600000000000000e+04,3.080000000000000000e+02,4.640000000000000000e+02,-6.340000000000000000e+02,2.400000000000000000e+01,2.800000000000000000e+01
1.680080651758768320e+09,1.615200000000000000e+04,3.120000000000000000e+02,3.720000000000000000e+02,-6.380000000000000000e+02,2.100000000000000000e+01,4.200000000000000000e+01
1.680080651759705544e+09,1.624400000000000000e+04,3.400000000000000000e+02,5.000000000000000000e+02,-6.130000000000000000e+02,2.200000000000000000e+01,5.600000000000000000e+01
1.680080651760825396e+09,1.612400000000000000e+04,3.360000000000000000e+02,3.040000000000000000e+02,-6.240000000000000000e+02,5.200000000000000000e+01,3.600000000000000000e+01
1.680080651761796713e+09,1.600800000000000000e+04,3.440000000000000000e+02,1.680000000000000000e+02,-6.660000000000000000e+02,2.200000000000000000e+01,2.900000000000000000e+01
1.680080651762892246e+09,1.618800000000000000e+04,4.320000000000000000e+02,3.720000000000000000e+02,-6.330000000000000000e+02,1.300000000000000000e+01,4.400000000000000000e+01
1.680080651763803482e+09,1.629200000000000000e+04,3.560000000000000000e+02,1.800000000000000000e+02,-5.870000000000000000e+02,3.400000000000000000e+01,4.200000000000000000e+01
1.680080651764736652e+09,1.621200000000000000e+04,3.320000000000000000e+02,2.880000000000000000e+02,-6.000000000000000000e+02,5.600000000000000000e+01,4.400000000000000000e+01
1.680080651765831470e+09,1.622800000000000000e+04,3.400000000000000000e+02,3.120000000000000000e+02,-6.480000000000000000e+02,6.800000000000000000e+01,3.200000000000000000e+01
1.680080651766782045e+09,1.635600000000000000e+04,4.480000000000000000e+02,3.520000000000000000e+02,-6.570000000000000000e+02,5.800000000000000000e+01,3.600000000000000000e+01
1.680080651767763376e+09,1.617600000000000000e+04,3.600000000000000000e+02,3.280000000000000000e+02,-6.250000000000000000e+02,5.200000000000000000e+01,3.000000000000000000e+01
1.680080651768834352e+09,1.623600000000000000e+04,2.360000000000000000e+02,4.200000000000000000e+02,-6.410000000000000000e+02,2.300000000000000000e+01,2.500000000000000000e+01
1.680080651769865274e+09,1.612400000000000000e+04,3.680000000000000000e+02,3.160000000000000000e+02,-6.450000000000000000e+02,1.700000000000000000e+01,2.700000000000000000e+01
1.680080651770844698e+09,1.612400000000000000e+04,3.680000000000000000e+02,3.160000000000000000e+02,-6.000000000000000000e+02,2.500000000000000000e+01,4.200000000000000000e+01
1.680080651771744013e+09,1.616000000000000000e+04,2.920000000000000000e+02,3.240000000000000000e+02,-6.080000000000000000e+02,4.300000000000000000e+01,3.700000000000000000e+01
1.680080651772754669e+09,1.607600000000000000e+04,3.560000000000000000e+02,2.400000000000000000e+02,-6.510000000000000000e+02,7.100000000000000000e+01,3.500000000000000000e+01
1.680080651773703098e+09,1.611600000000000000e+04,3.280000000000000000e+02,4.880000000000000000e+02,-6.660000000000000000e+02,6.600000000000000000e+01,2.700000000000000000e+01
1.680080651774680376e+09,1.614000000000000000e+04,2.040000000000000000e+02,4.520000000000000000e+02,-6.270000000000000000e+02,6.200000000000000000e+01,2.800000000000000000e+01
1.680080651775649071e+09,1.620800000000000000e+04,2.720000000000000000e+02,4.000000000000000000e+02,-6.320000000000000000e+02,5.600000000000000000e+01,3.700000000000000000e+01
1.680080651776669502e+09,1.616000000000000000e+04,2.600000000000000000e+02,3.080000000000000000e+02,-6.360000000000000000e+02,3.100000000000000000e+01,4.000000000000000000e+01
1.680080651777643204e+09,1.610800000000000000e+04,3.040000000000000000e+02,2.920000000000000000e+02,-6.060000000000000000e+02,4.100000000000000000e+01,2.000000000000000000e+01
1.680080651778787374e+09,1.606000000000000000e+04,2.960000000000000000e+02,4.120000000000000000e+02,-6.460000000000000000e+02,5.200000000000000000e+01,1.300000000000000000e+01
1.680080651779762030e+09,1.617200000000000000e+04,3.560000000000000000e+02,2.960000000000000000e+02,-6.700000000000000000e+02,2.500000000000000000e+01,2.900000000000000000e+01
1.680080651780868292e+09,1.613600000000000000e+04,3.480000000000000000e+02,3.960000000000000000e+02,-6.250000000000000000e+02,2.600000000000000000e+01,3.300000000000000000e+01
1.680080651781788826e+09,1.613600000000000000e+04,3.480000000000000000e+02,3.960000000000000000e+02,-6.290000000000000000e+02,5.500000000000000000e+01,3.200000000000000000e+01
1.680080651782815695e+09,1.622400000000000000e+04,2.200000000000000000e+02,3.160000000000000000e+02,-6.570000000000000000e+02,4.500000000000000000e+01,3.900000000000000000e+01
1.680080651783855200e+09,1.624400000000000000e+04,2.240000000000000000e+02,3.640000000000000000e+02,-6.670000000000000000e+02,3.000000000000000000e+01,2.400000000000000000e+01
1.680080651784774542e+09,1.624400000000000000e+04,2.240000000000000000e+02,3.640000000000000000e+02,-6.500000000000000000e+02,4.100000000000000000e+01,1.900000000000000000e+01
1.680080651786134005e+09,1.620800000000000000e+04,2.600000000000000000e+02,3.280000000000000000e+02,-6.440000000000000000e+02,5.500000000000000000e+01,2.500000000000000000e+01
1.680080651787191391e+09,1.623600000000000000e+04,3.080000000000000000e+02,4.480000000000000000e+02,-6.050000000000000000e+02,2.900000000000000000e+01,9.000000000000000000e+00
1.680080651788424492e+09,1.626400000000000000e+04,3.000000000000000000e+02,3.960000000000000000e+02,-5.990000000000000000e+02,1.000000000000000000e+01,3.800000000000000000e+01
1.680080651789346457e+09,1.615200000000000000e+04,2.440000000000000000e+02,3.760000000000000000e+02,-6.430000000000000000e+02,3.000000000000000000e+01,4.200000000000000000e+01
1.680080651790284395e+09,1.620000000000000000e+04,2.680000000000000000e+02,3.360000000000000000e+02,-6.660000000000000000e+02,2.500000000000000000e+01,3.100000000000000000e+01
1.680080651791400909e+09,1.622400000000000000e+04,2.600000000000000000e+02,2.800000000000000000e+02,-6.540000000000000000e+02,2.800000000000000000e+01,3.900000000000000000e+01
1.680080651792422771e+09,1.628000000000000000e+04,3.080000000000000000e+02,4.240000000000000000e+02,-6.170000000000000000e+02,5.900000000000000000e+01,3.800000000000000000e+01
1.680080651793392897e+09,1.628800000000000000e+04,3.360000000000000000e+02,3.240000000000000000e+02,-6.130000000000000000e+02,5.800000000000000000e+01,3.500000000000000000e+01
1.680080651794419765e+09,1.612800000000000000e+04,3.240000000000000000e+02,3.680000000000000000e+02,-6.160000000000000000e+02,3.700000000000000000e+01,1.900000000000000000e+01
1.680080651795397282e+09,1.611200000000000000e+04,3.720000000000000000e+02,3.040000000000000000e+02,-6.060000000000000000e+02,5.200000000000000000e+01,2.600000000000000000e+01
1.680080651796521425e+09,1.612000000000000000e+04,3.600000000000000000e+02,3.560000000000000000e+02,-6.320000000000000000e+02,4.600000000000000000e+01,1.900000000000000000e+01
1.680080651798180342e+09,1.617200000000000000e+04,2.840000000000000000e+02,4.200000000000000000e+02,-6.210000000000000000e+02,3.300000000000000000e+01,4.500000000000000000e+01
1.680080651800052643e+09,1.620400000000000000e+04,3.040000000000000000e+02,5.000000000000000000e+02,-6.230000000000000000e+02,8.100000000000000000e+01,3.000000000000000000e+01
1.680080651801083803e+09,1.622000000000000000e+04,2.440000000000000000e+02,3.920000000000000000e+02,-6.800000000000000000e+02,3.400000000000000000e+01,4.000000000000000000e+00
1.680080651802535057e+09,1.622400000000000000e+04,2.320000000000000000e+02,4.360000000000000000e+02,-6.080000000000000000e+02,2.800000000000000000e+01,3.000000000000000000e+01
1.680080651804648876e+09,1.624800000000000000e+04,2.320000000000000000e+02,1.920000000000000000e+02,-6.430000000000000000e+02,6.900000000000000000e+01,4.600000000000000000e+01
1.680080651805664301e+09,1.624800000000000000e+04,3.080000000000000000e+02,3.320000000000000000e+02,-6.530000000000000000e+02,3.500000000000000000e+01,4.600000000000000000e+01
1.680080651807166100e+09,1.620800000000000000e+04,3.160000000000000000e+02,2.240000000000000000e+02,-6.010000000000000000e+02,3.800000000000000000e+01,2.300000000000000000e+01
1.680080651808917522e+09,1.616800000000000000e+04,3.160000000000000000e+02,4.280000000000000000e+02,-6.240000000000000000e+02,4.900000000000000000e+01,1.500000000000000000e+01
1.680080651810055733e+09,1.618000000000000000e+04,2.400000000000000000e+02,4.440000000000000000e+02,-6.570000000000000000e+02,2.000000000000000000e+00,3.800000000000000000e+01
1.680080651811498642e+09,1.613200000000000000e+04,2.320000000000000000e+02,4.240000000000000000e+02,-6.020000000000000000e+02,2.400000000000000000e+01,6.700000000000000000e+01
1.680080651813235998e+09,1.629200000000000000e+04,2.960000000000000000e+02,4.720000000000000000e+02,-6.370000000000000000e+02,5.300000000000000000e+01,1.400000000000000000e+01
1.680080651814403772e+09,1.623200000000000000e+04,3.080000000000000000e+02,5.120000000000000000e+02,-6.700000000000000000e+02,3.400000000000000000e+01,-1.000000000000000000e+00
1.680080651815840721e+09,1.616000000000000000e+04,2.760000000000000000e+02,3.680000000000000000e+02,-5.970000000000000000e+02,1.900000000000000000e+01,4.000000000000000000e+01
1.680080651817823410e+09,1.615200000000000000e+04,2.840000000000000000e+02,3.680000000000000000e+02,-6.570000000000000000e+02,4.700000000000000000e+01,3.000000000000000000e+01
1.680080651818818569e+09,1.618400000000000000e+04,3.480000000000000000e+02,2.760000000000000000e+02,-6.810000000000000000e+02,4.200000000000000000e+01,3.200000000000000000e+01
1.680080651820276499e+09,1.627600000000000000e+04,2.600000000000000000e+02,2.960000000000000000e+02,-6.230000000000000000e+02,6.100000000000000000e+01,5.800000000000000000e+01
1.680080651822008371e+09,1.628000000000000000e+04,1.920000000000000000e+02,3.360000000000000000e+02,-6.330000000000000000e+02,1.700000000000000000e+01,1.000000000000000000e+01
1.680080651823550701e+09,1.619600000000000000e+04,3.280000000000000000e+02,2.760000000000000000e+02,-6.380000000000000000e+02,4.100000000000000000e+01,3.000000000000000000e+01
1.680080651825240374e+09,1.615200000000000000e+04,2.760000000000000000e+02,2.000000000000000000e+02,-6.270000000000000000e+02,3.500000000000000000e+01,5.600000000000000000e+01
1.680080651827116013e+09,1.611600000000000000e+04,3.760000000000000000e+02,4.360000000000000000e+02,-6.280000000000000000e+02,3.600000000000000000e+01,4.000000000000000000e+01
1.680080651828193903e+09,1.612000000000000000e+04,3.440000000000000000e+02,2.720000000000000000e+02,-6.500000000000000000e+02,2.100000000000000000e+01,2.800000000000000000e+01
1.680080651829184294e+09,1.626400000000000000e+04,3.200000000000000000e+02,4.400000000000000000e+02,-6.350000000000000000e+02,4.400000000000000000e+01,3.700000000000000000e+01
1.680080651831204653e+09,1.618400000000000000e+04,3.280000000000000000e+02,3.320000000000000000e+02,-6.500000000000000000e+02,3.700000000000000000e+01,3.800000000000000000e+01
1.680080651832990408e+09,1.621200000000000000e+04,2.840000000000000000e+02,2.960000000000000000e+02,-6.070000000000000000e+02,1.000000000000000000e+01,1.800000000000000000e+01
1.680080651834503651e+09,1.627600000000000000e+04,2.720000000000000000e+02,1.800000000000000000e+02,-6.400000000000000000e+02,3.700000000000000000e+01,5.600000000000000000e+01
1.680080651836241007e+09,1.620000000000000000e+04,2.640000000000000000e+02,3.560000000000000000e+02,-6.460000000000000000e+02,4.900000000000000000e+01,5.000000000000000000e+01
1.680080651838042021e+09,1.594800000000000000e+04,3.760000000000000000e+02,1.560000000000000000e+02,-6.270000000000000000e+02,2.200000000000000000e+01,3.900000000000000000e+01
1.680080651839221716e+09,1.620400000000000000e+04,3.360000000000000000e+02,2.000000000000000000e+02,-6.220000000000000000e+02,3.900000000000000000e+01,2.600000000000000000e+01
1.680080651840167284e+09,1.618400000000000000e+04,2.520000000000000000e+02,2.120000000000000000e+02,-6.510000000000000000e+02,3.600000000000000000e+01,3.200000000000000000e+01
1.680080651841198444e+09,1.616000000000000000e+04,2.840000000000000000e+02,2.480000000000000000e+02,-6.320000000000000000e+02,4.300000000000000000e+01,1.500000000000000000e+01
1.680080651842119217e+09,1.618000000000000000e+04,3.560000000000000000e+02,2.720000000000000000e+02,-6.110000000000000000e+02,5.200000000000000000e+01,2.500000000000000000e+01
1.680080651843304157e+09,1.619600000000000000e+04,3.040000000000000000e+02,2.560000000000000000e+02,-6.350000000000000000e+02,8.600000000000000000e+01,2.400000000000000000e+01
1.680080651844321251e+09,1.613200000000000000e+04,2.320000000000000000e+02,2.880000000000000000e+02,-6.700000000000000000e+02,6.500000000000000000e+01,2.600000000000000000e+01
1.680080651845240831e+09,1.617200000000000000e+04,1.880000000000000000e+02,3.080000000000000000e+02,-6.550000000000000000e+02,5.700000000000000000e+01,3.300000000000000000e+01
1.680080651846277475e+09,1.625600000000000000e+04,3.960000000000000000e+02,2.960000000000000000e+02,-6.270000000000000000e+02,3.800000000000000000e+01,4.300000000000000000e+01
1.680080651847359419e+09,1.628400000000000000e+04,3.120000000000000000e+02,3.400000000000000000e+02,-6.290000000000000000e+02,3.500000000000000000e+01,3.100000000000000000e+01
1.680080651848338842e+09,1.621600000000000000e+04,2.840000000000000000e+02,4.040000000000000000e+02,-6.140000000000000000e+02,2.500000000000000000e+01,4.000000000000000000e+01
1.680080651849268436e+09,1.623200000000000000e+04,2.720000000000000000e+02,3.200000000000000000e+02,-6.350000000000000000e+02,7.000000000000000000e+00,2.600000000000000000e+01
1.680080651850181818e+09,1.617600000000000000e+04,2.600000000000000000e+02,3.240000000000000000e+02,-6.350000000000000000e+02,1.800000000000000000e+01,1.700000000000000000e+01
1.680080651851108313e+09,1.614400000000000000e+04,2.760000000000000000e+02,3.200000000000000000e+02,-6.170000000000000000e+02,3.700000000000000000e+01,1.500000000000000000e+01
1.680080651852011204e+09,1.614800000000000000e+04,1.920000000000000000e+02,3.400000000000000000e+02,-6.200000000000000000e+02,5.900000000000000000e+01,2.300000000000000000e+01
1.680080651853092432e+09,1.610000000000000000e+04,2.440000000000000000e+02,2.280000000000000000e+02,-6.830000000000000000e+02,6.000000000000000000e+01,2.600000000000000000e+01
1.680080651854055882e+09,1.622800000000000000e+04,2.800000000000000000e+02,3.320000000000000000e+02,-6.640000000000000000e+02,4.500000000000000000e+01,4.000000000000000000e+01
1.680080651855064392e+09,1.620000000000000000e+04,2.320000000000000000e+02,4.200000000000000000e+02,-5.970000000000000000e+02,5.000000000000000000e+01,4.800000000000000000e+01
1.680080651855982780e+09,1.612000000000000000e+04,2.280000000000000000e+02,4.040000000000000000e+02,-6.010000000000000000e+02,5.500000000000000000e+01,4.500000000000000000e+01
1.680080651857091427e+09,1.612400000000000000e+04,2.720000000000000000e+02,4.600000000000000000e+02,-6.620000000000000000e+02,3.900000000000000000e+01,2.600000000000000000e+01
1.680080651858036757e+09,1.619200000000000000e+04,2.320000000000000000e+02,4.440000000000000000e+02,-6.710000000000000000e+02,1.700000000000000000e+01,3.500000000000000000e+01
1.680080651859130859e+09,1.617600000000000000e+04,2.040000000000000000e+02,3.800000000000000000e+02,-6.360000000000000000e+02,4.500000000000000000e+01,3.600000000000000000e+01
1.680080651860115528e+09,1.625200000000000000e+04,2.760000000000000000e+02,3.080000000000000000e+02,-6.350000000000000000e+02,7.400000000000000000e+01,2.500000000000000000e+01
1.680080651861709118e+09,1.623200000000000000e+04,2.760000000000000000e+02,3.200000000000000000e+02,-6.630000000000000000e+02,5.600000000000000000e+01,4.000000000000000000e+01
1.680080651862996578e+09,1.616400000000000000e+04,2.160000000000000000e+02,2.240000000000000000e+02,-6.380000000000000000e+02,3.600000000000000000e+01,3.200000000000000000e+01
1.680080651864259005e+09,1.622800000000000000e+04,2.520000000000000000e+02,4.120000000000000000e+02,-6.450000000000000000e+02,5.200000000000000000e+01,3.400000000000000000e+01
1.680080651865535975e+09,1.632000000000000000e+04,2.320000000000000000e+02,3.680000000000000000e+02,-6.290000000000000000e+02,6.700000000000000000e+01,5.100000000000000000e+01
1.680080651866727114e+09,1.605600000000000000e+04,3.160000000000000000e+02,2.280000000000000000e+02,-6.370000000000000000e+02,4.700000000000000000e+01,3.100000000000000000e+01
1.680080651867715597e+09,1.611600000000000000e+04,3.400000000000000000e+02,3.480000000000000000e+02,-6.200000000000000000e+02,2.900000000000000000e+01,2.000000000000000000e+01
1.680080651868655443e+09,1.622000000000000000e+04,3.240000000000000000e+02,3.280000000000000000e+02,-6.090000000000000000e+02,4.000000000000000000e+01,2.900000000000000000e+01
1.680080651869574070e+09,1.624400000000000000e+04,2.920000000000000000e+02,3.080000000000000000e+02,-6.230000000000000000e+02,3.100000000000000000e+01,3.300000000000000000e+01
1.680080651870633841e+09,1.617600000000000000e+04,3.360000000000000000e+02,2.040000000000000000e+02,-6.040000000000000000e+02,4.300000000000000000e+01,2.300000000000000000e+01
1.680080651871739388e+09,1.614400000000000000e+04,3.440000000000000000e+02,2.200000000000000000e+02,-6.320000000000000000e+02,4.800000000000000000e+01,3.800000000000000000e+01
1.680080651872663736e+09,1.610800000000000000e+04,3.680000000000000000e+02,3.040000000000000000e+02,-6.470000000000000000e+02,1.500000000000000000e+01,3.800000000000000000e+01
1.680080651873595715e+09,1.609600000000000000e+04,3.480000000000000000e+02,3.680000000000000000e+02,-6.200000000000000000e+02,9.000000000000000000e+00,3.500000000000000000e+01
1.680080651874509335e+09,1.615600000000000000e+04,2.720000000000000000e+02,3.200000000000000000e+02,-6.150000000000000000e+02,4.200000000000000000e+01,3.800000000000000000e+01
1.680080651875442266e+09,1.614000000000000000e+04,3.120000000000000000e+02,2.840000000000000000e+02,-6.360000000000000000e+02,6.500000000000000000e+01,3.600000000000000000e+01
1.680080651876726389e+09,1.614000000000000000e+04,3.120000000000000000e+02,2.840000000000000000e+02,-6.580000000000000000e+02,6.500000000000000000e+01,2.000000000000000000e+01
1.680080651877646685e+09,1.622000000000000000e+04,3.280000000000000000e+02,2.920000000000000000e+02,-6.390000000000000000e+02,3.000000000000000000e+01,2.900000000000000000e+01
1.680080651878578663e+09,1.611600000000000000e+04,3.600000000000000000e+02,2.480000000000000000e+02,-6.260000000000000000e+02,5.000000000000000000e+01,4.100000000000000000e+01
1.680080651879498959e+09,1.612800000000000000e+04,3.040000000000000000e+02,2.280000000000000000e+02,-6.340000000000000000e+02,6.000000000000000000e+01,5.100000000000000000e+01
1.680080651880807161e+09,1.623200000000000000e+04,3.280000000000000000e+02,3.800000000000000000e+02,-6.720000000000000000e+02,4.200000000000000000e+01,1.100000000000000000e+01
1.680080651881747246e+09,1.619600000000000000e+04,2.960000000000000000e+02,2.880000000000000000e+02,-6.540000000000000000e+02,4.500000000000000000e+01,8.000000000000000000e+00
1.680080651882656097e+09,1.620800000000000000e+04,2.800000000000000000e+02,3.040000000000000000e+02,-6.200000000000000000e+02,5.000000000000000000e+01,1.400000000000000000e+01
1.680080651883580923e+09,1.616400000000000000e+04,2.520000000000000000e+02,3.360000000000000000e+02,-6.140000000000000000e+02,4.700000000000000000e+01,3.600000000000000000e+01
1.680080651884531736e+09,1.614800000000000000e+04,2.040000000000000000e+02,2.880000000000000000e+02,-6.500000000000000000e+02,5.000000000000000000e+01,3.600000000000000000e+01
1.680080651885820389e+09,1.617600000000000000e+04,2.560000000000000000e+02,2.600000000000000000e+02,-6.520000000000000000e+02,2.700000000000000000e+01,3.600000000000000000e+01
1.680080651887424707e+09,1.609600000000000000e+04,3.440000000000000000e+02,2.840000000000000000e+02,-6.560000000000000000e+02,3.000000000000000000e+01,4.400000000000000000e+01
1.680080651889253139e+09,1.624400000000000000e+04,2.720000000000000000e+02,2.480000000000000000e+02,-6.120000000000000000e+02,2.000000000000000000e+01,2.400000000000000000e+01
1.680080651890249014e+09,1.620400000000000000e+04,2.600000000000000000e+02,2.600000000000000000e+02,-5.910000000000000000e+02,4.600000000000000000e+01,2.000000000000000000e+01
1.680080651891782284e+09,1.626000000000000000e+04,3.360000000000000000e+02,3.040000000000000000e+02,-6.570000000000000000e+02,7.600000000000000000e+01,2.900000000000000000e+01
1.680080651893537283e+09,1.616400000000000000e+04,3.360000000000000000e+02,2.440000000000000000e+02,-6.180000000000000000e+02,5.400000000000000000e+01,4.500000000000000000e+01
1.680080651894658566e+09,1.611200000000000000e+04,3.440000000000000000e+02,2.120000000000000000e+02,-6.290000000000000000e+02,4.100000000000000000e+01,2.800000000000000000e+01
1.680080651896106482e+09,1.628400000000000000e+04,3.040000000000000000e+02,2.760000000000000000e+02,-6.650000000000000000e+02,5.400000000000000000e+01,2.300000000000000000e+01
1.680080651898022175e+09,1.613200000000000000e+04,3.000000000000000000e+02,3.040000000000000000e+02,-6.350000000000000000e+02,5.800000000000000000e+01,4.100000000000000000e+01
1.680080651899196863e+09,1.616000000000000000e+04,3.560000000000000000e+02,4.400000000000000000e+02,-6.360000000000000000e+02,3.200000000000000000e+01,4.100000000000000000e+01
1.680080651900716543e+09,1.616000000000000000e+04,2.680000000000000000e+02,4.000000000000000000e+02,-6.320000000000000000e+02,4.900000000000000000e+01,3.400000000000000000e+01
1.680080651902498722e+09,1.616800000000000000e+04,2.960000000000000000e+02,3.120000000000000000e+02,-6.160000000000000000e+02,3.400000000000000000e+01,3.400000000000000000e+01
1.680080651903500080e+09,1.619200000000000000e+04,3.200000000000000000e+02,3.360000000000000000e+02,-6.150000000000000000e+02,3.600000000000000000e+01,4.300000000000000000e+01
1.680080651905037403e+09,1.623200000000000000e+04,3.640000000000000000e+02,2.000000000000000000e+02,-6.340000000000000000e+02,6.900000000000000000e+01,3.300000000000000000e+01
1.680080651907062292e+09,1.593200000000000000e+04,2.520000000000000000e+02,2.040000000000000000e+02,-6.520000000000000000e+02,4.100000000000000000e+01,3.400000000000000000e+01
1.680080651908145666e+09,1.618000000000000000e+04,2.240000000000000000e+02,3.600000000000000000e+02,-6.260000000000000000e+02,3.600000000000000000e+01,3.200000000000000000e+01
1.680080651909722567e+09,1.632800000000000000e+04,3.440000000000000000e+02,3.960000000000000000e+02,-6.470000000000000000e+02,4.100000000000000000e+01,3.900000000000000000e+01
1.680080651911475420e+09,1.617200000000000000e+04,3.920000000000000000e+02,4.320000000000000000e+02,-6.340000000000000000e+02,3.900000000000000000e+01,4.000000000000000000e+01
1.680080651912483931e+09,1.627200000000000000e+04,3.560000000000000000e+02,3.840000000000000000e+02,-6.580000000000000000e+02,3.500000000000000000e+01,2.900000000000000000e+01
1.680080651913937330e+09,1.630800000000000000e+04,3.800000000000000000e+02,4.200000000000000000e+02,-6.240000000000000000e+02,6.200000000000000000e+01,2.500000000000000000e+01
1.680080651915710449e+09,1.631600000000000000e+04,4.160000000000000000e+02,1.440000000000000000e+02,-6.540000000000000000e+02,5.800000000000000000e+01,4.400000000000000000e+01
1.680080651916806698e+09,1.638000000000000000e+04,3.320000000000000000e+02,5.160000000000000000e+02,-5.970000000000000000e+02,2.700000000000000000e+01,3.300000000000000000e+01
1.680080651917961121e+09,1.564400000000000000e+04,3.280000000000000000e+02,6.800000000000000000e+01,-5.940000000000000000e+02,5.200000000000000000e+01,2.900000000000000000e+01
1.680080651920100689e+09,1.645200000000000000e+04,3.280000000000000000e+02,2.520000000000000000e+02,-6.660000000000000000e+02,6.400000000000000000e+01,3.800000000000000000e+01
1.680080651921934128e+09,1.645600000000000000e+04,2.080000000000000000e+02,5.640000000000000000e+02,-6.200000000000000000e+02,2.700000000000000000e+01,1.900000000000000000e+01
1.680080651923414946e+09,1.591200000000000000e+04,4.720000000000000000e+02,3.960000000000000000e+02,-6.450000000000000000e+02,1.300000000000000000e+01,2.000000000000000000e+01
1.680080651925162554e+09,1.610800000000000000e+04,3.600000000000000000e+02,2.960000000000000000e+02,-6.100000000000000000e+02,4.200000000000000000e+01,2.200000000000000000e+01
1.680080651927121162e+09,1.646400000000000000e+04,2.400000000000000000e+02,1.840000000000000000e+02,-6.300000000000000000e+02,5.500000000000000000e+01,4.500000000000000000e+01
1.680080651928042412e+09,1.639200000000000000e+04,2.760000000000000000e+02,4.480000000000000000e+02,-6.100000000000000000e+02,5.200000000000000000e+01,4.300000000000000000e+01
1.680080651929343700e+09,1.606000000000000000e+04,3.400000000000000000e+02,3.400000000000000000e+02,-6.330000000000000000e+02,4.800000000000000000e+01,2.200000000000000000e+01
1.680080651930312872e+09,1.594800000000000000e+04,3.520000000000000000e+02,4.880000000000000000e+02,-6.110000000000000000e+02,3.000000000000000000e+00,2.800000000000000000e+01
1.680080651931227922e+09,1.609200000000000000e+04,4.400000000000000000e+02,9.600000000000000000e+01,-6.150000000000000000e+02,3.600000000000000000e+01,5.300000000000000000e+01
1.680080651932154179e+09,1.609200000000000000e+04,4.400000000000000000e+02,9.600000000000000000e+01,-6.430000000000000000e+02,6.800000000000000000e+01,6.100000000000000000e+01
1.680080651933046818e+09,1.641600000000000000e+04,3.560000000000000000e+02,4.800000000000000000e+02,-6.490000000000000000e+02,4.600000000000000000e+01,5.900000000000000000e+01
1.680080651934034586e+09,1.632000000000000000e+04,3.200000000000000000e+02,4.240000000000000000e+02,-6.460000000000000000e+02,5.500000000000000000e+01,4.100000000000000000e+01
1.680080651935043573e+09,1.612000000000000000e+04,3.120000000000000000e+02,2.800000000000000000e+02,-6.630000000000000000e+02,2.500000000000000000e+01,4.000000000000000000e+01
1.680080651936203480e+09,1.610800000000000000e+04,3.240000000000000000e+02,3.320000000000000000e+02,-6.340000000000000000e+02,3.800000000000000000e+01,5.600000000000000000e+01
1.680080651937323093e+09,1.607600000000000000e+04,3.280000000000000000e+02,2.640000000000000000e+02,-6.540000000000000000e+02,5.700000000000000000e+01,2.500000000000000000e+01
1.680080651938324690e+09,1.618400000000000000e+04,3.760000000000000000e+02,4.440000000000000000e+02,-6.490000000000000000e+02,3.900000000000000000e+01,1.000000000000000000e+01
1.680080651939452887e+09,1.629600000000000000e+04,3.280000000000000000e+02,3.120000000000000000e+02,-6.230000000000000000e+02,4.300000000000000000e+01,4.500000000000000000e+01
1.680080651940368891e+09,1.626400000000000000e+04,3.320000000000000000e+02,4.120000000000000000e+02,-6.300000000000000000e+02,3.200000000000000000e+01,5.600000000000000000e+01
1.680080651941303253e+09,1.604800000000000000e+04,3.120000000000000000e+02,4.640000000000000000e+02,-6.450000000000000000e+02,1.400000000000000000e+01,6.200000000000000000e+01
1.680080651942205191e+09,1.599200000000000000e+04,3.280000000000000000e+02,2.080000000000000000e+02,-6.350000000000000000e+02,4.500000000000000000e+01,4.700000000000000000e+01
1.680080651943274021e+09,1.614800000000000000e+04,1.760000000000000000e+02,4.040000000000000000e+02,-6.560000000000000000e+02,4.900000000000000000e+01,2.300000000000000000e+01
1.680080651944307804e+09,1.628000000000000000e+04,2.640000000000000000e+02,3.480000000000000000e+02,-6.290000000000000000e+02,1.000000000000000000e+01,2.700000000000000000e+01
1.680080651945242643e+09,1.612000000000000000e+04,3.440000000000000000e+02,3.400000000000000000e+02,-6.130000000000000000e+02,3.800000000000000000e+01,4.500000000000000000e+01
1.680080651946180105e+09,1.623200000000000000e+04,3.440000000000000000e+02,2.880000000000000000e+02,-6.350000000000000000e+02,6.800000000000000000e+01,5.900000000000000000e+01
1.680080651947116613e+09,1.627200000000000000e+04,3.160000000000000000e+02,2.080000000000000000e+02,-6.650000000000000000e+02,6.600000000000000000e+01,3.400000000000000000e+01
1.680080651948193550e+09,1.618400000000000000e+04,3.080000000000000000e+02,3.480000000000000000e+02,-6.450000000000000000e+02,1.500000000000000000e+01,1.500000000000000000e+01
1.680080651949138880e+09,1.608400000000000000e+04,2.720000000000000000e+02,3.520000000000000000e+02,-6.270000000000000000e+02,4.000000000000000000e+00,1.300000000000000000e+01
1.680080651950083494e+09,1.608400000000000000e+04,2.720000000000000000e+02,3.520000000000000000e+02,-6.300000000000000000e+02,2.800000000000000000e+01,2.300000000000000000e+01
1.680080651951100111e+09,1.623600000000000000e+04,2.480000000000000000e+02,5.000000000000000000e+02,-6.400000000000000000e+02,5.600000000000000000e+01,4.200000000000000000e+01
1.680080651952144623e+09,1.629200000000000000e+04,2.120000000000000000e+02,4.320000000000000000e+02,-6.430000000000000000e+02,6.200000000000000000e+01,4.800000000000000000e+01
1.680080651953266859e+09,1.609200000000000000e+04,2.240000000000000000e+02,4.760000000000000000e+02,-6.080000000000000000e+02,6.300000000000000000e+01,3.000000000000000000e+01
1.680080651954185724e+09,1.606000000000000000e+04,2.120000000000000000e+02,3.640000000000000000e+02,-6.350000000000000000e+02,5.600000000000000000e+01,3.600000000000000000e+01
1.680080651955119133e+09,1.618000000000000000e+04,3.000000000000000000e+02,3.600000000000000000e+02,-6.520000000000000000e+02,1.400000000000000000e+01,3.600000000000000000e+01
1.680080651956045866e+09,1.618000000000000000e+04,3.000000000000000000e+02,3.600000000000000000e+02,-6.200000000000000000e+02,2.900000000000000000e+01,2.400000000000000000e+01
1.680080651957087755e+09,1.635200000000000000e+04,2.400000000000000000e+02,2.560000000000000000e+02,-6.150000000000000000e+02,5.800000000000000000e+01,3.200000000000000000e+01
1.680080651958135366e+09,1.629600000000000000e+04,1.760000000000000000e+02,1.760000000000000000e+02,-6.540000000000000000e+02,5.400000000000000000e+01,3.600000000000000000e+01
1.680080651959069014e+09,1.601200000000000000e+04,1.800000000000000000e+02,4.280000000000000000e+02,-6.660000000000000000e+02,2.200000000000000000e+01,3.800000000000000000e+01
1.680080651959994078e+09,1.601200000000000000e+04,1.800000000000000000e+02,4.280000000000000000e+02,-6.160000000000000000e+02,3.700000000000000000e+01,3.300000000000000000e+01
1.680080651960886717e+09,1.595200000000000000e+04,3.120000000000000000e+02,4.000000000000000000e+02,-6.040000000000000000e+02,4.200000000000000000e+01,4.100000000000000000e+01
1.680080651961954594e+09,1.613200000000000000e+04,1.640000000000000000e+02,3.480000000000000000e+02,-6.280000000000000000e+02,3.100000000000000000e+01,2.800000000000000000e+01
1.680080651962976456e+09,1.645600000000000000e+04,2.480000000000000000e+02,3.880000000000000000e+02,-6.280000000000000000e+02,3.800000000000000000e+01,1.400000000000000000e+01
1.680080651963899136e+09,1.623200000000000000e+04,2.160000000000000000e+02,3.240000000000000000e+02,-6.440000000000000000e+02,5.500000000000000000e+01,1.600000000000000000e+01
1.680080651964811563e+09,1.613600000000000000e+04,2.040000000000000000e+02,3.240000000000000000e+02,-6.600000000000000000e+02,1.800000000000000000e+01,2.100000000000000000e+01
1.680080651965867758e+09,1.623200000000000000e+04,2.440000000000000000e+02,4.120000000000000000e+02,-6.260000000000000000e+02,1.100000000000000000e+01,2.700000000000000000e+01
1.680080651966851473e+09,1.616000000000000000e+04,3.040000000000000000e+02,4.480000000000000000e+02,-6.050000000000000000e+02,3.700000000000000000e+01,4.900000000000000000e+01
1.680080651967784166e+09,1.618400000000000000e+04,2.960000000000000000e+02,3.720000000000000000e+02,-6.340000000000000000e+02,7.700000000000000000e+01,4.000000000000000000e+01
1.680080651968893528e+09,1.615600000000000000e+04,3.080000000000000000e+02,2.200000000000000000e+02,-6.610000000000000000e+02,4.400000000000000000e+01,3.700000000000000000e+01
1.680080651969822168e+09,1.612800000000000000e+04,2.440000000000000000e+02,2.520000000000000000e+02,-6.210000000000000000e+02,-3.000000000000000000e+00,5.400000000000000000e+01
1.680080651970759869e+09,1.607600000000000000e+04,2.440000000000000000e+02,2.520000000000000000e+02,-5.980000000000000000e+02,1.200000000000000000e+01,4.800000000000000000e+01
1.680080651971705675e+09,1.612800000000000000e+04,2.320000000000000000e+02,3.880000000000000000e+02,-6.480000000000000000e+02,2.300000000000000000e+01,3.700000000000000000e+01
1.680080651972836971e+09,1.624000000000000000e+04,1.440000000000000000e+02,3.160000000000000000e+02,-6.430000000000000000e+02,2.500000000000000000e+01,1.600000000000000000e+01
1.680080651974280596e+09,1.611600000000000000e+04,2.360000000000000000e+02,3.560000000000000000e+02,-6.150000000000000000e+02,5.700000000000000000e+01,2.600000000000000000e+01
1.680080651976490259e+09,1.622000000000000000e+04,2.600000000000000000e+02,2.480000000000000000e+02,-6.580000000000000000e+02,2.600000000000000000e+01,2.200000000000000000e+01
1.680080651977910519e+09,1.608400000000000000e+04,2.360000000000000000e+02,3.240000000000000000e+02,-6.160000000000000000e+02,6.400000000000000000e+01,1.600000000000000000e+01
1.680080651980135202e+09,1.614000000000000000e+04,1.600000000000000000e+02,1.440000000000000000e+02,-6.380000000000000000e+02,5.200000000000000000e+01,3.100000000000000000e+01
1.680080651982295513e+09,1.628400000000000000e+04,1.960000000000000000e+02,3.000000000000000000e+02,-6.550000000000000000e+02,3.200000000000000000e+01,3.700000000000000000e+01
1.680080651983376741e+09,1.607200000000000000e+04,2.760000000000000000e+02,2.280000000000000000e+02,-6.300000000000000000e+02,2.400000000000000000e+01,2.900000000000000000e+01
1.680080651985063314e+09,1.599600000000000000e+04,2.080000000000000000e+02,2.560000000000000000e+02,-6.050000000000000000e+02,4.200000000000000000e+01,1.000000000000000000e+01
1.680080651986868143e+09,1.616800000000000000e+04,2.600000000000000000e+02,2.320000000000000000e+02,-6.180000000000000000e+02,2.000000000000000000e+01,3.800000000000000000e+01
1.680080651987884760e+09,1.611600000000000000e+04,1.880000000000000000e+02,4.000000000000000000e+02,-6.080000000000000000e+02,3.700000000000000000e+01,2.600000000000000000e+01
1.680080651989420891e+09,1.613200000000000000e+04,3.200000000000000000e+02,3.400000000000000000e+02,-6.480000000000000000e+02,7.500000000000000000e+01,4.700000000000000000e+01
1.680080651991204500e+09,1.604800000000000000e+04,3.480000000000000000e+02,3.000000000000000000e+02,-6.330000000000000000e+02,2.400000000000000000e+01,4.500000000000000000e+01
1.680080651992329836e+09,1.630400000000000000e+04,4.160000000000000000e+02,2.320000000000000000e+02,-5.790000000000000000e+02,5.700000000000000000e+01,4.900000000000000000e+01
1.680080651993919849e+09,1.616400000000000000e+04,2.680000000000000000e+02,2.360000000000000000e+02,-6.430000000000000000e+02,6.900000000000000000e+01,2.600000000000000000e+01
1.680080651995970249e+09,1.626400000000000000e+04,2.880000000000000000e+02,3.040000000000000000e+02,-6.350000000000000000e+02,3.800000000000000000e+01,1.400000000000000000e+01
1.680080651997129440e+09,1.594400000000000000e+04,4.240000000000000000e+02,1.680000000000000000e+02,-6.220000000000000000e+02,3.400000000000000000e+01,2.400000000000000000e+01
1.680080651998702288e+09,1.651200000000000000e+04,3.160000000000000000e+02,2.040000000000000000e+02,-6.330000000000000000e+02,3.300000000000000000e+01,2.800000000000000000e+01
1.680080652000616550e+09,1.616400000000000000e+04,2.640000000000000000e+02,1.320000000000000000e+02,-6.260000000000000000e+02,4.700000000000000000e+01,1.500000000000000000e+01
1.680080652001626253e+09,1.593600000000000000e+04,3.360000000000000000e+02,3.520000000000000000e+02,-6.070000000000000000e+02,5.600000000000000000e+01,1.600000000000000000e+01
1.680080652003113270e+09,1.640800000000000000e+04,4.240000000000000000e+02,3.520000000000000000e+02,-6.540000000000000000e+02,4.500000000000000000e+01,3.900000000000000000e+01
1.680080652004905939e+09,1.618800000000000000e+04,3.000000000000000000e+02,3.560000000000000000e+02,-6.200000000000000000e+02,3.500000000000000000e+01,4.700000000000000000e+01
1.680080652005861282e+09,1.628800000000000000e+04,3.320000000000000000e+02,2.400000000000000000e+02,-6.060000000000000000e+02,5.500000000000000000e+01,3.500000000000000000e+01
1.680080652006838083e+09,1.628800000000000000e+04,3.320000000000000000e+02,2.400000000000000000e+02,-6.370000000000000000e+02,6.800000000000000000e+01,2.000000000000000000e+01
1.680080652008954048e+09,1.578400000000000000e+04,3.400000000000000000e+02,3.240000000000000000e+02,-6.450000000000000000e+02,3.100000000000000000e+01,-4.000000000000000000e+00
1.680080652010925055e+09,1.566400000000000000e+04,4.200000000000000000e+02,5.120000000000000000e+02,-6.240000000000000000e+02,3.300000000000000000e+01,3.500000000000000000e+01
1.680080652012473822e+09,1.714000000000000000e+04,3.800000000000000000e+02,3.280000000000000000e+02,-6.280000000000000000e+02,6.200000000000000000e+01,4.400000000000000000e+01
1.680080652014477491e+09,1.556800000000000000e+04,3.760000000000000000e+02,3.680000000000000000e+02,-6.410000000000000000e+02,4.000000000000000000e+01,2.100000000000000000e+01
1.680080652016323090e+09,1.637200000000000000e+04,4.160000000000000000e+02,1.440000000000000000e+02,-6.500000000000000000e+02,5.800000000000000000e+01,6.400000000000000000e+01
1.680080652017315388e+09,1.662000000000000000e+04,3.000000000000000000e+02,2.720000000000000000e+02,-6.610000000000000000e+02,2.700000000000000000e+01,3.400000000000000000e+01
1.680080652018248558e+09,1.613200000000000000e+04,3.680000000000000000e+02,3.080000000000000000e+02,-6.380000000000000000e+02,5.400000000000000000e+01,2.000000000000000000e+01
1.680080652019432783e+09,1.613600000000000000e+04,4.760000000000000000e+02,5.640000000000000000e+02,-6.700000000000000000e+02,3.100000000000000000e+01,2.600000000000000000e+01
1.680080652020426989e+09,1.600000000000000000e+04,4.640000000000000000e+02,1.000000000000000000e+02,-6.340000000000000000e+02,2.000000000000000000e+00,2.100000000000000000e+01
1.680080652021361113e+09,1.624400000000000000e+04,4.240000000000000000e+02,4.880000000000000000e+02,-5.940000000000000000e+02,2.500000000000000000e+01,3.200000000000000000e+01
1.680080652022304058e+09,1.622000000000000000e+04,2.480000000000000000e+02,1.080000000000000000e+02,-6.330000000000000000e+02,6.300000000000000000e+01,3.900000000000000000e+01
1.680080652023207664e+09,1.603600000000000000e+04,2.640000000000000000e+02,9.600000000000000000e+01,-6.670000000000000000e+02,6.400000000000000000e+01,1.100000000000000000e+01
1.680080652024178982e+09,1.611200000000000000e+04,4.360000000000000000e+02,2.000000000000000000e+02,-6.570000000000000000e+02,4.200000000000000000e+01,2.900000000000000000e+01
1.680080652025192738e+09,1.621200000000000000e+04,3.520000000000000000e+02,1.080000000000000000e+02,-6.240000000000000000e+02,6.200000000000000000e+01,3.400000000000000000e+01
1.680080652026132822e+09,1.621600000000000000e+04,3.520000000000000000e+02,4.840000000000000000e+02,-6.500000000000000000e+02,3.900000000000000000e+01,2.800000000000000000e+01
1.680080652027181149e+09,1.609200000000000000e+04,3.200000000000000000e+02,3.280000000000000000e+02,-6.400000000000000000e+02,3.100000000000000000e+01,2.800000000000000000e+01
1.680080652028392553e+09,1.618800000000000000e+04,3.640000000000000000e+02,4.040000000000000000e+02,-6.100000000000000000e+02,4.000000000000000000e+01,3.200000000000000000e+01
1.680080652029336929e+09,1.612800000000000000e+04,4.560000000000000000e+02,3.160000000000000000e+02,-6.270000000000000000e+02,6.100000000000000000e+01,3.200000000000000000e+01
1.680080652030326128e+09,1.622400000000000000e+04,3.720000000000000000e+02,3.040000000000000000e+02,-6.750000000000000000e+02,5.800000000000000000e+01,5.200000000000000000e+01
1.680080652031265497e+09,1.616800000000000000e+04,2.760000000000000000e+02,5.000000000000000000e+02,-6.710000000000000000e+02,4.300000000000000000e+01,4.700000000000000000e+01
1.680080652032188177e+09,1.640400000000000000e+04,2.040000000000000000e+02,4.120000000000000000e+02,-6.190000000000000000e+02,4.300000000000000000e+01,3.700000000000000000e+01
1.680080652033411026e+09,1.602000000000000000e+04,2.680000000000000000e+02,2.480000000000000000e+02,-6.210000000000000000e+02,5.900000000000000000e+01,4.000000000000000000e+01
1.680080652034425497e+09,1.603600000000000000e+04,4.280000000000000000e+02,2.960000000000000000e+02,-6.590000000000000000e+02,5.800000000000000000e+01,5.700000000000000000e+01
1.680080652035364866e+09,1.620000000000000000e+04,4.120000000000000000e+02,3.520000000000000000e+02,-6.760000000000000000e+02,1.600000000000000000e+01,3.000000000000000000e+01
1.680080652036537886e+09,1.608800000000000000e+04,3.120000000000000000e+02,1.320000000000000000e+02,-6.490000000000000000e+02,2.200000000000000000e+01,9.000000000000000000e+00
1.680080652037614107e+09,1.611600000000000000e+04,4.000000000000000000e+02,2.440000000000000000e+02,-6.410000000000000000e+02,3.400000000000000000e+01,1.800000000000000000e+01
1.680080652038691282e+09,1.622800000000000000e+04,4.080000000000000000e+02,2.400000000000000000e+02,-6.620000000000000000e+02,1.300000000000000000e+01,4.000000000000000000e+01
1.680080652039856911e+09,1.607200000000000000e+04,3.360000000000000000e+02,3.280000000000000000e+02,-6.290000000000000000e+02,2.400000000000000000e+01,5.100000000000000000e+01
1.680080652040870667e+09,1.621600000000000000e+04,1.840000000000000000e+02,8.400000000000000000e+01,-6.230000000000000000e+02,5.800000000000000000e+01,4.600000000000000000e+01
1.680080652041932344e+09,1.619600000000000000e+04,2.280000000000000000e+02,1.720000000000000000e+02,-6.600000000000000000e+02,5.300000000000000000e+01,1.900000000000000000e+01
1.680080652042843580e+09,1.610000000000000000e+04,3.920000000000000000e+02,2.400000000000000000e+02,-6.720000000000000000e+02,3.700000000000000000e+01,2.800000000000000000e+01
1.680080652043768644e+09,1.624400000000000000e+04,3.080000000000000000e+02,3.640000000000000000e+02,-6.300000000000000000e+02,2.700000000000000000e+01,2.200000000000000000e+01
1.680080652044694424e+09,1.614800000000000000e+04,3.400000000000000000e+02,1.080000000000000000e+02,-6.170000000000000000e+02,5.100000000000000000e+01,4.300000000000000000e+01
1.680080652045664549e+09,1.614800000000000000e+04,3.400000000000000000e+02,1.080000000000000000e+02,-6.330000000000000000e+02,7.400000000000000000e+01,3.600000000000000000e+01
1.680080652046742439e+09,1.624400000000000000e+04,3.400000000000000000e+02,2.640000000000000000e+02,-6.500000000000000000e+02,6.400000000000000000e+01,3.900000000000000000e+01
1.680080652047666788e+09,1.622400000000000000e+04,2.800000000000000000e+02,2.520000000000000000e+02,-6.270000000000000000e+02,5.600000000000000000e+01,2.900000000000000000e+01
1.680080652048588514e+09,1.622400000000000000e+04,2.800000000000000000e+02,2.520000000000000000e+02,-6.430000000000000000e+02,1.700000000000000000e+01,1.900000000000000000e+01
1.680080652049499273e+09,1.615200000000000000e+04,1.800000000000000000e+02,2.840000000000000000e+02,-6.460000000000000000e+02,2.800000000000000000e+01,2.000000000000000000e+01
1.680080652050795555e+09,1.616400000000000000e+04,2.160000000000000000e+02,3.120000000000000000e+02,-6.480000000000000000e+02,5.300000000000000000e+01,4.200000000000000000e+01
1.680080652051725149e+09,1.608400000000000000e+04,3.480000000000000000e+02,3.160000000000000000e+02,-6.580000000000000000e+02,4.600000000000000000e+01,4.500000000000000000e+01
1.680080652052729845e+09,1.615600000000000000e+04,3.520000000000000000e+02,3.400000000000000000e+02,-6.550000000000000000e+02,2.900000000000000000e+01,3.300000000000000000e+01
1.680080652053805590e+09,1.625200000000000000e+04,3.480000000000000000e+02,3.120000000000000000e+02,-6.220000000000000000e+02,3.700000000000000000e+01,4.100000000000000000e+01
1.680080652054805517e+09,1.620400000000000000e+04,2.720000000000000000e+02,2.040000000000000000e+02,-6.280000000000000000e+02,4.100000000000000000e+01,3.800000000000000000e+01
1.680080652055960417e+09,1.612400000000000000e+04,2.680000000000000000e+02,0.000000000000000000e+00,-6.600000000000000000e+02,9.000000000000000000e+00,4.000000000000000000e+01
1.680080652057047367e+09,1.612800000000000000e+04,3.200000000000000000e+02,2.480000000000000000e+02,-6.060000000000000000e+02,4.100000000000000000e+01,4.200000000000000000e+01
1.680080652058112144e+09,1.616400000000000000e+04,2.680000000000000000e+02,3.200000000000000000e+02,-6.050000000000000000e+02,6.000000000000000000e+01,4.000000000000000000e+01
1.680080652059232473e+09,1.615200000000000000e+04,2.480000000000000000e+02,2.520000000000000000e+02,-6.610000000000000000e+02,4.900000000000000000e+01,1.800000000000000000e+01
1.680080652060148001e+09,1.609600000000000000e+04,2.560000000000000000e+02,1.640000000000000000e+02,-6.620000000000000000e+02,3.400000000000000000e+01,2.500000000000000000e+01
1.680080652061071396e+09,1.617200000000000000e+04,3.440000000000000000e+02,2.040000000000000000e+02,-6.250000000000000000e+02,4.700000000000000000e+01,4.300000000000000000e+01
1.680080652062021017e+09,1.617600000000000000e+04,3.360000000000000000e+02,4.680000000000000000e+02,-6.240000000000000000e+02,5.300000000000000000e+01,5.100000000000000000e+01
1.680080652063175201e+09,1.616000000000000000e+04,2.760000000000000000e+02,5.800000000000000000e+02,-6.320000000000000000e+02,3.300000000000000000e+01,4.700000000000000000e+01
1.680080652064839602e+09,1.611600000000000000e+04,3.520000000000000000e+02,2.360000000000000000e+02,-6.260000000000000000e+02,5.700000000000000000e+01,3.500000000000000000e+01
1.680080652066705227e+09,1.620000000000000000e+04,2.400000000000000000e+02,2.200000000000000000e+02,-6.540000000000000000e+02,6.900000000000000000e+01,0.000000000000000000e+00
1.680080652067960501e+09,1.613200000000000000e+04,2.640000000000000000e+02,3.040000000000000000e+02,-6.100000000000000000e+02,4.800000000000000000e+01,-2.000000000000000000e+00
1.680080652069438934e+09,1.617200000000000000e+04,2.560000000000000000e+02,2.280000000000000000e+02,-6.220000000000000000e+02,3.800000000000000000e+01,3.700000000000000000e+01
1.680080652071285486e+09,1.618800000000000000e+04,2.160000000000000000e+02,4.120000000000000000e+02,-6.090000000000000000e+02,5.800000000000000000e+01,3.600000000000000000e+01
1.680080652072427988e+09,1.617600000000000000e+04,2.680000000000000000e+02,3.520000000000000000e+02,-6.100000000000000000e+02,2.500000000000000000e+01,2.400000000000000000e+01
1.680080652074028969e+09,1.624400000000000000e+04,2.400000000000000000e+02,2.800000000000000000e+02,-6.150000000000000000e+02,3.600000000000000000e+01,3.100000000000000000e+01
1.680080652075819969e+09,1.622800000000000000e+04,2.800000000000000000e+02,2.120000000000000000e+02,-6.680000000000000000e+02,4.800000000000000000e+01,5.500000000000000000e+01
1.680080652076907635e+09,1.617600000000000000e+04,2.160000000000000000e+02,2.280000000000000000e+02,-6.180000000000000000e+02,3.400000000000000000e+01,4.300000000000000000e+01
1.680080652078409910e+09,1.620000000000000000e+04,2.840000000000000000e+02,2.160000000000000000e+02,-5.780000000000000000e+02,6.700000000000000000e+01,4.300000000000000000e+01
1.680080652080738306e+09,1.616400000000000000e+04,2.840000000000000000e+02,2.880000000000000000e+02,-6.530000000000000000e+02,5.000000000000000000e+01,3.500000000000000000e+01
1.680080652081741333e+09,1.619600000000000000e+04,2.320000000000000000e+02,3.800000000000000000e+02,-5.950000000000000000e+02,3.300000000000000000e+01,3.800000000000000000e+01
1.680080652083231926e+09,1.618800000000000000e+04,2.600000000000000000e+02,2.160000000000000000e+02,-6.360000000000000000e+02,7.300000000000000000e+01,1.900000000000000000e+01
1.680080652085017443e+09,1.629600000000000000e+04,3.760000000000000000e+02,3.040000000000000000e+02,-6.440000000000000000e+02,3.700000000000000000e+01,3.800000000000000000e+01
1.680080652086148262e+09,1.621200000000000000e+04,3.160000000000000000e+02,2.960000000000000000e+02,-5.930000000000000000e+02,1.900000000000000000e+01,3.600000000000000000e+01
1.680080652087687254e+09,1.610800000000000000e+04,3.240000000000000000e+02,3.000000000000000000e+02,-6.070000000000000000e+02,3.000000000000000000e+01,1.900000000000000000e+01
1.680080652089556217e+09,1.627600000000000000e+04,2.480000000000000000e+02,3.200000000000000000e+02,-6.480000000000000000e+02,4.900000000000000000e+01,5.000000000000000000e+00
1.680080652090736151e+09,1.624800000000000000e+04,3.520000000000000000e+02,3.280000000000000000e+02,-6.260000000000000000e+02,5.600000000000000000e+01,1.600000000000000000e+01
1.680080652092239380e+09,1.625200000000000000e+04,3.200000000000000000e+02,3.920000000000000000e+02,-6.340000000000000000e+02,4.800000000000000000e+01,1.100000000000000000e+01
1.680080652094041348e+09,1.617200000000000000e+04,3.160000000000000000e+02,3.160000000000000000e+02,-6.440000000000000000e+02,8.100000000000000000e+01,3.900000000000000000e+01
1.680080652095068932e+09,1.616000000000000000e+04,3.680000000000000000e+02,2.840000000000000000e+02,-6.370000000000000000e+02,8.100000000000000000e+01,4.300000000000000000e+01
1.680080652096093416e+09,1.614000000000000000e+04,4.120000000000000000e+02,3.200000000000000000e+02,-6.220000000000000000e+02,6.800000000000000000e+01,2.500000000000000000e+01
1.680080652098081589e+09,1.610800000000000000e+04,3.080000000000000000e+02,2.640000000000000000e+02,-6.370000000000000000e+02,-8.000000000000000000e+00,8.000000000000000000e+00
1.680080652100108385e+09,1.612400000000000000e+04,3.680000000000000000e+02,3.840000000000000000e+02,-6.070000000000000000e+02,2.700000000000000000e+01,5.100000000000000000e+01
1.680080652101692200e+09,1.616400000000000000e+04,3.600000000000000000e+02,2.800000000000000000e+02,-6.640000000000000000e+02,3.900000000000000000e+01,4.600000000000000000e+01
1.680080652103497505e+09,1.621200000000000000e+04,3.440000000000000000e+02,2.920000000000000000e+02,-6.160000000000000000e+02,6.400000000000000000e+01,2.900000000000000000e+01
1.680080652105369091e+09,1.621600000000000000e+04,3.600000000000000000e+02,3.760000000000000000e+02,-6.330000000000000000e+02,6.700000000000000000e+01,2.300000000000000000e+01
1.680080652106299639e+09,1.618800000000000000e+04,3.160000000000000000e+02,4.640000000000000000e+02,-6.340000000000000000e+02,7.100000000000000000e+01,2.900000000000000000e+01
1.680080652107274771e+09,1.616000000000000000e+04,3.880000000000000000e+02,4.200000000000000000e+02,-6.470000000000000000e+02,5.100000000000000000e+01,3.500000000000000000e+01
1.680080652108181238e+09,1.618000000000000000e+04,3.760000000000000000e+02,3.760000000000000000e+02,-6.590000000000000000e+02,4.900000000000000000e+01,3.800000000000000000e+01
1.680080652109290123e+09,1.622400000000000000e+04,3.080000000000000000e+02,3.520000000000000000e+02,-6.300000000000000000e+02,3.300000000000000000e+01,3.700000000000000000e+01
1.680080652110264778e+09,1.619600000000000000e+04,3.600000000000000000e+02,3.880000000000000000e+02,-6.210000000000000000e+02,4.300000000000000000e+01,3.300000000000000000e+01
1.680080652111249924e+09,1.617600000000000000e+04,2.840000000000000000e+02,4.720000000000000000e+02,-6.680000000000000000e+02,3.600000000000000000e+01,3.500000000000000000e+01
1.680080652112182379e+09,1.622000000000000000e+04,2.120000000000000000e+02,3.560000000000000000e+02,-6.460000000000000000e+02,4.100000000000000000e+01,2.600000000000000000e+01
1.680080652113270521e+09,1.620400000000000000e+04,3.480000000000000000e+02,2.520000000000000000e+02,-6.330000000000000000e+02,5.100000000000000000e+01,2.600000000000000000e+01
1.680080652114218235e+09,1.617600000000000000e+04,3.840000000000000000e+02,2.160000000000000000e+02,-6.420000000000000000e+02,5.100000000000000000e+01,3.500000000000000000e+01
1.680080652115268469e+09,1.622400000000000000e+04,3.800000000000000000e+02,3.000000000000000000e+02,-6.430000000000000000e+02,4.200000000000000000e+01,5.700000000000000000e+01
1.680080652116234541e+09,1.612400000000000000e+04,2.960000000000000000e+02,2.360000000000000000e+02,-6.200000000000000000e+02,4.000000000000000000e+01,5.700000000000000000e+01
1.680080652117291689e+09,1.613200000000000000e+04,2.920000000000000000e+02,3.440000000000000000e+02,-6.190000000000000000e+02,2.400000000000000000e+01,4.800000000000000000e+01
1.680080652118426085e+09,1.622800000000000000e+04,3.120000000000000000e+02,3.760000000000000000e+02,-6.160000000000000000e+02,3.600000000000000000e+01,3.500000000000000000e+01
1.680080652119359493e+09,1.622800000000000000e+04,3.120000000000000000e+02,3.760000000000000000e+02,-6.190000000000000000e+02,5.700000000000000000e+01,2.500000000000000000e+01
1.680080652120273829e+09,1.617200000000000000e+04,3.080000000000000000e+02,4.120000000000000000e+02,-6.420000000000000000e+02,6.700000000000000000e+01,2.800000000000000000e+01
1.680080652121201515e+09,1.619600000000000000e+04,3.600000000000000000e+02,4.000000000000000000e+02,-6.400000000000000000e+02,5.200000000000000000e+01,3.900000000000000000e+01
1.680080652122222662e+09,1.618400000000000000e+04,3.240000000000000000e+02,4.520000000000000000e+02,-6.230000000000000000e+02,4.400000000000000000e+01,4.400000000000000000e+01
1.680080652123246670e+09,1.626800000000000000e+04,2.240000000000000000e+02,4.920000000000000000e+02,-6.530000000000000000e+02,4.600000000000000000e+01,4.400000000000000000e+01
1.680080652124174595e+09,1.617200000000000000e+04,2.680000000000000000e+02,3.560000000000000000e+02,-6.660000000000000000e+02,4.000000000000000000e+00,4.100000000000000000e+01
1.680080652125110388e+09,1.622800000000000000e+04,2.720000000000000000e+02,3.800000000000000000e+02,-6.390000000000000000e+02,6.000000000000000000e+00,4.900000000000000000e+01
1.680080652126144886e+09,1.624000000000000000e+04,2.480000000000000000e+02,2.480000000000000000e+02,-6.250000000000000000e+02,3.000000000000000000e+01,2.500000000000000000e+01
1.680080652127305508e+09,1.626400000000000000e+04,2.760000000000000000e+02,2.400000000000000000e+02,-6.260000000000000000e+02,4.400000000000000000e+01,8.000000000000000000e+00
1.680080652128251553e+09,1.623200000000000000e+04,2.720000000000000000e+02,2.400000000000000000e+02,-6.440000000000000000e+02,3.000000000000000000e+01,6.000000000000000000e+00
1.680080652129156351e+09,1.612800000000000000e+04,2.880000000000000000e+02,3.080000000000000000e+02,-6.300000000000000000e+02,5.600000000000000000e+01,2.800000000000000000e+01
1.680080652130236864e+09,1.622400000000000000e+04,2.760000000000000000e+02,4.160000000000000000e+02,-6.350000000000000000e+02,4.500000000000000000e+01,4.200000000000000000e+01
1.680080652131228447e+09,1.621200000000000000e+04,2.880000000000000000e+02,3.040000000000000000e+02,-6.400000000000000000e+02,1.900000000000000000e+01,2.600000000000000000e+01
1.680080652132255077e+09,1.615200000000000000e+04,2.800000000000000000e+02,4.040000000000000000e+02,-6.100000000000000000e+02,4.600000000000000000e+01,2.000000000000000000e+01
1.680080652133200169e+09,1.616000000000000000e+04,3.120000000000000000e+02,3.400000000000000000e+02,-6.210000000000000000e+02,6.500000000000000000e+01,1.900000000000000000e+01
1.680080652134115934e+09,1.623600000000000000e+04,2.920000000000000000e+02,3.480000000000000000e+02,-6.710000000000000000e+02,5.500000000000000000e+01,3.700000000000000000e+01
1.680080652135054111e+09,1.618800000000000000e+04,3.040000000000000000e+02,3.200000000000000000e+02,-6.840000000000000000e+02,2.800000000000000000e+01,3.500000000000000000e+01
1.680080652136147261e+09,1.622000000000000000e+04,2.840000000000000000e+02,2.560000000000000000e+02,-6.330000000000000000e+02,1.800000000000000000e+01,3.400000000000000000e+01
1.680080652137297153e+09,1.613200000000000000e+04,2.000000000000000000e+02,2.400000000000000000e+02,-6.210000000000000000e+02,5.600000000000000000e+01,1.300000000000000000e+01
1.680080652138222218e+09,1.613200000000000000e+04,2.000000000000000000e+02,2.400000000000000000e+02,-6.540000000000000000e+02,6.400000000000000000e+01,1.000000000000000000e+01
1.680080652139204025e+09,1.615600000000000000e+04,2.440000000000000000e+02,3.120000000000000000e+02,-6.930000000000000000e+02,2.900000000000000000e+01,2.000000000000000000e+01
1.680080652140184402e+09,1.617600000000000000e+04,1.960000000000000000e+02,3.680000000000000000e+02,-6.520000000000000000e+02,2.000000000000000000e+01,3.500000000000000000e+01
1.680080652141203165e+09,1.622000000000000000e+04,2.520000000000000000e+02,3.800000000000000000e+02,-6.070000000000000000e+02,3.600000000000000000e+01,3.600000000000000000e+01
1.680080652142132759e+09,1.622000000000000000e+04,2.120000000000000000e+02,3.440000000000000000e+02,-6.400000000000000000e+02,5.000000000000000000e+01,4.800000000000000000e+01
1.680080652143046379e+09,1.620000000000000000e+04,2.760000000000000000e+02,3.240000000000000000e+02,-6.780000000000000000e+02,2.700000000000000000e+01,4.200000000000000000e+01
1.680080652144156218e+09,1.614800000000000000e+04,3.560000000000000000e+02,3.320000000000000000e+02,-6.460000000000000000e+02,4.600000000000000000e+01,3.300000000000000000e+01
1.680080652145150423e+09,1.614400000000000000e+04,2.520000000000000000e+02,2.520000000000000000e+02,-6.360000000000000000e+02,5.900000000000000000e+01,4.600000000000000000e+01
1.680080652146260023e+09,1.619600000000000000e+04,1.760000000000000000e+02,4.200000000000000000e+02,-6.360000000000000000e+02,4.600000000000000000e+01,3.700000000000000000e+01
1.680080652147248030e+09,1.622800000000000000e+04,1.760000000000000000e+02,4.600000000000000000e+02,-6.290000000000000000e+02,5.500000000000000000e+01,2.500000000000000000e+01
1.680080652148167849e+09,1.622800000000000000e+04,1.760000000000000000e+02,4.600000000000000000e+02,-6.460000000000000000e+02,4.300000000000000000e+01,2.200000000000000000e+01
1.680080652149107695e+09,1.622400000000000000e+04,2.920000000000000000e+02,4.800000000000000000e+02,-6.520000000000000000e+02,6.000000000000000000e+01,1.900000000000000000e+01
1.680080652150058508e+09,1.616400000000000000e+04,2.400000000000000000e+02,3.800000000000000000e+02,-6.250000000000000000e+02,6.600000000000000000e+01,3.600000000000000000e+01
1.680080652151363373e+09,1.622000000000000000e+04,3.080000000000000000e+02,2.600000000000000000e+02,-6.160000000000000000e+02,5.100000000000000000e+01,4.400000000000000000e+01
1.680080652152919292e+09,1.614000000000000000e+04,2.960000000000000000e+02,4.440000000000000000e+02,-6.730000000000000000e+02,7.000000000000000000e+00,3.100000000000000000e+01
1.680080652154758692e+09,1.616400000000000000e+04,1.880000000000000000e+02,3.360000000000000000e+02,-5.940000000000000000e+02,5.000000000000000000e+01,1.700000000000000000e+01
1.680080652155765533e+09,1.626000000000000000e+04,1.920000000000000000e+02,1.000000000000000000e+02,-6.150000000000000000e+02,6.900000000000000000e+01,3.800000000000000000e+01
1.680080652157264709e+09,1.615600000000000000e+04,1.800000000000000000e+02,3.080000000000000000e+02,-6.610000000000000000e+02,1.800000000000000000e+01,3.500000000000000000e+01
1.680080652159320831e+09,1.616400000000000000e+04,3.640000000000000000e+02,3.400000000000000000e+02,-5.970000000000000000e+02,2.600000000000000000e+01,3.200000000000000000e+01
1.680080652160375595e+09,1.613200000000000000e+04,3.560000000000000000e+02,4.080000000000000000e+02,-6.450000000000000000e+02,6.600000000000000000e+01,3.400000000000000000e+01
1.680080652161963224e+09,1.612000000000000000e+04,3.600000000000000000e+02,3.040000000000000000e+02,-6.340000000000000000e+02,7.000000000000000000e+01,4.300000000000000000e+01
1.680080652163920403e+09,1.623200000000000000e+04,1.640000000000000000e+02,4.120000000000000000e+02,-6.350000000000000000e+02,2.800000000000000000e+01,2.100000000000000000e+01
1.680080652164960861e+09,1.624400000000000000e+04,2.360000000000000000e+02,3.200000000000000000e+02,-6.080000000000000000e+02,1.800000000000000000e+01,2.000000000000000000e+01
1.680080652166436195e+09,1.616400000000000000e+04,2.720000000000000000e+02,3.360000000000000000e+02,-6.440000000000000000e+02,2.600000000000000000e+01,2.200000000000000000e+01
1.680080652168537855e+09,1.615600000000000000e+04,2.440000000000000000e+02,1.320000000000000000e+02,-6.330000000000000000e+02,4.700000000000000000e+01,3.900000000000000000e+01
1.680080652169878960e+09,1.618400000000000000e+04,3.040000000000000000e+02,8.400000000000000000e+01,-6.460000000000000000e+02,2.300000000000000000e+01,2.700000000000000000e+01
1.680080652171640396e+09,1.614400000000000000e+04,2.840000000000000000e+02,2.840000000000000000e+02,-6.340000000000000000e+02,5.100000000000000000e+01,1.000000000000000000e+00
1.680080652173489094e+09,1.616800000000000000e+04,2.920000000000000000e+02,3.440000000000000000e+02,-6.040000000000000000e+02,3.700000000000000000e+01,5.100000000000000000e+01
1.680080652174609900e+09,1.614000000000000000e+04,2.440000000000000000e+02,3.200000000000000000e+02,-6.210000000000000000e+02,7.300000000000000000e+01,4.800000000000000000e+01
1.680080652176118374e+09,1.618800000000000000e+04,2.600000000000000000e+02,3.760000000000000000e+02,-6.620000000000000000e+02,4.300000000000000000e+01,9.000000000000000000e+00
1.680080652177951574e+09,1.632800000000000000e+04,3.360000000000000000e+02,3.200000000000000000e+02,-6.010000000000000000e+02,5.400000000000000000e+01,3.600000000000000000e+01
1.680080652178960085e+09,1.630400000000000000e+04,2.400000000000000000e+02,3.600000000000000000e+02,-6.400000000000000000e+02,4.900000000000000000e+01,5.200000000000000000e+01
1.680080652180402279e+09,1.618800000000000000e+04,3.480000000000000000e+02,2.960000000000000000e+02,-6.400000000000000000e+02,4.400000000000000000e+01,8.000000000000000000e+00
1.680080652182281971e+09,1.617200000000000000e+04,3.200000000000000000e+02,5.080000000000000000e+02,-6.320000000000000000e+02,3.700000000000000000e+01,2.900000000000000000e+01
1.680080652183466196e+09,1.614400000000000000e+04,2.920000000000000000e+02,4.320000000000000000e+02,-6.030000000000000000e+02,2.500000000000000000e+01,3.500000000000000000e+01
1.680080652184450865e+09,1.613200000000000000e+04,3.120000000000000000e+02,3.480000000000000000e+02,-6.210000000000000000e+02,3.500000000000000000e+01,3.400000000000000000e+01
1.680080652186402082e+09,1.618000000000000000e+04,3.480000000000000000e+02,2.800000000000000000e+02,-6.510000000000000000e+02,4.500000000000000000e+01,1.600000000000000000e+01
1.680080652188379288e+09,1.618000000000000000e+04,3.560000000000000000e+02,2.680000000000000000e+02,-6.380000000000000000e+02,2.500000000000000000e+01,3.400000000000000000e+01
1.680080652189890862e+09,1.627600000000000000e+04,3.360000000000000000e+02,2.480000000000000000e+02,-6.320000000000000000e+02,4.000000000000000000e+01,4.200000000000000000e+01
1.680080652191737652e+09,1.614000000000000000e+04,3.280000000000000000e+02,2.520000000000000000e+02,-6.350000000000000000e+02,3.100000000000000000e+01,4.100000000000000000e+01
1.680080652193591833e+09,1.612800000000000000e+04,3.680000000000000000e+02,2.080000000000000000e+02,-6.200000000000000000e+02,4.500000000000000000e+01,2.000000000000000000e+01
1.680080652194738865e+09,1.615200000000000000e+04,3.640000000000000000e+02,2.680000000000000000e+02,-6.430000000000000000e+02,5.700000000000000000e+01,3.800000000000000000e+01
1.680080652195779324e+09,1.613200000000000000e+04,3.480000000000000000e+02,3.400000000000000000e+02,-6.370000000000000000e+02,2.600000000000000000e+01,4.600000000000000000e+01
1.680080652196879625e+09,1.611200000000000000e+04,3.760000000000000000e+02,4.240000000000000000e+02,-6.180000000000000000e+02,4.000000000000000000e+01,5.700000000000000000e+01
1.680080652197816610e+09,1.622800000000000000e+04,3.600000000000000000e+02,3.640000000000000000e+02,-6.370000000000000000e+02,6.700000000000000000e+01,4.800000000000000000e+01
1.680080652198845863e+09,1.620000000000000000e+04,3.040000000000000000e+02,3.960000000000000000e+02,-6.620000000000000000e+02,6.100000000000000000e+01,4.200000000000000000e+01
1.680080652200006962e+09,1.619600000000000000e+04,3.240000000000000000e+02,3.320000000000000000e+02,-6.470000000000000000e+02,4.100000000000000000e+01,4.200000000000000000e+01
1.680080652200934887e+09,1.622400000000000000e+04,4.000000000000000000e+02,2.920000000000000000e+02,-6.140000000000000000e+02,2.800000000000000000e+01,4.400000000000000000e+01
1.680080652201876402e+09,1.617200000000000000e+04,3.080000000000000000e+02,4.360000000000000000e+02,-6.260000000000000000e+02,3.800000000000000000e+01,4.800000000000000000e+01
1.680080652202793121e+09,1.617200000000000000e+04,3.880000000000000000e+02,3.440000000000000000e+02,-6.460000000000000000e+02,5.500000000000000000e+01,5.100000000000000000e+01
1.680080652203819275e+09,1.616800000000000000e+04,4.160000000000000000e+02,2.840000000000000000e+02,-6.460000000000000000e+02,5.200000000000000000e+01,2.600000000000000000e+01
1.680080652204846382e+09,1.618000000000000000e+04,3.640000000000000000e+02,4.440000000000000000e+02,-6.220000000000000000e+02,5.600000000000000000e+01,2.000000000000000000e+01
1.680080652205777645e+09,1.620000000000000000e+04,3.400000000000000000e+02,3.560000000000000000e+02,-6.290000000000000000e+02,5.400000000000000000e+01,2.900000000000000000e+01
1.680080652206722021e+09,1.618400000000000000e+04,3.960000000000000000e+02,3.400000000000000000e+02,-6.370000000000000000e+02,3.600000000000000000e+01,3.100000000000000000e+01
1.680080652207852602e+09,1.618800000000000000e+04,3.640000000000000000e+02,2.840000000000000000e+02,-6.370000000000000000e+02,2.200000000000000000e+01,4.000000000000000000e+01
1.680080652208806515e+09,1.615200000000000000e+04,4.000000000000000000e+02,3.520000000000000000e+02,-6.620000000000000000e+02,2.900000000000000000e+01,3.600000000000000000e+01
1.680080652209888935e+09,1.617600000000000000e+04,3.600000000000000000e+02,4.280000000000000000e+02,-6.520000000000000000e+02,4.200000000000000000e+01,2.100000000000000000e+01
1.680080652210848331e+09,1.620000000000000000e+04,3.920000000000000000e+02,4.720000000000000000e+02,-6.190000000000000000e+02,3.100000000000000000e+01,2.700000000000000000e+01
1.680080652211776495e+09,1.624800000000000000e+04,3.080000000000000000e+02,3.720000000000000000e+02,-6.200000000000000000e+02,4.000000000000000000e+01,2.800000000000000000e+01
1.680080652212714434e+09,1.610000000000000000e+04,3.840000000000000000e+02,2.880000000000000000e+02,-6.750000000000000000e+02,4.300000000000000000e+01,2.400000000000000000e+01
1.680080652213625193e+09,1.614400000000000000e+04,3.280000000000000000e+02,3.760000000000000000e+02,-6.830000000000000000e+02,2.200000000000000000e+01,3.300000000000000000e+01
1.680080652214721441e+09,1.603600000000000000e+04,2.120000000000000000e+02,3.600000000000000000e+02,-6.230000000000000000e+02,3.700000000000000000e+01,3.100000000000000000e+01
1.680080652215737581e+09,1.614000000000000000e+04,2.720000000000000000e+02,3.760000000000000000e+02,-6.180000000000000000e+02,6.400000000000000000e+01,5.100000000000000000e+01
1.680080652216703892e+09,1.614000000000000000e+04,3.000000000000000000e+02,1.120000000000000000e+02,-6.580000000000000000e+02,6.500000000000000000e+01,4.300000000000000000e+01
1.680080652217639208e+09,1.609200000000000000e+04,2.840000000000000000e+02,2.080000000000000000e+02,-6.680000000000000000e+02,4.900000000000000000e+01,4.400000000000000000e+01
1.680080652218552113e+09,1.614000000000000000e+04,3.280000000000000000e+02,2.400000000000000000e+02,-6.360000000000000000e+02,3.900000000000000000e+01,4.000000000000000000e+01
1.680080652219542027e+09,1.624800000000000000e+04,3.840000000000000000e+02,2.040000000000000000e+02,-6.010000000000000000e+02,5.500000000000000000e+01,2.700000000000000000e+01
1.680080652220557213e+09,1.616000000000000000e+04,3.760000000000000000e+02,3.040000000000000000e+02,-6.470000000000000000e+02,5.300000000000000000e+01,3.500000000000000000e+01
1.680080652221502304e+09,1.622000000000000000e+04,2.840000000000000000e+02,2.560000000000000000e+02,-6.410000000000000000e+02,4.600000000000000000e+01,4.100000000000000000e+01
1.680080652222423792e+09,1.623200000000000000e+04,2.960000000000000000e+02,3.760000000000000000e+02,-6.130000000000000000e+02,4.300000000000000000e+01,3.300000000000000000e+01
1.680080652223566294e+09,1.617600000000000000e+04,2.880000000000000000e+02,3.680000000000000000e+02,-6.360000000000000000e+02,6.800000000000000000e+01,3.800000000000000000e+01
1.680080652224658966e+09,1.615200000000000000e+04,2.560000000000000000e+02,2.560000000000000000e+02,-6.700000000000000000e+02,5.200000000000000000e+01,2.800000000000000000e+01
1.680080652225597382e+09,1.620400000000000000e+04,2.280000000000000000e+02,2.840000000000000000e+02,-6.840000000000000000e+02,1.100000000000000000e+01,3.500000000000000000e+01
1.680080652226687193e+09,1.618000000000000000e+04,2.760000000000000000e+02,4.200000000000000000e+02,-6.200000000000000000e+02,3.700000000000000000e+01,5.200000000000000000e+01
1.680080652227696657e+09,1.621600000000000000e+04,2.440000000000000000e+02,4.600000000000000000e+02,-6.120000000000000000e+02,6.700000000000000000e+01,4.400000000000000000e+01
1.680080652228782654e+09,1.620400000000000000e+04,3.400000000000000000e+02,3.920000000000000000e+02,-6.430000000000000000e+02,6.200000000000000000e+01,3.300000000000000000e+01
1.680080652230011702e+09,1.621600000000000000e+04,3.440000000000000000e+02,1.600000000000000000e+02,-6.520000000000000000e+02,5.900000000000000000e+01,3.200000000000000000e+01
1.680080652231130838e+09,1.631600000000000000e+04,3.200000000000000000e+02,1.120000000000000000e+02,-6.260000000000000000e+02,7.300000000000000000e+01,2.600000000000000000e+01
1.680080652232306004e+09,1.625600000000000000e+04,2.920000000000000000e+02,2.560000000000000000e+02,-6.420000000000000000e+02,3.900000000000000000e+01,2.200000000000000000e+01
1.680080652233341455e+09,1.614000000000000000e+04,2.480000000000000000e+02,2.480000000000000000e+02,-6.210000000000000000e+02,5.000000000000000000e+00,3.000000000000000000e+01
1.680080652234346151e+09,1.621600000000000000e+04,2.320000000000000000e+02,3.400000000000000000e+02,-6.030000000000000000e+02,2.600000000000000000e+01,3.500000000000000000e+01
1.680080652235300541e+09,1.614000000000000000e+04,3.440000000000000000e+02,3.320000000000000000e+02,-6.390000000000000000e+02,5.200000000000000000e+01,3.800000000000000000e+01
1.680080652236278772e+09,1.619200000000000000e+04,3.440000000000000000e+02,3.800000000000000000e+02,-6.760000000000000000e+02,6.100000000000000000e+01,3.300000000000000000e+01
1.680080652237514257e+09,1.618000000000000000e+04,2.560000000000000000e+02,3.160000000000000000e+02,-6.630000000000000000e+02,3.600000000000000000e+01,3.200000000000000000e+01
1.680080652238476753e+09,1.620800000000000000e+04,2.400000000000000000e+02,2.800000000000000000e+02,-6.380000000000000000e+02,5.400000000000000000e+01,3.200000000000000000e+01
1.680080652239500284e+09,1.620000000000000000e+04,3.920000000000000000e+02,3.200000000000000000e+02,-6.440000000000000000e+02,4.100000000000000000e+01,2.200000000000000000e+01
1.680080652240568399e+09,1.620800000000000000e+04,2.520000000000000000e+02,3.280000000000000000e+02,-6.240000000000000000e+02,4.300000000000000000e+01,2.000000000000000000e+01
1.680080652242055655e+09,1.619600000000000000e+04,2.720000000000000000e+02,2.160000000000000000e+02,-6.440000000000000000e+02,5.900000000000000000e+01,4.700000000000000000e+01
1.680080652244221210e+09,1.618800000000000000e+04,3.120000000000000000e+02,2.760000000000000000e+02,-6.340000000000000000e+02,7.300000000000000000e+01,4.500000000000000000e+01
1.680080652245316982e+09,1.617600000000000000e+04,3.120000000000000000e+02,1.680000000000000000e+02,-6.590000000000000000e+02,5.700000000000000000e+01,4.000000000000000000e+01
1.680080652246845007e+09,1.622000000000000000e+04,2.440000000000000000e+02,2.280000000000000000e+02,-6.280000000000000000e+02,2.900000000000000000e+01,3.100000000000000000e+01
1.680080652248608112e+09,1.627200000000000000e+04,3.280000000000000000e+02,1.720000000000000000e+02,-6.510000000000000000e+02,3.400000000000000000e+01,4.800000000000000000e+01
1.680080652249958515e+09,1.616400000000000000e+04,3.400000000000000000e+02,3.880000000000000000e+02,-6.140000000000000000e+02,2.200000000000000000e+01,2.600000000000000000e+01
1.680080652251502752e+09,1.632000000000000000e+04,3.120000000000000000e+02,3.280000000000000000e+02,-6.120000000000000000e+02,6.200000000000000000e+01,3.800000000000000000e+01
1.680080652253421307e+09,1.630000000000000000e+04,3.160000000000000000e+02,3.200000000000000000e+02,-6.570000000000000000e+02,1.800000000000000000e+01,2.400000000000000000e+01
1.680080652254453659e+09,1.624800000000000000e+04,3.120000000000000000e+02,4.320000000000000000e+02,-5.910000000000000000e+02,3.700000000000000000e+01,3.600000000000000000e+01
1.680080652255991459e+09,1.614800000000000000e+04,2.760000000000000000e+02,1.720000000000000000e+02,-6.030000000000000000e+02,8.500000000000000000e+01,3.100000000000000000e+01
1.680080652258155346e+09,1.621600000000000000e+04,3.760000000000000000e+02,2.840000000000000000e+02,-6.320000000000000000e+02,1.800000000000000000e+01,2.700000000000000000e+01
1.680080652259298325e+09,1.619200000000000000e+04,2.640000000000000000e+02,2.560000000000000000e+02,-5.960000000000000000e+02,2.600000000000000000e+01,2.700000000000000000e+01
1.680080652260807991e+09,1.620000000000000000e+04,2.640000000000000000e+02,2.600000000000000000e+02,-6.200000000000000000e+02,5.700000000000000000e+01,2.300000000000000000e+01
1.680080652263119221e+09,1.613600000000000000e+04,3.160000000000000000e+02,3.160000000000000000e+02,-6.000000000000000000e+02,5.000000000000000000e+01,1.200000000000000000e+01
1.680080652264164925e+09,1.620800000000000000e+04,2.040000000000000000e+02,3.760000000000000000e+02,-6.200000000000000000e+02,5.500000000000000000e+01,3.200000000000000000e+01
1.680080652265645742e+09,1.621600000000000000e+04,2.920000000000000000e+02,3.760000000000000000e+02,-6.770000000000000000e+02,2.900000000000000000e+01,2.200000000000000000e+01
1.680080652267565489e+09,1.614800000000000000e+04,2.440000000000000000e+02,2.960000000000000000e+02,-6.090000000000000000e+02,4.700000000000000000e+01,2.700000000000000000e+01
1.680080652268826723e+09,1.621200000000000000e+04,1.920000000000000000e+02,3.040000000000000000e+02,-6.420000000000000000e+02,4.100000000000000000e+01,6.100000000000000000e+01
1.680080652270421982e+09,1.620800000000000000e+04,2.480000000000000000e+02,1.840000000000000000e+02,-6.210000000000000000e+02,6.300000000000000000e+01,2.400000000000000000e+01
1.680080652272444487e+09,1.621600000000000000e+04,2.160000000000000000e+02,3.760000000000000000e+02,-6.390000000000000000e+02,3.500000000000000000e+01,2.300000000000000000e+01
1.680080652273569107e+09,1.622000000000000000e+04,2.200000000000000000e+02,4.280000000000000000e+02,-6.070000000000000000e+02,1.900000000000000000e+01,3.500000000000000000e+01
1.680080652275120974e+09,1.615200000000000000e+04,3.760000000000000000e+02,5.720000000000000000e+02,-6.470000000000000000e+02,2.300000000000000000e+01,2.800000000000000000e+01
1.680080652277037859e+09,1.622800000000000000e+04,3.440000000000000000e+02,2.120000000000000000e+02,-6.320000000000000000e+02,4.800000000000000000e+01,5.200000000000000000e+01
1.680080652278145313e+09,1.620400000000000000e+04,3.040000000000000000e+02,3.240000000000000000e+02,-6.330000000000000000e+02,3.000000000000000000e+01,4.200000000000000000e+01
1.680080652279236317e+09,1.618800000000000000e+04,3.000000000000000000e+02,3.520000000000000000e+02,-6.580000000000000000e+02,3.400000000000000000e+01,4.000000000000000000e+01
1.680080652281395674e+09,1.622000000000000000e+04,4.080000000000000000e+02,3.120000000000000000e+02,-6.340000000000000000e+02,4.400000000000000000e+01,3.600000000000000000e+01
1.680080652282460213e+09,1.634400000000000000e+04,3.160000000000000000e+02,3.280000000000000000e+02,-6.300000000000000000e+02,3.000000000000000000e+01,3.600000000000000000e+01
1.680080652283574104e+09,1.626400000000000000e+04,3.000000000000000000e+02,3.480000000000000000e+02,-5.940000000000000000e+02,5.600000000000000000e+01,2.400000000000000000e+01
1.680080652284667969e+09,1.613200000000000000e+04,3.760000000000000000e+02,3.080000000000000000e+02,-6.160000000000000000e+02,8.300000000000000000e+01,3.700000000000000000e+01
1.680080652285876274e+09,1.636400000000000000e+04,2.760000000000000000e+02,2.680000000000000000e+02,-6.470000000000000000e+02,5.300000000000000000e+01,5.400000000000000000e+01
1.680080652286943197e+09,1.622800000000000000e+04,3.600000000000000000e+02,1.920000000000000000e+02,-6.060000000000000000e+02,3.200000000000000000e+01,4.600000000000000000e+01
1.680080652288270950e+09,1.630800000000000000e+04,2.720000000000000000e+02,2.800000000000000000e+02,-6.460000000000000000e+02,3.400000000000000000e+01,1.700000000000000000e+01
1.680080652289308786e+09,1.615600000000000000e+04,3.280000000000000000e+02,4.360000000000000000e+02,-6.750000000000000000e+02,5.100000000000000000e+01,3.000000000000000000e+01
1.680080652290245056e+09,1.616000000000000000e+04,3.040000000000000000e+02,4.200000000000000000e+02,-6.540000000000000000e+02,4.900000000000000000e+01,4.600000000000000000e+01
1.680080652291196585e+09,1.612400000000000000e+04,2.960000000000000000e+02,2.960000000000000000e+02,-6.470000000000000000e+02,3.400000000000000000e+01,4.700000000000000000e+01
1.680080652292226076e+09,1.622800000000000000e+04,3.240000000000000000e+02,1.960000000000000000e+02,-6.300000000000000000e+02,4.300000000000000000e+01,2.100000000000000000e+01
1.680080652293321133e+09,1.614800000000000000e+04,2.640000000000000000e+02,3.440000000000000000e+02,-6.460000000000000000e+02,4.800000000000000000e+01,1.700000000000000000e+01
1.680080652294395685e+09,1.615200000000000000e+04,3.040000000000000000e+02,3.280000000000000000e+02,-6.620000000000000000e+02,2.600000000000000000e+01,2.700000000000000000e+01
1.680080652295444489e+09,1.622000000000000000e+04,3.920000000000000000e+02,1.880000000000000000e+02,-6.450000000000000000e+02,4.400000000000000000e+01,3.900000000000000000e+01
1.680080652296422243e+09,1.624000000000000000e+04,2.840000000000000000e+02,2.160000000000000000e+02,-6.620000000000000000e+02,3.500000000000000000e+01,3.100000000000000000e+01
1.680080652297374487e+09,1.623600000000000000e+04,3.280000000000000000e+02,3.160000000000000000e+02,-6.480000000000000000e+02,2.700000000000000000e+01,3.100000000000000000e+01
1.680080652298408985e+09,1.619200000000000000e+04,3.280000000000000000e+02,2.480000000000000000e+02,-6.010000000000000000e+02,3.800000000000000000e+01,3.900000000000000000e+01
1.680080652299578905e+09,1.628000000000000000e+04,2.440000000000000000e+02,3.160000000000000000e+02,-6.220000000000000000e+02,2.900000000000000000e+01,2.900000000000000000e+01
1.680080652300676107e+09,1.621200000000000000e+04,3.360000000000000000e+02,4.200000000000000000e+02,-6.660000000000000000e+02,5.000000000000000000e+01,1.000000000000000000e+00
1.680080652301618576e+09,1.621200000000000000e+04,3.360000000000000000e+02,4.200000000000000000e+02,-6.670000000000000000e+02,7.200000000000000000e+01,1.100000000000000000e+01
1.680080652302624226e+09,1.594800000000000000e+04,2.640000000000000000e+02,4.240000000000000000e+02,-6.370000000000000000e+02,7.200000000000000000e+01,3.600000000000000000e+01
1.680080652303828716e+09,1.623600000000000000e+04,3.640000000000000000e+02,4.200000000000000000e+02,-6.270000000000000000e+02,7.100000000000000000e+01,3.300000000000000000e+01
1.680080652305058718e+09,1.632000000000000000e+04,3.680000000000000000e+02,4.720000000000000000e+02,-6.320000000000000000e+02,5.700000000000000000e+01,2.100000000000000000e+01
1.680080652306372166e+09,1.613200000000000000e+04,3.600000000000000000e+02,3.120000000000000000e+02,-6.500000000000000000e+02,1.200000000000000000e+01,3.900000000000000000e+01
1.680080652307420492e+09,1.614400000000000000e+04,3.440000000000000000e+02,3.280000000000000000e+02,-6.580000000000000000e+02,9.000000000000000000e+00,1.900000000000000000e+01
1.680080652308605433e+09,1.623200000000000000e+04,2.760000000000000000e+02,4.600000000000000000e+02,-6.200000000000000000e+02,1.300000000000000000e+01,1.600000000000000000e+01
1.680080652309736252e+09,1.623200000000000000e+04,3.080000000000000000e+02,3.320000000000000000e+02,-6.380000000000000000e+02,4.500000000000000000e+01,2.300000000000000000e+01
1.680080652310749531e+09,1.626000000000000000e+04,2.520000000000000000e+02,3.480000000000000000e+02,-6.920000000000000000e+02,5.500000000000000000e+01,2.300000000000000000e+01
1.680080652311683178e+09,1.622800000000000000e+04,3.080000000000000000e+02,3.760000000000000000e+02,-6.730000000000000000e+02,3.500000000000000000e+01,4.200000000000000000e+01
1.680080652312755108e+09,1.622800000000000000e+04,3.080000000000000000e+02,3.480000000000000000e+02,-6.410000000000000000e+02,4.300000000000000000e+01,6.000000000000000000e+01
1.680080652313816309e+09,1.613600000000000000e+04,3.280000000000000000e+02,2.320000000000000000e+02,-6.710000000000000000e+02,2.800000000000000000e+01,4.200000000000000000e+01
1.680080652314773560e+09,1.604400000000000000e+04,3.040000000000000000e+02,2.240000000000000000e+02,-6.390000000000000000e+02,2.600000000000000000e+01,2.900000000000000000e+01
1.680080652315958023e+09,1.608400000000000000e+04,3.400000000000000000e+02,2.200000000000000000e+02,-6.240000000000000000e+02,2.700000000000000000e+01,1.800000000000000000e+01
1.680080652317035437e+09,1.619600000000000000e+04,3.280000000000000000e+02,3.600000000000000000e+02,-6.350000000000000000e+02,2.200000000000000000e+01,3.100000000000000000e+01
1.680080652318073273e+09,1.625200000000000000e+04,2.720000000000000000e+02,4.400000000000000000e+02,-6.230000000000000000e+02,2.400000000000000000e+01,2.500000000000000000e+01
1.680080652319176674e+09,1.624400000000000000e+04,3.280000000000000000e+02,3.280000000000000000e+02,-6.250000000000000000e+02,5.800000000000000000e+01,4.100000000000000000e+01
1.680080652320151567e+09,1.607600000000000000e+04,3.080000000000000000e+02,3.000000000000000000e+02,-6.580000000000000000e+02,6.000000000000000000e+01,5.700000000000000000e+01
1.680080652321082830e+09,1.609600000000000000e+04,2.280000000000000000e+02,3.320000000000000000e+02,-6.480000000000000000e+02,4.400000000000000000e+01,4.500000000000000000e+01
1.680080652322038174e+09,1.621200000000000000e+04,2.120000000000000000e+02,2.880000000000000000e+02,-6.220000000000000000e+02,5.100000000000000000e+01,1.300000000000000000e+01
1.680080652322973490e+09,1.618000000000000000e+04,3.280000000000000000e+02,3.440000000000000000e+02,-6.420000000000000000e+02,5.500000000000000000e+01,1.800000000000000000e+01
1.680080652324043751e+09,1.626000000000000000e+04,3.440000000000000000e+02,2.440000000000000000e+02,-6.670000000000000000e+02,4.300000000000000000e+01,1.400000000000000000e+01
1.680080652325031519e+09,1.614400000000000000e+04,3.080000000000000000e+02,2.520000000000000000e+02,-6.430000000000000000e+02,5.000000000000000000e+01,3.200000000000000000e+01
1.680080652325968027e+09,1.608800000000000000e+04,2.920000000000000000e+02,3.680000000000000000e+02,-6.320000000000000000e+02,4.400000000000000000e+01,4.300000000000000000e+01
1.680080652326993227e+09,1.607200000000000000e+04,2.920000000000000000e+02,3.400000000000000000e+02,-6.340000000000000000e+02,2.800000000000000000e+01,1.500000000000000000e+01
1.680080652327924252e+09,1.614400000000000000e+04,2.320000000000000000e+02,3.920000000000000000e+02,-6.200000000000000000e+02,2.900000000000000000e+01,2.300000000000000000e+01
1.680080652329022646e+09,1.615200000000000000e+04,3.040000000000000000e+02,4.000000000000000000e+02,-6.580000000000000000e+02,1.500000000000000000e+01,3.500000000000000000e+01
1.680080652329968214e+09,1.622800000000000000e+04,2.120000000000000000e+02,2.840000000000000000e+02,-6.630000000000000000e+02,2.700000000000000000e+01,3.300000000000000000e+01
1.680080652330893278e+09,1.623600000000000000e+04,3.520000000000000000e+02,2.720000000000000000e+02,-6.550000000000000000e+02,4.600000000000000000e+01,3.200000000000000000e+01
1.680080652331981421e+09,1.623200000000000000e+04,3.040000000000000000e+02,3.840000000000000000e+02,-6.650000000000000000e+02,5.200000000000000000e+01,3.600000000000000000e+01
1.680080652333243608e+09,1.626000000000000000e+04,2.120000000000000000e+02,2.200000000000000000e+02,-6.210000000000000000e+02,5.600000000000000000e+01,3.500000000000000000e+01
1.680080652334863186e+09,1.612000000000000000e+04,2.800000000000000000e+02,2.920000000000000000e+02,-6.480000000000000000e+02,4.800000000000000000e+01,2.400000000000000000e+01
1.680080652336740255e+09,1.613600000000000000e+04,1.800000000000000000e+02,3.560000000000000000e+02,-6.390000000000000000e+02,3.100000000000000000e+01,4.800000000000000000e+01
1.680080652337970734e+09,1.611200000000000000e+04,2.080000000000000000e+02,4.320000000000000000e+02,-6.680000000000000000e+02,3.600000000000000000e+01,4.900000000000000000e+01
1.680080652339515448e+09,1.612800000000000000e+04,2.760000000000000000e+02,3.520000000000000000e+02,-6.760000000000000000e+02,4.200000000000000000e+01,3.400000000000000000e+01
1.680080652341491461e+09,1.617200000000000000e+04,1.880000000000000000e+02,4.200000000000000000e+02,-6.550000000000000000e+02,4.200000000000000000e+01,1.800000000000000000e+01
1.680080652342606068e+09,1.608800000000000000e+04,2.480000000000000000e+02,3.840000000000000000e+02,-6.370000000000000000e+02,3.400000000000000000e+01,3.500000000000000000e+01
1.680080652344099522e+09,1.617600000000000000e+04,2.040000000000000000e+02,4.840000000000000000e+02,-6.550000000000000000e+02,3.400000000000000000e+01,4.200000000000000000e+01
1.680080652346053123e+09,1.616000000000000000e+04,3.320000000000000000e+02,2.560000000000000000e+02,-6.020000000000000000e+02,4.100000000000000000e+01,4.900000000000000000e+01
1.680080652347094536e+09,1.617600000000000000e+04,2.520000000000000000e+02,2.360000000000000000e+02,-6.330000000000000000e+02,4.700000000000000000e+01,3.900000000000000000e+01
1.680080652348810673e+09,1.623600000000000000e+04,3.000000000000000000e+02,3.440000000000000000e+02,-6.820000000000000000e+02,3.900000000000000000e+01,3.200000000000000000e+01
1.680080652350652933e+09,1.625200000000000000e+04,3.680000000000000000e+02,3.800000000000000000e+02,-6.010000000000000000e+02,4.600000000000000000e+01,4.400000000000000000e+01
1.680080652351821899e+09,1.620000000000000000e+04,2.960000000000000000e+02,3.360000000000000000e+02,-6.370000000000000000e+02,4.000000000000000000e+01,3.000000000000000000e+01
1.680080652353476524e+09,1.630400000000000000e+04,2.680000000000000000e+02,4.320000000000000000e+02,-6.560000000000000000e+02,6.200000000000000000e+01,2.000000000000000000e+01
1.680080652355386257e+09,1.632800000000000000e+04,3.720000000000000000e+02,2.680000000000000000e+02,-6.350000000000000000e+02,3.200000000000000000e+01,5.000000000000000000e+01
1.680080652356851101e+09,1.620400000000000000e+04,3.160000000000000000e+02,3.160000000000000000e+02,-6.160000000000000000e+02,4.300000000000000000e+01,4.100000000000000000e+01
1.680080652358407736e+09,1.619200000000000000e+04,3.400000000000000000e+02,2.920000000000000000e+02,-6.310000000000000000e+02,2.300000000000000000e+01,1.800000000000000000e+01
1.680080652360235453e+09,1.614000000000000000e+04,3.240000000000000000e+02,4.760000000000000000e+02,-6.470000000000000000e+02,4.900000000000000000e+01,5.600000000000000000e+01
1.680080652361563206e+09,1.611600000000000000e+04,2.520000000000000000e+02,2.800000000000000000e+02,-6.120000000000000000e+02,2.500000000000000000e+01,4.800000000000000000e+01
1.680080652363101006e+09,1.617200000000000000e+04,2.640000000000000000e+02,3.520000000000000000e+02,-5.990000000000000000e+02,5.200000000000000000e+01,3.000000000000000000e+01
1.680080652365014315e+09,1.612400000000000000e+04,3.000000000000000000e+02,4.160000000000000000e+02,-6.580000000000000000e+02,3.400000000000000000e+01,7.000000000000000000e+00
1.680080652365955114e+09,1.613200000000000000e+04,3.680000000000000000e+02,3.640000000000000000e+02,-6.340000000000000000e+02,4.800000000000000000e+01,2.400000000000000000e+01
1.680080652366916656e+09,1.628800000000000000e+04,3.360000000000000000e+02,2.720000000000000000e+02,-6.090000000000000000e+02,6.100000000000000000e+01,4.400000000000000000e+01
1.680080652369440317e+09,1.626000000000000000e+04,4.280000000000000000e+02,2.720000000000000000e+02,-6.130000000000000000e+02,3.900000000000000000e+01,3.000000000000000000e+01
1.680080652372288227e+09,1.609600000000000000e+04,3.280000000000000000e+02,3.520000000000000000e+02,-6.460000000000000000e+02,4.900000000000000000e+01,2.400000000000000000e+01
1.680080652375686884e+09,1.619200000000000000e+04,3.440000000000000000e+02,2.400000000000000000e+02,-6.480000000000000000e+02,4.600000000000000000e+01,4.900000000000000000e+01
1.680080652377713203e+09,1.618800000000000000e+04,3.680000000000000000e+02,3.640000000000000000e+02,-6.450000000000000000e+02,5.000000000000000000e+01,3.600000000000000000e+01
1.680080652379598856e+09,1.622000000000000000e+04,3.720000000000000000e+02,2.120000000000000000e+02,-6.260000000000000000e+02,4.900000000000000000e+01,2.600000000000000000e+01
1.680080652380726576e+09,1.621200000000000000e+04,4.600000000000000000e+02,2.400000000000000000e+02,-6.270000000000000000e+02,4.700000000000000000e+01,4.200000000000000000e+01
1.680080652381672621e+09,1.608800000000000000e+04,4.600000000000000000e+02,3.480000000000000000e+02,-6.400000000000000000e+02,2.100000000000000000e+01,2.900000000000000000e+01
1.680080652382757187e+09,1.612000000000000000e+04,4.160000000000000000e+02,2.880000000000000000e+02,-6.260000000000000000e+02,1.000000000000000000e+01,3.700000000000000000e+01
1.680080652383805513e+09,1.612000000000000000e+04,3.520000000000000000e+02,2.600000000000000000e+02,-6.060000000000000000e+02,5.600000000000000000e+01,3.400000000000000000e+01
1.680080652384926796e+09,1.617200000000000000e+04,4.280000000000000000e+02,2.280000000000000000e+02,-6.410000000000000000e+02,5.700000000000000000e+01,4.800000000000000000e+01
1.680080652385906458e+09,1.610000000000000000e+04,3.600000000000000000e+02,1.760000000000000000e+02,-6.270000000000000000e+02,2.800000000000000000e+01,4.600000000000000000e+01
1.680080652386881351e+09,1.608000000000000000e+04,4.080000000000000000e+02,2.480000000000000000e+02,-6.120000000000000000e+02,3.500000000000000000e+01,2.900000000000000000e+01
1.680080652388233185e+09,1.618400000000000000e+04,4.240000000000000000e+02,2.920000000000000000e+02,-6.280000000000000000e+02,5.200000000000000000e+01,1.800000000000000000e+01
1.680080652389189959e+09,1.620400000000000000e+04,3.840000000000000000e+02,2.920000000000000000e+02,-6.330000000000000000e+02,4.100000000000000000e+01,2.300000000000000000e+01
1.680080652390239716e+09,1.612800000000000000e+04,3.760000000000000000e+02,2.520000000000000000e+02,-6.130000000000000000e+02,1.600000000000000000e+01,2.000000000000000000e+01
1.680080652391265869e+09,1.621600000000000000e+04,5.200000000000000000e+02,3.560000000000000000e+02,-5.970000000000000000e+02,3.300000000000000000e+01,2.100000000000000000e+01
1.680080652392448664e+09,1.621200000000000000e+04,3.760000000000000000e+02,2.640000000000000000e+02,-6.330000000000000000e+02,6.500000000000000000e+01,2.400000000000000000e+01
1.680080652393419743e+09,1.633600000000000000e+04,4.560000000000000000e+02,2.280000000000000000e+02,-6.710000000000000000e+02,5.800000000000000000e+01,2.000000000000000000e+01
1.680080652394519806e+09,1.627200000000000000e+04,3.960000000000000000e+02,3.440000000000000000e+02,-6.510000000000000000e+02,3.200000000000000000e+01,2.800000000000000000e+01
1.680080652395483494e+09,1.628400000000000000e+04,3.520000000000000000e+02,3.560000000000000000e+02,-6.250000000000000000e+02,5.600000000000000000e+01,5.300000000000000000e+01
1.680080652396428823e+09,1.622400000000000000e+04,4.120000000000000000e+02,2.960000000000000000e+02,-6.240000000000000000e+02,6.600000000000000000e+01,5.400000000000000000e+01
1.680080652397392273e+09,1.618000000000000000e+04,3.480000000000000000e+02,2.480000000000000000e+02,-6.700000000000000000e+02,4.200000000000000000e+01,4.700000000000000000e+01
1.680080652398435116e+09,1.618400000000000000e+04,3.760000000000000000e+02,1.360000000000000000e+02,-6.410000000000000000e+02,5.200000000000000000e+01,2.500000000000000000e+01
1.680080652399434328e+09,1.612000000000000000e+04,4.000000000000000000e+02,2.280000000000000000e+02,-6.150000000000000000e+02,5.500000000000000000e+01,2.100000000000000000e+01
1.680080652400394440e+09,1.618800000000000000e+04,3.160000000000000000e+02,3.440000000000000000e+02,-6.420000000000000000e+02,3.800000000000000000e+01,1.400000000000000000e+01
1.680080652401570559e+09,1.612000000000000000e+04,3.160000000000000000e+02,2.040000000000000000e+02,-6.370000000000000000e+02,2.800000000000000000e+01,3.600000000000000000e+01
1.680080652402630091e+09,1.613600000000000000e+04,2.920000000000000000e+02,2.800000000000000000e+02,-6.230000000000000000e+02,3.500000000000000000e+01,2.600000000000000000e+01
1.680080652403599024e+09,1.618400000000000000e+04,2.720000000000000000e+02,3.560000000000000000e+02,-6.520000000000000000e+02,3.500000000000000000e+01,4.200000000000000000e+01
1.680080652404681444e+09,1.622800000000000000e+04,3.440000000000000000e+02,2.720000000000000000e+02,-6.680000000000000000e+02,1.800000000000000000e+01,5.600000000000000000e+01
1.680080652405629635e+09,1.623200000000000000e+04,2.800000000000000000e+02,3.440000000000000000e+02,-6.130000000000000000e+02,2.100000000000000000e+01,3.700000000000000000e+01
1.680080652406589031e+09,1.617600000000000000e+04,3.560000000000000000e+02,2.160000000000000000e+02,-6.040000000000000000e+02,3.900000000000000000e+01,3.400000000000000000e+01
1.680080652407881498e+09,1.616400000000000000e+04,3.000000000000000000e+02,3.080000000000000000e+02,-6.780000000000000000e+02,3.900000000000000000e+01,1.800000000000000000e+01
1.680080652408842087e+09,1.615200000000000000e+04,2.840000000000000000e+02,2.720000000000000000e+02,-6.850000000000000000e+02,7.000000000000000000e+00,2.700000000000000000e+01
1.680080652409969807e+09,1.617200000000000000e+04,3.160000000000000000e+02,3.040000000000000000e+02,-6.190000000000000000e+02,2.200000000000000000e+01,5.300000000000000000e+01
1.680080652410923243e+09,1.612800000000000000e+04,3.200000000000000000e+02,4.240000000000000000e+02,-6.120000000000000000e+02,4.700000000000000000e+01,4.500000000000000000e+01
1.680080652412001371e+09,1.616400000000000000e+04,2.560000000000000000e+02,2.200000000000000000e+02,-6.610000000000000000e+02,7.200000000000000000e+01,3.100000000000000000e+01
1.680080652412935734e+09,1.608000000000000000e+04,1.680000000000000000e+02,2.640000000000000000e+02,-6.890000000000000000e+02,5.100000000000000000e+01,2.100000000000000000e+01
1.680080652414054155e+09,1.617200000000000000e+04,3.040000000000000000e+02,3.520000000000000000e+02,-6.480000000000000000e+02,2.600000000000000000e+01,4.500000000000000000e+01
1.680080652415014744e+09,1.612000000000000000e+04,2.800000000000000000e+02,1.360000000000000000e+02,-6.220000000000000000e+02,2.800000000000000000e+01,4.900000000000000000e+01
1.680080652415939093e+09,1.609600000000000000e+04,2.680000000000000000e+02,1.960000000000000000e+02,-6.280000000000000000e+02,2.100000000000000000e+01,4.600000000000000000e+01
1.680080652417104959e+09,1.613200000000000000e+04,2.800000000000000000e+02,2.320000000000000000e+02,-6.360000000000000000e+02,3.000000000000000000e+01,4.700000000000000000e+01
1.680080652418160677e+09,1.620800000000000000e+04,3.880000000000000000e+02,3.240000000000000000e+02,-6.580000000000000000e+02,4.800000000000000000e+01,5.600000000000000000e+01
1.680080652419122696e+09,1.618800000000000000e+04,3.520000000000000000e+02,3.640000000000000000e+02,-6.450000000000000000e+02,6.400000000000000000e+01,3.900000000000000000e+01
1.680080652420066595e+09,1.614000000000000000e+04,2.680000000000000000e+02,1.760000000000000000e+02,-6.310000000000000000e+02,6.700000000000000000e+01,3.300000000000000000e+01
1.680080652421096802e+09,1.610800000000000000e+04,2.640000000000000000e+02,2.320000000000000000e+02,-6.340000000000000000e+02,4.100000000000000000e+01,2.200000000000000000e+01
1.680080652422169447e+09,1.622000000000000000e+04,2.120000000000000000e+02,4.000000000000000000e+02,-6.330000000000000000e+02,1.000000000000000000e+01,5.700000000000000000e+01
1.680080652423122644e+09,1.622000000000000000e+04,2.120000000000000000e+02,4.000000000000000000e+02,-6.280000000000000000e+02,2.600000000000000000e+01,5.500000000000000000e+01
1.680080652424155474e+09,1.618000000000000000e+04,2.800000000000000000e+02,3.360000000000000000e+02,-6.530000000000000000e+02,3.900000000000000000e+01,3.700000000000000000e+01
1.680080652425103664e+09,1.618000000000000000e+04,2.800000000000000000e+02,3.360000000000000000e+02,-6.460000000000000000e+02,3.400000000000000000e+01,2.300000000000000000e+01
1.680080652426061153e+09,1.613200000000000000e+04,2.520000000000000000e+02,3.160000000000000000e+02,-6.420000000000000000e+02,6.500000000000000000e+01,3.800000000000000000e+01
1.680080652427416563e+09,1.616800000000000000e+04,1.760000000000000000e+02,2.360000000000000000e+02,-6.660000000000000000e+02,5.400000000000000000e+01,2.000000000000000000e+01
1.680080652429156542e+09,1.608400000000000000e+04,1.800000000000000000e+02,2.600000000000000000e+02,-6.520000000000000000e+02,5.600000000000000000e+01,2.900000000000000000e+01
1.680080652431197882e+09,1.620000000000000000e+04,3.000000000000000000e+02,3.080000000000000000e+02,-6.390000000000000000e+02,1.600000000000000000e+01,4.000000000000000000e+01
1.680080652432309151e+09,1.608400000000000000e+04,2.200000000000000000e+02,2.680000000000000000e+02,-6.140000000000000000e+02,4.800000000000000000e+01,4.100000000000000000e+01
1.680080652433856964e+09,1.619600000000000000e+04,1.760000000000000000e+02,3.400000000000000000e+02,-6.540000000000000000e+02,4.500000000000000000e+01,4.200000000000000000e+01
1.680080652436148167e+09,1.627200000000000000e+04,2.240000000000000000e+02,4.680000000000000000e+02,-6.510000000000000000e+02,2.500000000000000000e+01,2.600000000000000000e+01
1.680080652437303782e+09,1.609200000000000000e+04,2.120000000000000000e+02,3.680000000000000000e+02,-6.060000000000000000e+02,9.000000000000000000e+00,4.100000000000000000e+01
1.680080652438844442e+09,1.620400000000000000e+04,2.280000000000000000e+02,3.800000000000000000e+02,-6.140000000000000000e+02,5.500000000000000000e+01,2.400000000000000000e+01
1.680080652440915823e+09,1.628400000000000000e+04,1.600000000000000000e+02,3.560000000000000000e+02,-6.770000000000000000e+02,3.100000000000000000e+01,4.500000000000000000e+01
1.680080652441959143e+09,1.618800000000000000e+04,2.480000000000000000e+02,4.680000000000000000e+02,-6.110000000000000000e+02,2.600000000000000000e+01,4.200000000000000000e+01
1.680080652443523407e+09,1.618000000000000000e+04,2.840000000000000000e+02,2.280000000000000000e+02,-6.310000000000000000e+02,5.800000000000000000e+01,4.900000000000000000e+01
1.680080652445556641e+09,1.609200000000000000e+04,2.440000000000000000e+02,3.760000000000000000e+02,-6.440000000000000000e+02,-9.000000000000000000e+00,4.100000000000000000e+01
1.680080652446690321e+09,1.618400000000000000e+04,3.000000000000000000e+02,3.200000000000000000e+02,-5.920000000000000000e+02,2.200000000000000000e+01,1.700000000000000000e+01
1.680080652448266268e+09,1.607200000000000000e+04,3.000000000000000000e+02,3.720000000000000000e+02,-6.420000000000000000e+02,8.800000000000000000e+01,3.500000000000000000e+01
1.680080652450207233e+09,1.617600000000000000e+04,3.320000000000000000e+02,3.480000000000000000e+02,-6.180000000000000000e+02,2.400000000000000000e+01,4.900000000000000000e+01
1.680080652451296329e+09,1.633200000000000000e+04,2.760000000000000000e+02,2.480000000000000000e+02,-5.830000000000000000e+02,5.000000000000000000e+01,1.600000000000000000e+01
1.680080652453357935e+09,1.616800000000000000e+04,3.280000000000000000e+02,2.280000000000000000e+02,-6.650000000000000000e+02,4.000000000000000000e+01,1.100000000000000000e+01
1.680080652455223560e+09,1.606000000000000000e+04,2.400000000000000000e+02,3.360000000000000000e+02,-6.140000000000000000e+02,5.700000000000000000e+01,5.900000000000000000e+01
1.680080652456690550e+09,1.608400000000000000e+04,2.640000000000000000e+02,4.560000000000000000e+02,-6.440000000000000000e+02,5.400000000000000000e+01,1.400000000000000000e+01
1.680080652458237171e+09,1.570000000000000000e+04,3.520000000000000000e+02,5.000000000000000000e+02,-6.360000000000000000e+02,3.900000000000000000e+01,1.300000000000000000e+01
1.680080652460199356e+09,1.640400000000000000e+04,3.080000000000000000e+02,3.880000000000000000e+02,-6.490000000000000000e+02,-1.000000000000000000e+00,3.100000000000000000e+01
1.680080652461544752e+09,1.627200000000000000e+04,3.000000000000000000e+02,3.720000000000000000e+02,-6.150000000000000000e+02,-5.000000000000000000e+00,3.600000000000000000e+01
1.680080652462672472e+09,1.636800000000000000e+04,3.400000000000000000e+02,3.640000000000000000e+02,-6.370000000000000000e+02,5.100000000000000000e+01,2.500000000000000000e+01
1.680080652464823484e+09,1.610000000000000000e+04,3.440000000000000000e+02,2.320000000000000000e+02,-6.500000000000000000e+02,3.100000000000000000e+01,5.100000000000000000e+01
1.680080652466950178e+09,1.622800000000000000e+04,1.760000000000000000e+02,4.880000000000000000e+02,-6.390000000000000000e+02,1.900000000000000000e+01,2.000000000000000000e+01
1.680080652468839407e+09,1.624000000000000000e+04,2.040000000000000000e+02,5.000000000000000000e+02,-6.120000000000000000e+02,7.100000000000000000e+01,4.300000000000000000e+01
1.680080652470859528e+09,1.628400000000000000e+04,3.720000000000000000e+02,4.640000000000000000e+02,-6.030000000000000000e+02,4.600000000000000000e+01,2.200000000000000000e+01
1.680080652473889589e+09,1.612000000000000000e+04,3.560000000000000000e+02,3.680000000000000000e+02,-6.700000000000000000e+02,1.800000000000000000e+01,3.400000000000000000e+01
1.680080652474924088e+09,1.614400000000000000e+04,3.120000000000000000e+02,5.640000000000000000e+02,-6.250000000000000000e+02,2.000000000000000000e+01,5.400000000000000000e+01
1.680080652475986004e+09,1.629600000000000000e+04,3.760000000000000000e+02,4.160000000000000000e+02,-5.870000000000000000e+02,4.400000000000000000e+01,5.100000000000000000e+01
1.680080652476974964e+09,1.619600000000000000e+04,3.520000000000000000e+02,4.800000000000000000e+02,-6.210000000000000000e+02,2.900000000000000000e+01,3.300000000000000000e+01
1.680080652478246212e+09,1.613600000000000000e+04,3.840000000000000000e+02,3.360000000000000000e+02,-6.990000000000000000e+02,1.200000000000000000e+01,-1.000000000000000000e+00
1.680080652479260683e+09,1.617600000000000000e+04,3.000000000000000000e+02,3.840000000000000000e+02,-6.520000000000000000e+02,1.800000000000000000e+01,1.800000000000000000e+01
1.680080652480185747e+09,1.426800000000000000e+04,4.400000000000000000e+02,1.244000000000000000e+03,-5.990000000000000000e+02,-1.360000000000000000e+02,5.800000000000000000e+01
1.680080652481336832e+09,1.291200000000000000e+04,1.280000000000000000e+02,-1.240000000000000000e+02,-6.100000000000000000e+02,1.780000000000000000e+02,7.600000000000000000e+01
1.680080652482359648e+09,2.048400000000000000e+04,6.720000000000000000e+02,-3.840000000000000000e+02,-6.400000000000000000e+02,2.560000000000000000e+02,1.010000000000000000e+02
1.680080652483288765e+09,2.100000000000000000e+04,-3.400000000000000000e+02,7.720000000000000000e+02,-6.390000000000000000e+02,3.800000000000000000e+01,-2.000000000000000000e+00
1.680080652484378099e+09,1.568400000000000000e+04,-1.600000000000000000e+01,4.040000000000000000e+02,-6.340000000000000000e+02,4.700000000000000000e+01,-1.040000000000000000e+02
1.680080652485476017e+09,1.489600000000000000e+04,6.240000000000000000e+02,5.880000000000000000e+02,-6.480000000000000000e+02,-4.700000000000000000e+01,-4.900000000000000000e+01
1.680080652486658096e+09,1.361600000000000000e+04,9.840000000000000000e+02,6.480000000000000000e+02,-6.830000000000000000e+02,1.040000000000000000e+02,9.800000000000000000e+01
1.680080652487618208e+09,1.496000000000000000e+04,6.600000000000000000e+02,1.360000000000000000e+02,-6.710000000000000000e+02,4.300000000000000000e+01,1.230000000000000000e+02
1.680080652488550186e+09,1.717600000000000000e+04,3.120000000000000000e+02,9.320000000000000000e+02,-6.420000000000000000e+02,3.600000000000000000e+01,6.400000000000000000e+01
1.680080652489774942e+09,1.801200000000000000e+04,6.800000000000000000e+01,1.240000000000000000e+02,-6.600000000000000000e+02,3.600000000000000000e+01,1.200000000000000000e+01
1.680080652490797281e+09,1.653600000000000000e+04,3.480000000000000000e+02,1.200000000000000000e+01,-6.420000000000000000e+02,9.400000000000000000e+01,2.200000000000000000e+01
1.680080652491964340e+09,1.647200000000000000e+04,3.960000000000000000e+02,5.880000000000000000e+02,-6.420000000000000000e+02,-1.000000000000000000e+00,9.000000000000000000e+00
1.680080652492967606e+09,1.535600000000000000e+04,2.880000000000000000e+02,-2.280000000000000000e+02,-6.710000000000000000e+02,6.100000000000000000e+01,-3.000000000000000000e+00
1.680080652494055510e+09,1.504000000000000000e+04,1.520000000000000000e+02,1.036000000000000000e+03,-6.660000000000000000e+02,-2.000000000000000000e+01,-2.100000000000000000e+01
1.680080652494983912e+09,1.600000000000000000e+04,4.440000000000000000e+02,-1.080000000000000000e+02,-6.290000000000000000e+02,4.200000000000000000e+01,1.000000000000000000e+01
1.680080652496317148e+09,1.737600000000000000e+04,6.360000000000000000e+02,3.160000000000000000e+02,-6.410000000000000000e+02,-8.000000000000000000e+00,6.100000000000000000e+01
1.680080652497312546e+09,1.613200000000000000e+04,7.600000000000000000e+01,7.480000000000000000e+02,-6.300000000000000000e+02,-1.000000000000000000e+00,2.900000000000000000e+01
1.680080652498233318e+09,1.590000000000000000e+04,4.640000000000000000e+02,-3.240000000000000000e+02,-6.300000000000000000e+02,9.400000000000000000e+01,5.000000000000000000e+01
1.680080652499442339e+09,1.583200000000000000e+04,2.400000000000000000e+02,8.360000000000000000e+02,-6.620000000000000000e+02,2.200000000000000000e+01,3.900000000000000000e+01
1.680080652500415564e+09,1.491600000000000000e+04,4.600000000000000000e+02,3.200000000000000000e+01,-6.900000000000000000e+02,1.030000000000000000e+02,4.500000000000000000e+01
1.680080652501328468e+09,1.638800000000000000e+04,4.400000000000000000e+02,1.120000000000000000e+02,-6.520000000000000000e+02,1.070000000000000000e+02,4.000000000000000000e+01
1.680080652502404213e+09,1.740400000000000000e+04,1.360000000000000000e+02,5.040000000000000000e+02,-6.130000000000000000e+02,2.900000000000000000e+01,1.900000000000000000e+01
1.680080652503342867e+09,1.713600000000000000e+04,2.240000000000000000e+02,2.080000000000000000e+02,-6.270000000000000000e+02,4.600000000000000000e+01,2.600000000000000000e+01
1.680080652504328489e+09,1.543600000000000000e+04,5.440000000000000000e+02,3.200000000000000000e+01,-6.620000000000000000e+02,6.700000000000000000e+01,5.600000000000000000e+01
1.680080652505361080e+09,1.534000000000000000e+04,4.120000000000000000e+02,5.360000000000000000e+02,-6.990000000000000000e+02,3.000000000000000000e+00,7.900000000000000000e+01
1.680080652506303787e+09,1.546800000000000000e+04,2.800000000000000000e+02,-9.200000000000000000e+01,-6.610000000000000000e+02,7.100000000000000000e+01,6.100000000000000000e+01
1.680080652507282495e+09,1.593200000000000000e+04,6.000000000000000000e+01,5.080000000000000000e+02,-6.320000000000000000e+02,3.000000000000000000e+00,3.100000000000000000e+01
1.680080652508334637e+09,1.670000000000000000e+04,1.840000000000000000e+02,2.960000000000000000e+02,-6.380000000000000000e+02,4.000000000000000000e+00,2.900000000000000000e+01
1.680080652509453535e+09,1.725600000000000000e+04,4.640000000000000000e+02,-4.480000000000000000e+02,-6.140000000000000000e+02,7.000000000000000000e+01,4.900000000000000000e+01
1.680080652510614872e+09,1.680000000000000000e+04,1.600000000000000000e+02,6.840000000000000000e+02,-6.330000000000000000e+02,2.500000000000000000e+01,3.800000000000000000e+01
1.680080652511616468e+09,1.623200000000000000e+04,1.040000000000000000e+02,2.640000000000000000e+02,-6.890000000000000000e+02,3.900000000000000000e+01,2.800000000000000000e+01
1.680080652512672663e+09,1.523200000000000000e+04,2.200000000000000000e+02,4.800000000000000000e+01,-6.670000000000000000e+02,1.100000000000000000e+01,1.600000000000000000e+01
1.680080652513637781e+09,1.551600000000000000e+04,3.680000000000000000e+02,4.280000000000000000e+02,-6.200000000000000000e+02,7.300000000000000000e+01,5.700000000000000000e+01
1.680080652514573574e+09,1.662800000000000000e+04,5.560000000000000000e+02,1.600000000000000000e+01,-6.250000000000000000e+02,6.500000000000000000e+01,7.200000000000000000e+01
1.680080652515653610e+09,1.671200000000000000e+04,1.680000000000000000e+02,4.320000000000000000e+02,-6.550000000000000000e+02,1.800000000000000000e+01,5.700000000000000000e+01
1.680080652516678095e+09,1.565200000000000000e+04,1.200000000000000000e+01,1.560000000000000000e+02,-6.700000000000000000e+02,-2.000000000000000000e+00,3.400000000000000000e+01
1.680080652517604589e+09,1.609200000000000000e+04,2.600000000000000000e+02,2.160000000000000000e+02,-6.470000000000000000e+02,6.400000000000000000e+01,3.400000000000000000e+01
1.680080652518752098e+09,1.598800000000000000e+04,3.000000000000000000e+02,1.240000000000000000e+02,-6.340000000000000000e+02,6.300000000000000000e+01,2.700000000000000000e+01
1.680080652519708395e+09,1.591600000000000000e+04,1.600000000000000000e+02,5.120000000000000000e+02,-6.640000000000000000e+02,3.200000000000000000e+01,-7.000000000000000000e+00
1.680080652520657778e+09,1.566400000000000000e+04,1.080000000000000000e+02,2.120000000000000000e+02,-6.360000000000000000e+02,4.000000000000000000e+01,1.000000000000000000e+01
1.680080652521843910e+09,1.638800000000000000e+04,2.920000000000000000e+02,6.000000000000000000e+01,-6.160000000000000000e+02,8.800000000000000000e+01,2.300000000000000000e+01
1.680080652523359537e+09,1.591600000000000000e+04,2.720000000000000000e+02,4.040000000000000000e+02,-6.750000000000000000e+02,2.300000000000000000e+01,2.400000000000000000e+01
1.680080652525329351e+09,1.631600000000000000e+04,3.040000000000000000e+02,-4.000000000000000000e+00,-6.060000000000000000e+02,3.400000000000000000e+01,4.100000000000000000e+01
1.680080652526428223e+09,1.642800000000000000e+04,1.240000000000000000e+02,4.400000000000000000e+02,-6.210000000000000000e+02,8.000000000000000000e+01,5.500000000000000000e+01
1.680080652528059244e+09,1.637600000000000000e+04,3.840000000000000000e+02,1.880000000000000000e+02,-6.780000000000000000e+02,5.700000000000000000e+01,2.000000000000000000e+00
1.680080652529928207e+09,1.619600000000000000e+04,3.560000000000000000e+02,1.680000000000000000e+02,-6.180000000000000000e+02,3.700000000000000000e+01,3.400000000000000000e+01
1.680080652531049728e+09,1.636400000000000000e+04,2.240000000000000000e+02,5.480000000000000000e+02,-6.520000000000000000e+02,6.000000000000000000e+00,5.600000000000000000e+01
1.680080652532740355e+09,1.603600000000000000e+04,3.680000000000000000e+02,2.280000000000000000e+02,-6.330000000000000000e+02,6.400000000000000000e+01,4.200000000000000000e+01
1.680080652534709215e+09,1.608800000000000000e+04,1.880000000000000000e+02,2.960000000000000000e+02,-6.470000000000000000e+02,4.700000000000000000e+01,1.700000000000000000e+01
1.680080652536008596e+09,1.642000000000000000e+04,2.960000000000000000e+02,3.080000000000000000e+02,-6.290000000000000000e+02,2.500000000000000000e+01,3.100000000000000000e+01
1.680080652537571907e+09,1.596000000000000000e+04,3.600000000000000000e+02,2.440000000000000000e+02,-6.110000000000000000e+02,4.800000000000000000e+01,3.800000000000000000e+01
1.680080652539470434e+09,1.587600000000000000e+04,3.080000000000000000e+02,3.280000000000000000e+02,-6.770000000000000000e+02,1.400000000000000000e+01,2.100000000000000000e+01
1.680080652540484905e+09,1.613600000000000000e+04,3.720000000000000000e+02,2.520000000000000000e+02,-6.240000000000000000e+02,4.300000000000000000e+01,5.700000000000000000e+01
1.680080652542252541e+09,1.641200000000000000e+04,2.240000000000000000e+02,2.440000000000000000e+02,-6.340000000000000000e+02,4.400000000000000000e+01,3.000000000000000000e+01
1.680080652544294119e+09,1.581600000000000000e+04,2.400000000000000000e+02,2.120000000000000000e+02,-6.410000000000000000e+02,4.000000000000000000e+01,2.400000000000000000e+01
1.680080652545313120e+09,1.598400000000000000e+04,3.600000000000000000e+02,2.880000000000000000e+02,-6.230000000000000000e+02,4.200000000000000000e+01,3.000000000000000000e+01
1.680080652546907187e+09,1.638000000000000000e+04,3.440000000000000000e+02,2.800000000000000000e+02,-6.460000000000000000e+02,5.500000000000000000e+01,4.400000000000000000e+01
1.680080652550218344e+09,1.620800000000000000e+04,3.280000000000000000e+02,4.200000000000000000e+02,-6.480000000000000000e+02,5.400000000000000000e+01,2.700000000000000000e+01
1.680080652551695347e+09,1.595600000000000000e+04,3.800000000000000000e+02,2.920000000000000000e+02,-6.350000000000000000e+02,3.700000000000000000e+01,4.000000000000000000e+00
1.680080652553251982e+09,1.628800000000000000e+04,4.280000000000000000e+02,2.600000000000000000e+02,-6.630000000000000000e+02,4.400000000000000000e+01,4.000000000000000000e+01
1.680080652555260181e+09,1.654000000000000000e+04,2.520000000000000000e+02,3.960000000000000000e+02,-6.180000000000000000e+02,2.600000000000000000e+01,3.700000000000000000e+01
1.680080652556213140e+09,1.631600000000000000e+04,3.600000000000000000e+02,2.280000000000000000e+02,-6.200000000000000000e+02,6.100000000000000000e+01,3.200000000000000000e+01
1.680080652557178736e+09,1.626800000000000000e+04,3.360000000000000000e+02,3.080000000000000000e+02,-6.300000000000000000e+02,8.300000000000000000e+01,7.000000000000000000e+00
1.680080652559298992e+09,1.594800000000000000e+04,3.160000000000000000e+02,3.800000000000000000e+02,-6.290000000000000000e+02,5.900000000000000000e+01,2.200000000000000000e+01
1.680080652561364174e+09,1.631200000000000000e+04,3.480000000000000000e+02,2.840000000000000000e+02,-6.440000000000000000e+02,6.000000000000000000e+01,2.000000000000000000e+01
1.680080652562935591e+09,1.629200000000000000e+04,2.720000000000000000e+02,2.600000000000000000e+02,-6.140000000000000000e+02,3.500000000000000000e+01,1.400000000000000000e+01
1.680080652564952135e+09,1.596000000000000000e+04,3.480000000000000000e+02,1.720000000000000000e+02,-6.520000000000000000e+02,6.300000000000000000e+01,1.600000000000000000e+01
1.680080652566921234e+09,1.631600000000000000e+04,2.720000000000000000e+02,5.080000000000000000e+02,-6.450000000000000000e+02,6.800000000000000000e+01,3.100000000000000000e+01
1.680080652567924738e+09,1.622800000000000000e+04,3.640000000000000000e+02,3.440000000000000000e+02,-6.390000000000000000e+02,5.400000000000000000e+01,2.500000000000000000e+01
1.680080652568860531e+09,1.630400000000000000e+04,4.000000000000000000e+02,5.280000000000000000e+02,-6.150000000000000000e+02,3.800000000000000000e+01,2.600000000000000000e+01
1.680080652570082188e+09,1.634800000000000000e+04,2.640000000000000000e+02,3.160000000000000000e+02,-6.400000000000000000e+02,1.800000000000000000e+01,9.000000000000000000e+00
1.680080652571062088e+09,1.616400000000000000e+04,3.320000000000000000e+02,2.360000000000000000e+02,-6.350000000000000000e+02,4.900000000000000000e+01,4.000000000000000000e+00
1.680080652572174311e+09,1.616800000000000000e+04,2.720000000000000000e+02,3.600000000000000000e+02,-6.120000000000000000e+02,6.300000000000000000e+01,2.100000000000000000e+01
1.680080652573325872e+09,1.633200000000000000e+04,3.320000000000000000e+02,4.240000000000000000e+02,-6.390000000000000000e+02,6.600000000000000000e+01,2.600000000000000000e+01
1.680080652574326515e+09,1.628400000000000000e+04,4.000000000000000000e+02,4.360000000000000000e+02,-6.420000000000000000e+02,3.800000000000000000e+01,2.600000000000000000e+01
1.680080652575463772e+09,1.618000000000000000e+04,3.400000000000000000e+02,5.040000000000000000e+02,-6.290000000000000000e+02,4.700000000000000000e+01,2.600000000000000000e+01
1.680080652576533794e+09,1.612000000000000000e+04,3.480000000000000000e+02,3.800000000000000000e+02,-6.510000000000000000e+02,5.000000000000000000e+00,3.200000000000000000e+01
1.680080652577558994e+09,1.602800000000000000e+04,2.520000000000000000e+02,4.120000000000000000e+02,-6.210000000000000000e+02,1.400000000000000000e+01,4.100000000000000000e+01
1.680080652578691483e+09,1.622000000000000000e+04,1.960000000000000000e+02,4.640000000000000000e+02,-6.090000000000000000e+02,7.000000000000000000e+01,3.200000000000000000e+01
1.680080652579725027e+09,1.619600000000000000e+04,2.920000000000000000e+02,5.120000000000000000e+02,-6.330000000000000000e+02,8.500000000000000000e+01,2.600000000000000000e+01
1.680080652580731153e+09,1.616400000000000000e+04,3.120000000000000000e+02,2.920000000000000000e+02,-6.440000000000000000e+02,5.500000000000000000e+01,3.300000000000000000e+01
1.680080652581768513e+09,1.625200000000000000e+04,2.240000000000000000e+02,2.800000000000000000e+02,-6.480000000000000000e+02,4.000000000000000000e+01,3.900000000000000000e+01
1.680080652582889795e+09,1.607600000000000000e+04,2.560000000000000000e+02,4.200000000000000000e+02,-6.250000000000000000e+02,5.100000000000000000e+01,4.000000000000000000e+01
1.680080652583880424e+09,1.598400000000000000e+04,1.760000000000000000e+02,2.440000000000000000e+02,-6.130000000000000000e+02,5.900000000000000000e+01,3.900000000000000000e+01
1.680080652584979534e+09,1.613200000000000000e+04,2.920000000000000000e+02,3.640000000000000000e+02,-6.210000000000000000e+02,1.500000000000000000e+01,6.900000000000000000e+01
1.680080652586168766e+09,1.618800000000000000e+04,2.800000000000000000e+02,2.800000000000000000e+02,-6.130000000000000000e+02,-1.000000000000000000e+00,6.600000000000000000e+01
1.680080652587216139e+09,1.609200000000000000e+04,3.000000000000000000e+02,1.720000000000000000e+02,-6.290000000000000000e+02,6.100000000000000000e+01,4.500000000000000000e+01
1.680080652588216543e+09,1.606800000000000000e+04,2.640000000000000000e+02,2.360000000000000000e+02,-6.550000000000000000e+02,6.300000000000000000e+01,2.300000000000000000e+01
1.680080652589375257e+09,1.606400000000000000e+04,2.640000000000000000e+02,3.080000000000000000e+02,-6.600000000000000000e+02,5.200000000000000000e+01,2.500000000000000000e+01
1.680080652590361357e+09,1.606400000000000000e+04,2.520000000000000000e+02,3.600000000000000000e+02,-6.250000000000000000e+02,4.800000000000000000e+01,3.500000000000000000e+01
1.680080652591439962e+09,1.644000000000000000e+04,2.800000000000000000e+02,4.040000000000000000e+02,-6.310000000000000000e+02,2.100000000000000000e+01,3.100000000000000000e+01
1.680080652592568874e+09,1.622800000000000000e+04,2.440000000000000000e+02,2.080000000000000000e+02,-6.230000000000000000e+02,4.100000000000000000e+01,1.800000000000000000e+01
1.680080652593564272e+09,1.600400000000000000e+04,2.640000000000000000e+02,3.760000000000000000e+02,-6.080000000000000000e+02,5.800000000000000000e+01,1.200000000000000000e+01
1.680080652594658136e+09,1.612000000000000000e+04,2.920000000000000000e+02,3.120000000000000000e+02,-6.310000000000000000e+02,7.800000000000000000e+01,3.400000000000000000e+01
1.680080652596055269e+09,1.622800000000000000e+04,3.120000000000000000e+02,3.360000000000000000e+02,-6.530000000000000000e+02,4.900000000000000000e+01,4.100000000000000000e+01
1.680080652597526550e+09,1.628400000000000000e+04,2.560000000000000000e+02,3.920000000000000000e+02,-6.280000000000000000e+02,4.900000000000000000e+01,3.100000000000000000e+01
1.680080652598503351e+09,1.618800000000000000e+04,2.560000000000000000e+02,3.200000000000000000e+02,-6.410000000000000000e+02,4.500000000000000000e+01,3.400000000000000000e+01
1.680080652599929094e+09,1.619600000000000000e+04,2.840000000000000000e+02,4.840000000000000000e+02,-6.370000000000000000e+02,2.700000000000000000e+01,3.900000000000000000e+01
1.680080652600953579e+09,1.611600000000000000e+04,2.640000000000000000e+02,4.840000000000000000e+02,-6.240000000000000000e+02,2.200000000000000000e+01,3.700000000000000000e+01
1.680080652602225304e+09,1.622400000000000000e+04,2.320000000000000000e+02,4.480000000000000000e+02,-6.530000000000000000e+02,3.200000000000000000e+01,3.300000000000000000e+01
1.680080652603331089e+09,1.630400000000000000e+04,1.960000000000000000e+02,4.920000000000000000e+02,-6.480000000000000000e+02,5.800000000000000000e+01,2.900000000000000000e+01
1.680080652604444504e+09,1.626400000000000000e+04,1.480000000000000000e+02,3.080000000000000000e+02,-6.390000000000000000e+02,2.600000000000000000e+01,5.200000000000000000e+01
1.680080652605464935e+09,1.612000000000000000e+04,2.480000000000000000e+02,2.880000000000000000e+02,-6.520000000000000000e+02,2.700000000000000000e+01,6.100000000000000000e+01
1.680080652606833458e+09,1.618400000000000000e+04,3.120000000000000000e+02,2.840000000000000000e+02,-6.280000000000000000e+02,6.200000000000000000e+01,3.900000000000000000e+01
1.680080652607818127e+09,1.627600000000000000e+04,2.760000000000000000e+02,3.840000000000000000e+02,-6.460000000000000000e+02,4.100000000000000000e+01,2.000000000000000000e+01
1.680080652609161615e+09,1.619600000000000000e+04,2.520000000000000000e+02,4.680000000000000000e+02,-6.040000000000000000e+02,1.500000000000000000e+01,2.100000000000000000e+01
1.680080652610305548e+09,1.608000000000000000e+04,2.280000000000000000e+02,3.640000000000000000e+02,-6.010000000000000000e+02,4.500000000000000000e+01,2.400000000000000000e+01
1.680080652611289024e+09,1.612800000000000000e+04,2.280000000000000000e+02,3.520000000000000000e+02,-6.500000000000000000e+02,4.300000000000000000e+01,1.100000000000000000e+01
1.680080652612539291e+09,1.614800000000000000e+04,2.920000000000000000e+02,3.440000000000000000e+02,-6.340000000000000000e+02,1.800000000000000000e+01,3.400000000000000000e+01
1.680080652613603354e+09,1.612800000000000000e+04,2.640000000000000000e+02,3.400000000000000000e+02,-5.910000000000000000e+02,2.300000000000000000e+01,3.700000000000000000e+01
1.680080652614925385e+09,1.613200000000000000e+04,2.720000000000000000e+02,3.920000000000000000e+02,-6.220000000000000000e+02,5.500000000000000000e+01,2.800000000000000000e+01
1.680080652615950108e+09,1.614000000000000000e+04,3.440000000000000000e+02,4.000000000000000000e+02,-6.420000000000000000e+02,6.600000000000000000e+01,2.600000000000000000e+01
1.680080652617641926e+09,1.622000000000000000e+04,2.560000000000000000e+02,3.800000000000000000e+02,-6.330000000000000000e+02,6.300000000000000000e+01,2.800000000000000000e+01
1.680080652619204044e+09,1.623200000000000000e+04,2.800000000000000000e+02,3.920000000000000000e+02,-6.390000000000000000e+02,6.500000000000000000e+01,2.000000000000000000e+01
1.680080652621239901e+09,1.609600000000000000e+04,3.200000000000000000e+02,4.240000000000000000e+02,-6.340000000000000000e+02,6.500000000000000000e+01,1.500000000000000000e+01
1.680080652623210192e+09,1.618400000000000000e+04,2.960000000000000000e+02,3.440000000000000000e+02,-6.570000000000000000e+02,4.600000000000000000e+01,2.000000000000000000e+01
1.680080652624411583e+09,1.616400000000000000e+04,3.080000000000000000e+02,3.640000000000000000e+02,-6.130000000000000000e+02,2.400000000000000000e+01,4.200000000000000000e+01
1.680080652625723600e+09,1.613200000000000000e+04,4.000000000000000000e+02,4.040000000000000000e+02,-6.310000000000000000e+02,4.600000000000000000e+01,3.700000000000000000e+01
1.680080652627834082e+09,1.606800000000000000e+04,2.960000000000000000e+02,4.040000000000000000e+02,-6.240000000000000000e+02,3.400000000000000000e+01,3.900000000000000000e+01
1.680080652629226208e+09,1.614000000000000000e+04,2.920000000000000000e+02,3.760000000000000000e+02,-6.100000000000000000e+02,5.300000000000000000e+01,2.600000000000000000e+01
1.680080652630239964e+09,1.624800000000000000e+04,2.400000000000000000e+02,3.680000000000000000e+02,-6.580000000000000000e+02,6.000000000000000000e+01,2.700000000000000000e+01
1.680080652632439375e+09,1.622400000000000000e+04,4.160000000000000000e+02,3.720000000000000000e+02,-6.360000000000000000e+02,4.900000000000000000e+01,2.300000000000000000e+01
1.680080652633566380e+09,1.608400000000000000e+04,3.480000000000000000e+02,2.840000000000000000e+02,-6.320000000000000000e+02,4.600000000000000000e+01,2.000000000000000000e+01
1.680080652634592772e+09,1.605200000000000000e+04,2.160000000000000000e+02,2.120000000000000000e+02,-6.450000000000000000e+02,4.900000000000000000e+01,1.000000000000000000e+01
1.680080652636740446e+09,1.622400000000000000e+04,3.080000000000000000e+02,2.600000000000000000e+02,-6.210000000000000000e+02,4.800000000000000000e+01,3.100000000000000000e+01
1.680080652637944221e+09,1.624800000000000000e+04,3.880000000000000000e+02,3.320000000000000000e+02,-6.340000000000000000e+02,3.800000000000000000e+01,1.900000000000000000e+01
1.680080652639194965e+09,1.620400000000000000e+04,4.360000000000000000e+02,3.920000000000000000e+02,-6.360000000000000000e+02,4.900000000000000000e+01,2.500000000000000000e+01
1.680080652641138077e+09,1.622000000000000000e+04,3.120000000000000000e+02,1.680000000000000000e+02,-6.300000000000000000e+02,5.300000000000000000e+01,1.900000000000000000e+01
1.680080652642351151e+09,1.611600000000000000e+04,3.240000000000000000e+02,3.440000000000000000e+02,-6.550000000000000000e+02,4.600000000000000000e+01,8.000000000000000000e+00
1.680080652643514872e+09,1.616400000000000000e+04,3.160000000000000000e+02,3.360000000000000000e+02,-6.370000000000000000e+02,3.700000000000000000e+01,3.100000000000000000e+01
1.680080652645602465e+09,1.618400000000000000e+04,2.880000000000000000e+02,3.200000000000000000e+02,-6.500000000000000000e+02,3.800000000000000000e+01,3.300000000000000000e+01
1.680080652646821976e+09,1.623600000000000000e+04,3.160000000000000000e+02,3.440000000000000000e+02,-6.520000000000000000e+02,3.800000000000000000e+01,4.500000000000000000e+01
1.680080652649018764e+09,1.622800000000000000e+04,3.560000000000000000e+02,3.440000000000000000e+02,-6.580000000000000000e+02,4.500000000000000000e+01,4.500000000000000000e+01
1.680080652650083780e+09,1.622800000000000000e+04,4.320000000000000000e+02,3.080000000000000000e+02,-6.370000000000000000e+02,3.900000000000000000e+01,4.500000000000000000e+01
1.680080652652248859e+09,1.607200000000000000e+04,3.200000000000000000e+02,4.320000000000000000e+02,-6.200000000000000000e+02,4.900000000000000000e+01,2.700000000000000000e+01
1.680080652653408051e+09,1.615200000000000000e+04,3.240000000000000000e+02,4.000000000000000000e+02,-6.370000000000000000e+02,5.700000000000000000e+01,3.800000000000000000e+01
1.680080652655328751e+09,1.617600000000000000e+04,3.360000000000000000e+02,3.400000000000000000e+02,-6.320000000000000000e+02,3.900000000000000000e+01,4.500000000000000000e+01
1.680080652656484604e+09,1.620800000000000000e+04,2.640000000000000000e+02,3.280000000000000000e+02,-6.410000000000000000e+02,4.700000000000000000e+01,3.300000000000000000e+01
1.680080652658397913e+09,1.618800000000000000e+04,2.920000000000000000e+02,2.640000000000000000e+02,-6.280000000000000000e+02,3.800000000000000000e+01,1.800000000000000000e+01
1.680080652659531832e+09,1.619200000000000000e+04,3.240000000000000000e+02,3.320000000000000000e+02,-6.600000000000000000e+02,6.800000000000000000e+01,3.100000000000000000e+01
1.680080652661774874e+09,1.611600000000000000e+04,2.600000000000000000e+02,2.560000000000000000e+02,-6.290000000000000000e+02,7.200000000000000000e+01,5.900000000000000000e+01
1.680080652662893295e+09,1.622400000000000000e+04,2.800000000000000000e+02,2.600000000000000000e+02,-6.590000000000000000e+02,1.500000000000000000e+01,5.100000000000000000e+01
1.680080652664821863e+09,1.616400000000000000e+04,3.400000000000000000e+02,1.680000000000000000e+02,-6.050000000000000000e+02,4.700000000000000000e+01,1.800000000000000000e+01
1.680080652666108608e+09,1.616400000000000000e+04,2.960000000000000000e+02,1.760000000000000000e+02,-6.430000000000000000e+02,7.800000000000000000e+01,1.700000000000000000e+01
1.680080652668167353e+09,1.618000000000000000e+04,3.000000000000000000e+02,3.120000000000000000e+02,-6.380000000000000000e+02,3.500000000000000000e+01,3.000000000000000000e+01
1.680080652669455290e+09,1.617600000000000000e+04,3.200000000000000000e+02,2.720000000000000000e+02,-6.290000000000000000e+02,4.500000000000000000e+01,2.600000000000000000e+01
1.680080652671436310e+09,1.612400000000000000e+04,3.760000000000000000e+02,2.600000000000000000e+02,-6.370000000000000000e+02,3.700000000000000000e+01,1.300000000000000000e+01
1.680080652672753811e+09,1.616000000000000000e+04,3.200000000000000000e+02,1.720000000000000000e+02,-6.260000000000000000e+02,4.400000000000000000e+01,2.600000000000000000e+01
1.680080652674787045e+09,1.603200000000000000e+04,3.240000000000000000e+02,1.200000000000000000e+02,-6.480000000000000000e+02,3.100000000000000000e+01,2.700000000000000000e+01
1.680080652676028490e+09,1.622800000000000000e+04,3.600000000000000000e+02,1.520000000000000000e+02,-6.390000000000000000e+02,4.100000000000000000e+01,4.200000000000000000e+01
1.680080652678137302e+09,1.634000000000000000e+04,3.520000000000000000e+02,2.080000000000000000e+02,-6.340000000000000000e+02,1.900000000000000000e+01,3.900000000000000000e+01
1.680080652679367781e+09,1.630800000000000000e+04,4.200000000000000000e+02,3.000000000000000000e+02,-6.130000000000000000e+02,4.000000000000000000e+01,3.400000000000000000e+01
1.680080652681326389e+09,1.620800000000000000e+04,2.880000000000000000e+02,3.440000000000000000e+02,-6.470000000000000000e+02,3.100000000000000000e+01,1.300000000000000000e+01
1.680080652682474613e+09,1.629600000000000000e+04,2.760000000000000000e+02,3.120000000000000000e+02,-6.550000000000000000e+02,2.900000000000000000e+01,3.300000000000000000e+01
1.680080652684366941e+09,1.615200000000000000e+04,3.000000000000000000e+02,2.200000000000000000e+02,-6.170000000000000000e+02,4.400000000000000000e+01,1.600000000000000000e+01
1.680080652685530424e+09,1.624000000000000000e+04,2.000000000000000000e+02,1.400000000000000000e+02,-6.300000000000000000e+02,4.000000000000000000e+01,3.500000000000000000e+01
1.680080652687498331e+09,1.616400000000000000e+04,2.960000000000000000e+02,2.400000000000000000e+02,-6.100000000000000000e+02,4.800000000000000000e+01,1.500000000000000000e+01
1.680080652688613415e+09,1.625600000000000000e+04,2.960000000000000000e+02,2.240000000000000000e+02,-6.110000000000000000e+02,6.500000000000000000e+01,2.400000000000000000e+01
1.680080652690806866e+09,1.621600000000000000e+04,2.760000000000000000e+02,2.200000000000000000e+02,-6.410000000000000000e+02,1.500000000000000000e+01,3.500000000000000000e+01
1.680080652692075491e+09,1.619200000000000000e+04,3.520000000000000000e+02,2.120000000000000000e+02,-6.040000000000000000e+02,4.900000000000000000e+01,3.500000000000000000e+01
1.680080652694123983e+09,1.606400000000000000e+04,3.520000000000000000e+02,1.960000000000000000e+02,-6.400000000000000000e+02,3.300000000000000000e+01,4.200000000000000000e+01
1.680080652695251942e+09,1.626800000000000000e+04,4.320000000000000000e+02,1.040000000000000000e+02,-6.020000000000000000e+02,3.700000000000000000e+01,4.600000000000000000e+01
1.680080652697202206e+09,1.608400000000000000e+04,3.080000000000000000e+02,2.240000000000000000e+02,-6.220000000000000000e+02,6.400000000000000000e+01,1.800000000000000000e+01
1.680080652698800802e+09,1.638000000000000000e+04,3.680000000000000000e+02,1.640000000000000000e+02,-6.500000000000000000e+02,5.400000000000000000e+01,2.300000000000000000e+01
1.680080652701008797e+09,1.609600000000000000e+04,4.280000000000000000e+02,2.720000000000000000e+02,-6.410000000000000000e+02,4.200000000000000000e+01,3.200000000000000000e+01
1.680080652702144623e+09,1.620000000000000000e+04,4.400000000000000000e+02,2.480000000000000000e+02,-6.330000000000000000e+02,5.500000000000000000e+01,3.200000000000000000e+01
1.680080652704257965e+09,1.619600000000000000e+04,3.680000000000000000e+02,4.000000000000000000e+02,-6.340000000000000000e+02,3.900000000000000000e+01,3.300000000000000000e+01
1.680080652705524206e+09,1.620400000000000000e+04,3.840000000000000000e+02,4.200000000000000000e+02,-6.150000000000000000e+02,5.800000000000000000e+01,1.900000000000000000e+01
1.680080652707583666e+09,1.619600000000000000e+04,3.680000000000000000e+02,2.720000000000000000e+02,-6.200000000000000000e+02,3.400000000000000000e+01,2.800000000000000000e+01
1.680080652708710670e+09,1.625200000000000000e+04,3.440000000000000000e+02,1.680000000000000000e+02,-6.100000000000000000e+02,4.800000000000000000e+01,4.300000000000000000e+01
1.680080652710719347e+09,1.625200000000000000e+04,3.040000000000000000e+02,5.160000000000000000e+02,-6.150000000000000000e+02,5.600000000000000000e+01,2.100000000000000000e+01
1.680080652711758852e+09,1.618000000000000000e+04,2.640000000000000000e+02,4.600000000000000000e+02,-6.360000000000000000e+02,2.400000000000000000e+01,5.600000000000000000e+01
1.680080652714063883e+09,1.626000000000000000e+04,4.280000000000000000e+02,2.360000000000000000e+02,-6.510000000000000000e+02,4.000000000000000000e+01,4.500000000000000000e+01
1.680080652715118885e+09,1.632000000000000000e+04,3.600000000000000000e+02,2.840000000000000000e+02,-6.500000000000000000e+02,4.300000000000000000e+01,2.800000000000000000e+01
1.680080652717219353e+09,1.611200000000000000e+04,2.480000000000000000e+02,2.600000000000000000e+02,-6.330000000000000000e+02,6.100000000000000000e+01,3.100000000000000000e+01
1.680080652718276978e+09,1.612000000000000000e+04,3.440000000000000000e+02,3.200000000000000000e+02,-6.540000000000000000e+02,1.700000000000000000e+01,2.400000000000000000e+01
1.680080652720143557e+09,1.602800000000000000e+04,4.040000000000000000e+02,3.880000000000000000e+02,-6.120000000000000000e+02,4.800000000000000000e+01,3.300000000000000000e+01
1.680080652721611977e+09,1.625200000000000000e+04,3.600000000000000000e+02,4.800000000000000000e+02,-6.440000000000000000e+02,5.900000000000000000e+01,6.000000000000000000e+01
1.680080652723531246e+09,1.609200000000000000e+04,3.760000000000000000e+02,2.560000000000000000e+02,-6.300000000000000000e+02,1.200000000000000000e+01,3.900000000000000000e+01
1.680080652724949360e+09,1.611200000000000000e+04,3.760000000000000000e+02,3.520000000000000000e+02,-6.130000000000000000e+02,6.900000000000000000e+01,1.300000000000000000e+01
1.680080652727314949e+09,1.616800000000000000e+04,4.160000000000000000e+02,4.880000000000000000e+02,-6.660000000000000000e+02,5.200000000000000000e+01,4.000000000000000000e+01
1.680080652728335857e+09,1.630400000000000000e+04,3.840000000000000000e+02,3.320000000000000000e+02,-6.500000000000000000e+02,5.200000000000000000e+01,4.800000000000000000e+01
1.680080652730640173e+09,1.634800000000000000e+04,3.200000000000000000e+02,3.080000000000000000e+02,-6.100000000000000000e+02,4.300000000000000000e+01,5.200000000000000000e+01
1.680080652731811762e+09,1.628000000000000000e+04,3.600000000000000000e+02,3.680000000000000000e+02,-6.280000000000000000e+02,3.200000000000000000e+01,5.400000000000000000e+01
1.680080652734058857e+09,1.618000000000000000e+04,3.440000000000000000e+02,3.720000000000000000e+02,-6.030000000000000000e+02,3.600000000000000000e+01,1.000000000000000000e+01
1.680080652735227823e+09,1.613200000000000000e+04,3.680000000000000000e+02,3.800000000000000000e+02,-6.430000000000000000e+02,6.500000000000000000e+01,2.600000000000000000e+01
1.680080652738270044e+09,1.609200000000000000e+04,3.280000000000000000e+02,4.200000000000000000e+02,-6.000000000000000000e+02,2.200000000000000000e+01,3.500000000000000000e+01
1.680080652739290714e+09,1.621200000000000000e+04,3.200000000000000000e+02,3.520000000000000000e+02,-6.240000000000000000e+02,5.000000000000000000e+01,3.400000000000000000e+01
1.680080652741529942e+09,1.622400000000000000e+04,3.200000000000000000e+02,3.360000000000000000e+02,-6.250000000000000000e+02,1.800000000000000000e+01,3.600000000000000000e+01
1.680080652742895603e+09,1.612400000000000000e+04,3.600000000000000000e+02,2.080000000000000000e+02,-6.020000000000000000e+02,3.500000000000000000e+01,4.200000000000000000e+01
1.680080652745163202e+09,1.628800000000000000e+04,3.080000000000000000e+02,2.360000000000000000e+02,-6.570000000000000000e+02,6.400000000000000000e+01,3.800000000000000000e+01
1.680080652746632338e+09,1.620000000000000000e+04,3.000000000000000000e+02,3.360000000000000000e+02,-6.300000000000000000e+02,7.400000000000000000e+01,3.900000000000000000e+01
1.680080652748610735e+09,1.614000000000000000e+04,3.320000000000000000e+02,3.480000000000000000e+02,-6.250000000000000000e+02,5.800000000000000000e+01,4.700000000000000000e+01
1.680080652749907970e+09,1.610000000000000000e+04,2.840000000000000000e+02,3.360000000000000000e+02,-6.340000000000000000e+02,6.500000000000000000e+01,2.500000000000000000e+01
1.680080652751869678e+09,1.618800000000000000e+04,2.880000000000000000e+02,5.200000000000000000e+02,-6.270000000000000000e+02,6.100000000000000000e+01,2.800000000000000000e+01
1.680080652753178120e+09,1.624400000000000000e+04,2.280000000000000000e+02,5.720000000000000000e+02,-6.310000000000000000e+02,3.400000000000000000e+01,3.000000000000000000e+01
1.680080652755354643e+09,1.626400000000000000e+04,2.440000000000000000e+02,5.040000000000000000e+02,-6.400000000000000000e+02,3.300000000000000000e+01,4.800000000000000000e+01
1.680080652756845236e+09,1.629600000000000000e+04,2.120000000000000000e+02,3.840000000000000000e+02,-6.350000000000000000e+02,4.100000000000000000e+01,6.500000000000000000e+01
1.680080652758897305e+09,1.616800000000000000e+04,3.120000000000000000e+02,4.160000000000000000e+02,-6.440000000000000000e+02,3.400000000000000000e+01,5.200000000000000000e+01
1.680080652760328054e+09,1.617600000000000000e+04,3.520000000000000000e+02,2.920000000000000000e+02,-6.200000000000000000e+02,5.200000000000000000e+01,3.600000000000000000e+01
1.680080652762296438e+09,1.614400000000000000e+04,2.240000000000000000e+02,3.560000000000000000e+02,-6.320000000000000000e+02,1.800000000000000000e+01,2.000000000000000000e+01
1.680080652763714790e+09,1.615200000000000000e+04,2.760000000000000000e+02,3.280000000000000000e+02,-6.060000000000000000e+02,4.600000000000000000e+01,4.400000000000000000e+01
1.680080652766031504e+09,1.617200000000000000e+04,2.720000000000000000e+02,3.400000000000000000e+02,-6.590000000000000000e+02,5.100000000000000000e+01,3.000000000000000000e+01
1.680080652767469168e+09,1.617200000000000000e+04,2.680000000000000000e+02,4.560000000000000000e+02,-6.010000000000000000e+02,3.100000000000000000e+01,2.700000000000000000e+01
1.680080652769726515e+09,1.616000000000000000e+04,2.640000000000000000e+02,3.480000000000000000e+02,-6.580000000000000000e+02,3.000000000000000000e+01,4.500000000000000000e+01
1.680080652770819902e+09,1.628400000000000000e+04,3.160000000000000000e+02,3.800000000000000000e+02,-6.410000000000000000e+02,3.700000000000000000e+01,4.300000000000000000e+01
1.680080652773166895e+09,1.617600000000000000e+04,2.120000000000000000e+02,2.200000000000000000e+02,-6.200000000000000000e+02,6.500000000000000000e+01,3.300000000000000000e+01
1.680080652774358273e+09,1.630000000000000000e+04,2.720000000000000000e+02,4.040000000000000000e+02,-6.700000000000000000e+02,4.500000000000000000e+01,2.900000000000000000e+01
1.680080652776820898e+09,1.614400000000000000e+04,2.480000000000000000e+02,2.680000000000000000e+02,-6.420000000000000000e+02,3.100000000000000000e+01,2.800000000000000000e+01
1.680080652778065205e+09,1.615200000000000000e+04,2.080000000000000000e+02,3.120000000000000000e+02,-6.530000000000000000e+02,2.700000000000000000e+01,1.200000000000000000e+01
1.680080652780430794e+09,1.608000000000000000e+04,2.440000000000000000e+02,3.400000000000000000e+02,-6.070000000000000000e+02,6.700000000000000000e+01,4.500000000000000000e+01
1.680080652781568527e+09,1.606000000000000000e+04,2.600000000000000000e+02,3.640000000000000000e+02,-6.330000000000000000e+02,4.000000000000000000e+01,4.100000000000000000e+01
1.680080652783742189e+09,1.578800000000000000e+04,2.120000000000000000e+02,3.440000000000000000e+02,-6.280000000000000000e+02,4.900000000000000000e+01,2.000000000000000000e+01
1.680080652784766912e+09,1.686800000000000000e+04,3.240000000000000000e+02,4.480000000000000000e+02,-6.330000000000000000e+02,4.700000000000000000e+01,4.500000000000000000e+01
1.680080652787568808e+09,1.600000000000000000e+04,2.840000000000000000e+02,3.120000000000000000e+02,-6.270000000000000000e+02,3.900000000000000000e+01,1.900000000000000000e+01
1.680080652788868427e+09,1.572400000000000000e+04,2.480000000000000000e+02,3.680000000000000000e+02,-6.820000000000000000e+02,2.900000000000000000e+01,2.400000000000000000e+01
1.680080652790861368e+09,1.630400000000000000e+04,2.040000000000000000e+02,4.200000000000000000e+02,-6.060000000000000000e+02,4.500000000000000000e+01,3.800000000000000000e+01
1.680080652792444706e+09,1.671200000000000000e+04,2.120000000000000000e+02,3.520000000000000000e+02,-6.120000000000000000e+02,7.200000000000000000e+01,5.300000000000000000e+01
1.680080652794376612e+09,1.593600000000000000e+04,2.080000000000000000e+02,4.480000000000000000e+02,-6.380000000000000000e+02,0.000000000000000000e+00,1.700000000000000000e+01
1.680080652795750618e+09,1.579200000000000000e+04,2.920000000000000000e+02,4.800000000000000000e+02,-6.130000000000000000e+02,4.300000000000000000e+01,2.900000000000000000e+01
1.680080652797955275e+09,1.645200000000000000e+04,2.440000000000000000e+02,2.400000000000000000e+02,-6.810000000000000000e+02,4.000000000000000000e+00,2.300000000000000000e+01
1.680080652799436569e+09,1.631200000000000000e+04,2.640000000000000000e+02,4.760000000000000000e+02,-6.000000000000000000e+02,1.900000000000000000e+01,4.400000000000000000e+01
1.680080652801928043e+09,1.626800000000000000e+04,2.800000000000000000e+02,4.960000000000000000e+02,-6.730000000000000000e+02,2.900000000000000000e+01,3.000000000000000000e+01
1.680080652803271770e+09,1.591600000000000000e+04,3.640000000000000000e+02,1.320000000000000000e+02,-6.450000000000000000e+02,2.800000000000000000e+01,2.100000000000000000e+01
1.680080652805527925e+09,1.651600000000000000e+04,3.760000000000000000e+02,2.520000000000000000e+02,-6.270000000000000000e+02,4.600000000000000000e+01,4.900000000000000000e+01
1.680080652806679010e+09,1.602000000000000000e+04,2.560000000000000000e+02,1.040000000000000000e+02,-6.500000000000000000e+02,4.800000000000000000e+01,4.500000000000000000e+01
1.680080652808930635e+09,1.605200000000000000e+04,2.880000000000000000e+02,2.240000000000000000e+02,-6.520000000000000000e+02,3.000000000000000000e+01,2.800000000000000000e+01
1.680080652809991837e+09,1.608400000000000000e+04,3.880000000000000000e+02,3.280000000000000000e+02,-6.250000000000000000e+02,2.200000000000000000e+01,4.000000000000000000e+00
1.680080652812317848e+09,1.632000000000000000e+04,3.120000000000000000e+02,2.000000000000000000e+02,-6.450000000000000000e+02,4.700000000000000000e+01,4.100000000000000000e+01
1.680080652813569307e+09,1.608800000000000000e+04,3.240000000000000000e+02,1.680000000000000000e+02,-7.050000000000000000e+02,2.500000000000000000e+01,2.300000000000000000e+01
1.680080652815959215e+09,1.606400000000000000e+04,2.720000000000000000e+02,2.840000000000000000e+02,-6.200000000000000000e+02,4.800000000000000000e+01,3.500000000000000000e+01
1.680080652817312717e+09,1.620400000000000000e+04,2.200000000000000000e+02,2.800000000000000000e+02,-6.650000000000000000e+02,5.300000000000000000e+01,5.500000000000000000e+01
1.680080652819767952e+09,1.610000000000000000e+04,3.120000000000000000e+02,3.040000000000000000e+02,-6.120000000000000000e+02,3.100000000000000000e+01,2.400000000000000000e+01
1.680080652821288586e+09,1.623600000000000000e+04,3.320000000000000000e+02,2.640000000000000000e+02,-6.340000000000000000e+02,5.200000000000000000e+01,4.100000000000000000e+01
1.680080652823269606e+09,1.623200000000000000e+04,3.160000000000000000e+02,3.200000000000000000e+02,-6.670000000000000000e+02,3.900000000000000000e+01,4.700000000000000000e+01
1.680080652824895382e+09,1.624000000000000000e+04,3.720000000000000000e+02,2.920000000000000000e+02,-6.490000000000000000e+02,6.000000000000000000e+01,5.500000000000000000e+01
1.680080652827008724e+09,1.619600000000000000e+04,3.200000000000000000e+02,2.560000000000000000e+02,-6.370000000000000000e+02,3.600000000000000000e+01,3.200000000000000000e+01
1.680080652828316689e+09,1.624000000000000000e+04,3.280000000000000000e+02,2.600000000000000000e+02,-6.330000000000000000e+02,3.000000000000000000e+01,3.800000000000000000e+01
1.680080652830772638e+09,1.621200000000000000e+04,4.160000000000000000e+02,1.880000000000000000e+02,-6.400000000000000000e+02,2.800000000000000000e+01,1.700000000000000000e+01
1.680080652832220316e+09,1.617200000000000000e+04,3.320000000000000000e+02,2.120000000000000000e+02,-6.370000000000000000e+02,3.800000000000000000e+01,4.500000000000000000e+01
1.680080652834534168e+09,1.620000000000000000e+04,3.160000000000000000e+02,3.600000000000000000e+02,-6.390000000000000000e+02,6.500000000000000000e+01,3.800000000000000000e+01
1.680080652835616589e+09,1.616000000000000000e+04,2.960000000000000000e+02,4.160000000000000000e+02,-6.550000000000000000e+02,4.800000000000000000e+01,2.800000000000000000e+01
1.680080652838115215e+09,1.608400000000000000e+04,2.880000000000000000e+02,1.920000000000000000e+02,-6.580000000000000000e+02,5.500000000000000000e+01,3.500000000000000000e+01
1.680080652839277506e+09,1.617600000000000000e+04,3.200000000000000000e+02,2.520000000000000000e+02,-6.580000000000000000e+02,2.700000000000000000e+01,1.600000000000000000e+01
1.680080652841508389e+09,1.618000000000000000e+04,3.320000000000000000e+02,1.560000000000000000e+02,-6.160000000000000000e+02,5.100000000000000000e+01,5.100000000000000000e+01
1.680080652842910528e+09,1.621200000000000000e+04,2.960000000000000000e+02,2.280000000000000000e+02,-6.700000000000000000e+02,5.300000000000000000e+01,5.100000000000000000e+01
1.680080652845248222e+09,1.619200000000000000e+04,2.720000000000000000e+02,1.640000000000000000e+02,-6.400000000000000000e+02,4.300000000000000000e+01,3.200000000000000000e+01
1.680080652846474648e+09,1.631200000000000000e+04,2.720000000000000000e+02,3.440000000000000000e+02,-6.030000000000000000e+02,9.000000000000000000e+00,3.100000000000000000e+01
1.680080652848977327e+09,1.614400000000000000e+04,3.800000000000000000e+02,2.480000000000000000e+02,-6.720000000000000000e+02,6.900000000000000000e+01,5.600000000000000000e+01
1.680080652850441694e+09,1.612800000000000000e+04,2.760000000000000000e+02,2.280000000000000000e+02,-6.820000000000000000e+02,4.600000000000000000e+01,3.500000000000000000e+01
1.680080652852478504e+09,1.617600000000000000e+04,3.400000000000000000e+02,1.560000000000000000e+02,-6.240000000000000000e+02,5.600000000000000000e+01,2.100000000000000000e+01
1.680080652853894472e+09,1.618000000000000000e+04,2.800000000000000000e+02,7.200000000000000000e+01,-6.490000000000000000e+02,3.400000000000000000e+01,4.100000000000000000e+01
1.680080652855832577e+09,1.620000000000000000e+04,3.480000000000000000e+02,2.000000000000000000e+02,-6.290000000000000000e+02,5.000000000000000000e+01,4.900000000000000000e+01
1.680080652857695818e+09,1.618000000000000000e+04,2.760000000000000000e+02,1.520000000000000000e+02,-6.200000000000000000e+02,2.900000000000000000e+01,1.300000000000000000e+01
1.680080652859889269e+09,1.624400000000000000e+04,2.840000000000000000e+02,2.200000000000000000e+02,-6.460000000000000000e+02,5.900000000000000000e+01,3.000000000000000000e+01
1.680080652861644983e+09,1.622400000000000000e+04,2.960000000000000000e+02,2.400000000000000000e+02,-6.560000000000000000e+02,3.000000000000000000e+01,4.900000000000000000e+01
1.680080652863876820e+09,1.614000000000000000e+04,3.000000000000000000e+02,3.120000000000000000e+02,-6.450000000000000000e+02,3.200000000000000000e+01,4.600000000000000000e+01
1.680080652865090847e+09,1.621600000000000000e+04,3.440000000000000000e+02,3.680000000000000000e+02,-6.250000000000000000e+02,3.700000000000000000e+01,2.600000000000000000e+01
1.680080652867079973e+09,1.614400000000000000e+04,2.640000000000000000e+02,2.960000000000000000e+02,-6.570000000000000000e+02,4.100000000000000000e+01,-4.000000000000000000e+00
1.680080652868343115e+09,1.615200000000000000e+04,3.400000000000000000e+02,1.320000000000000000e+02,-6.370000000000000000e+02,1.800000000000000000e+01,4.000000000000000000e+00
1.680080652870429754e+09,1.618800000000000000e+04,3.160000000000000000e+02,3.160000000000000000e+02,-6.290000000000000000e+02,4.000000000000000000e+01,2.900000000000000000e+01
1.680080652871555567e+09,1.618800000000000000e+04,3.680000000000000000e+02,3.760000000000000000e+02,-6.480000000000000000e+02,4.200000000000000000e+01,3.600000000000000000e+01
1.680080652873811483e+09,1.616000000000000000e+04,3.600000000000000000e+02,1.880000000000000000e+02,-6.210000000000000000e+02,4.800000000000000000e+01,2.700000000000000000e+01
1.680080652875101089e+09,1.616800000000000000e+04,3.040000000000000000e+02,2.480000000000000000e+02,-6.550000000000000000e+02,3.800000000000000000e+01,1.900000000000000000e+01
1.680080652877253771e+09,1.612000000000000000e+04,3.840000000000000000e+02,3.160000000000000000e+02,-6.190000000000000000e+02,2.200000000000000000e+01,2.100000000000000000e+01
1.680080652878515482e+09,1.612800000000000000e+04,3.640000000000000000e+02,4.120000000000000000e+02,-6.280000000000000000e+02,7.600000000000000000e+01,1.100000000000000000e+01
1.680080652880795479e+09,1.613600000000000000e+04,3.080000000000000000e+02,2.680000000000000000e+02,-6.410000000000000000e+02,3.100000000000000000e+01,3.300000000000000000e+01
1.680080652881968737e+09,1.606800000000000000e+04,3.240000000000000000e+02,2.240000000000000000e+02,-6.280000000000000000e+02,4.000000000000000000e+01,2.400000000000000000e+01
1.680080652884097099e+09,1.614400000000000000e+04,3.120000000000000000e+02,3.280000000000000000e+02,-6.250000000000000000e+02,4.500000000000000000e+01,2.000000000000000000e+01
1.680080652885293007e+09,1.613200000000000000e+04,3.760000000000000000e+02,3.440000000000000000e+02,-6.260000000000000000e+02,2.600000000000000000e+01,1.100000000000000000e+01
1.680080652887403727e+09,1.620000000000000000e+04,3.640000000000000000e+02,2.960000000000000000e+02,-6.360000000000000000e+02,3.700000000000000000e+01,4.100000000000000000e+01
1.680080652888515472e+09,1.621200000000000000e+04,3.640000000000000000e+02,3.840000000000000000e+02,-6.190000000000000000e+02,4.500000000000000000e+01,4.400000000000000000e+01
1.680080652890378952e+09,1.617600000000000000e+04,3.680000000000000000e+02,4.000000000000000000e+02,-6.390000000000000000e+02,5.600000000000000000e+01,5.800000000000000000e+01
1.680080652891615152e+09,1.608800000000000000e+04,3.000000000000000000e+02,3.680000000000000000e+02,-6.390000000000000000e+02,3.300000000000000000e+01,4.700000000000000000e+01
1.680080652893562317e+09,1.620800000000000000e+04,3.680000000000000000e+02,4.160000000000000000e+02,-6.330000000000000000e+02,5.000000000000000000e+01,3.000000000000000000e+01
1.680080652894737959e+09,1.618400000000000000e+04,3.680000000000000000e+02,3.120000000000000000e+02,-6.290000000000000000e+02,6.900000000000000000e+01,1.800000000000000000e+01
1.680080652896935701e+09,1.606400000000000000e+04,3.800000000000000000e+02,3.040000000000000000e+02,-6.340000000000000000e+02,5.200000000000000000e+01,4.800000000000000000e+01
1.680080652898191929e+09,1.618800000000000000e+04,4.400000000000000000e+02,5.040000000000000000e+02,-6.070000000000000000e+02,3.100000000000000000e+01,5.800000000000000000e+01
1.680080652900278807e+09,1.621600000000000000e+04,2.720000000000000000e+02,2.840000000000000000e+02,-6.530000000000000000e+02,4.400000000000000000e+01,4.000000000000000000e+00
1.680080652901323080e+09,1.619600000000000000e+04,3.160000000000000000e+02,2.840000000000000000e+02,-6.700000000000000000e+02,3.700000000000000000e+01,1.400000000000000000e+01
1.680080652903472185e+09,1.618800000000000000e+04,4.400000000000000000e+02,4.680000000000000000e+02,-6.430000000000000000e+02,5.500000000000000000e+01,3.500000000000000000e+01
1.680080652904582500e+09,1.613200000000000000e+04,4.360000000000000000e+02,3.680000000000000000e+02,-6.370000000000000000e+02,2.200000000000000000e+01,3.100000000000000000e+01
1.680080652906817675e+09,1.622400000000000000e+04,2.480000000000000000e+02,4.200000000000000000e+02,-6.030000000000000000e+02,3.800000000000000000e+01,4.500000000000000000e+01
1.680080652907937527e+09,1.620400000000000000e+04,2.400000000000000000e+02,3.320000000000000000e+02,-6.460000000000000000e+02,7.100000000000000000e+01,3.600000000000000000e+01
1.680080652910005808e+09,1.618400000000000000e+04,3.560000000000000000e+02,2.000000000000000000e+02,-6.390000000000000000e+02,3.600000000000000000e+01,2.400000000000000000e+01
1.680080652911046982e+09,1.622400000000000000e+04,3.160000000000000000e+02,2.880000000000000000e+02,-6.440000000000000000e+02,2.900000000000000000e+01,3.600000000000000000e+01
1.680080652913061380e+09,1.618800000000000000e+04,2.120000000000000000e+02,3.840000000000000000e+02,-6.460000000000000000e+02,4.200000000000000000e+01,5.500000000000000000e+01
1.680080652914251328e+09,1.628800000000000000e+04,1.480000000000000000e+02,3.280000000000000000e+02,-6.430000000000000000e+02,4.100000000000000000e+01,4.000000000000000000e+01
1.680080652916220188e+09,1.622800000000000000e+04,2.240000000000000000e+02,4.200000000000000000e+02,-6.370000000000000000e+02,6.200000000000000000e+01,1.800000000000000000e+01
1.680080652917404652e+09,1.618800000000000000e+04,1.280000000000000000e+02,4.680000000000000000e+02,-6.500000000000000000e+02,4.700000000000000000e+01,2.000000000000000000e+00
1.680080652919317245e+09,1.623200000000000000e+04,2.240000000000000000e+02,4.000000000000000000e+02,-6.310000000000000000e+02,3.700000000000000000e+01,4.500000000000000000e+01
1.680080652920329571e+09,1.620400000000000000e+04,2.760000000000000000e+02,4.120000000000000000e+02,-6.390000000000000000e+02,2.700000000000000000e+01,4.300000000000000000e+01
1.680080652922821999e+09,1.622000000000000000e+04,2.000000000000000000e+02,4.320000000000000000e+02,-6.640000000000000000e+02,3.000000000000000000e+01,1.300000000000000000e+01
1.680080652923909903e+09,1.617600000000000000e+04,2.600000000000000000e+02,3.960000000000000000e+02,-6.450000000000000000e+02,3.700000000000000000e+01,1.000000000000000000e+01
1.680080652925889015e+09,1.619600000000000000e+04,3.040000000000000000e+02,4.200000000000000000e+02,-6.540000000000000000e+02,5.000000000000000000e+01,3.200000000000000000e+01
1.680080652927119255e+09,1.626800000000000000e+04,2.320000000000000000e+02,4.560000000000000000e+02,-6.480000000000000000e+02,3.700000000000000000e+01,3.100000000000000000e+01
1.680080652929096937e+09,1.615200000000000000e+04,2.720000000000000000e+02,3.720000000000000000e+02,-6.410000000000000000e+02,2.800000000000000000e+01,2.600000000000000000e+01
1.680080652930333376e+09,1.616400000000000000e+04,2.560000000000000000e+02,3.080000000000000000e+02,-6.230000000000000000e+02,5.500000000000000000e+01,5.100000000000000000e+01
1.680080652932576418e+09,1.616400000000000000e+04,2.560000000000000000e+02,3.760000000000000000e+02,-6.520000000000000000e+02,2.700000000000000000e+01,2.400000000000000000e+01
1.680080652933636427e+09,1.614000000000000000e+04,2.680000000000000000e+02,3.560000000000000000e+02,-6.250000000000000000e+02,3.900000000000000000e+01,2.900000000000000000e+01
1.680080652935806513e+09,1.614800000000000000e+04,1.960000000000000000e+02,4.520000000000000000e+02,-6.330000000000000000e+02,5.500000000000000000e+01,3.200000000000000000e+01
1.680080652937161922e+09,1.626400000000000000e+04,2.560000000000000000e+02,2.520000000000000000e+02,-6.390000000000000000e+02,4.300000000000000000e+01,3.700000000000000000e+01
1.680080652939146042e+09,1.617600000000000000e+04,1.400000000000000000e+02,3.040000000000000000e+02,-6.730000000000000000e+02,3.300000000000000000e+01,2.300000000000000000e+01
1.680080652940301895e+09,1.614800000000000000e+04,1.960000000000000000e+02,3.000000000000000000e+02,-6.130000000000000000e+02,3.900000000000000000e+01,3.100000000000000000e+01
1.680080652942362785e+09,1.628400000000000000e+04,2.400000000000000000e+02,3.560000000000000000e+02,-6.470000000000000000e+02,6.200000000000000000e+01,1.900000000000000000e+01
1.680080652943529367e+09,1.620800000000000000e+04,3.040000000000000000e+02,3.240000000000000000e+02,-6.830000000000000000e+02,4.200000000000000000e+01,3.100000000000000000e+01
1.680080652945474863e+09,1.618800000000000000e+04,2.360000000000000000e+02,2.640000000000000000e+02,-6.070000000000000000e+02,6.500000000000000000e+01,4.500000000000000000e+01
1.680080652946629524e+09,1.616800000000000000e+04,2.360000000000000000e+02,3.120000000000000000e+02,-6.430000000000000000e+02,8.300000000000000000e+01,2.900000000000000000e+01
1.680080652948860407e+09,1.619600000000000000e+04,3.080000000000000000e+02,4.920000000000000000e+02,-6.310000000000000000e+02,3.100000000000000000e+01,4.100000000000000000e+01
1.680080652950036764e+09,1.621200000000000000e+04,1.960000000000000000e+02,4.480000000000000000e+02,-6.540000000000000000e+02,2.000000000000000000e+01,3.000000000000000000e+01
1.680080652952133894e+09,1.614800000000000000e+04,3.400000000000000000e+02,2.440000000000000000e+02,-6.440000000000000000e+02,4.600000000000000000e+01,3.500000000000000000e+01
1.680080652953306675e+09,1.621200000000000000e+04,2.240000000000000000e+02,3.280000000000000000e+02,-6.410000000000000000e+02,2.200000000000000000e+01,3.000000000000000000e+01
1.680080652955437660e+09,1.604800000000000000e+04,1.840000000000000000e+02,3.680000000000000000e+02,-6.020000000000000000e+02,4.900000000000000000e+01,1.000000000000000000e+01
1.680080652956617832e+09,1.616800000000000000e+04,2.800000000000000000e+02,2.840000000000000000e+02,-6.520000000000000000e+02,2.400000000000000000e+01,1.700000000000000000e+01
1.680080652958824873e+09,1.614000000000000000e+04,3.640000000000000000e+02,3.800000000000000000e+02,-6.270000000000000000e+02,3.500000000000000000e+01,5.700000000000000000e+01
1.680080652960231543e+09,1.614400000000000000e+04,2.760000000000000000e+02,2.880000000000000000e+02,-6.550000000000000000e+02,6.700000000000000000e+01,4.100000000000000000e+01
1.680080652962249756e+09,1.614400000000000000e+04,3.080000000000000000e+02,2.800000000000000000e+02,-6.120000000000000000e+02,3.800000000000000000e+01,3.800000000000000000e+01
1.680080652963351250e+09,1.622400000000000000e+04,2.480000000000000000e+02,1.760000000000000000e+02,-6.050000000000000000e+02,3.800000000000000000e+01,2.700000000000000000e+01
1.680080652965471029e+09,1.626400000000000000e+04,3.480000000000000000e+02,3.640000000000000000e+02,-6.980000000000000000e+02,6.100000000000000000e+01,1.600000000000000000e+01
1.680080652966831684e+09,1.618000000000000000e+04,3.160000000000000000e+02,3.320000000000000000e+02,-6.450000000000000000e+02,6.700000000000000000e+01,1.700000000000000000e+01
1.680080652969061375e+09,1.605600000000000000e+04,2.520000000000000000e+02,1.320000000000000000e+02,-6.200000000000000000e+02,2.900000000000000000e+01,2.400000000000000000e+01
1.680080652970357418e+09,1.618400000000000000e+04,3.600000000000000000e+02,3.520000000000000000e+02,-6.220000000000000000e+02,4.400000000000000000e+01,1.700000000000000000e+01
1.680080652972465515e+09,1.611600000000000000e+04,2.880000000000000000e+02,3.520000000000000000e+02,-6.250000000000000000e+02,5.900000000000000000e+01,1.900000000000000000e+01
1.680080652973626614e+09,1.612400000000000000e+04,3.080000000000000000e+02,3.000000000000000000e+02,-6.410000000000000000e+02,5.300000000000000000e+01,1.600000000000000000e+01
1.680080652975597858e+09,1.616400000000000000e+04,3.160000000000000000e+02,2.600000000000000000e+02,-6.470000000000000000e+02,4.100000000000000000e+01,4.300000000000000000e+01
1.680080652976826906e+09,1.611600000000000000e+04,4.240000000000000000e+02,3.320000000000000000e+02,-6.380000000000000000e+02,2.900000000000000000e+01,3.600000000000000000e+01
1.680080652978923798e+09,1.616000000000000000e+04,3.520000000000000000e+02,2.480000000000000000e+02,-6.560000000000000000e+02,2.300000000000000000e+01,4.300000000000000000e+01
1.680080652980059862e+09,1.621200000000000000e+04,2.520000000000000000e+02,2.560000000000000000e+02,-6.310000000000000000e+02,6.200000000000000000e+01,5.200000000000000000e+01
1.680080652982122183e+09,1.618000000000000000e+04,3.680000000000000000e+02,3.120000000000000000e+02,-6.410000000000000000e+02,2.400000000000000000e+01,3.400000000000000000e+01
1.680080652983164310e+09,1.617600000000000000e+04,3.440000000000000000e+02,2.760000000000000000e+02,-6.310000000000000000e+02,5.000000000000000000e+01,3.900000000000000000e+01
1.680080652985469580e+09,1.613600000000000000e+04,3.800000000000000000e+02,2.080000000000000000e+02,-6.310000000000000000e+02,6.000000000000000000e+00,6.200000000000000000e+01
1.680080652986575127e+09,1.616400000000000000e+04,4.160000000000000000e+02,1.360000000000000000e+02,-6.170000000000000000e+02,3.900000000000000000e+01,4.500000000000000000e+01
1.680080652988624334e+09,1.619200000000000000e+04,3.200000000000000000e+02,3.920000000000000000e+02,-6.710000000000000000e+02,6.500000000000000000e+01,4.100000000000000000e+01
1.680080652989700317e+09,1.617600000000000000e+04,3.600000000000000000e+02,2.120000000000000000e+02,-6.240000000000000000e+02,3.300000000000000000e+01,4.900000000000000000e+01
1.680080652991793871e+09,1.618000000000000000e+04,3.400000000000000000e+02,2.720000000000000000e+02,-6.440000000000000000e+02,7.700000000000000000e+01,3.800000000000000000e+01
1.680080652992921114e+09,1.617200000000000000e+04,3.520000000000000000e+02,3.960000000000000000e+02,-6.760000000000000000e+02,7.800000000000000000e+01,2.600000000000000000e+01
1.680080652994938850e+09,1.615200000000000000e+04,3.000000000000000000e+02,2.200000000000000000e+02,-6.270000000000000000e+02,5.200000000000000000e+01,4.600000000000000000e+01
1.680080652996077538e+09,1.618000000000000000e+04,2.920000000000000000e+02,2.840000000000000000e+02,-6.490000000000000000e+02,4.200000000000000000e+01,5.600000000000000000e+01
1.680080652998051405e+09,1.617200000000000000e+04,3.760000000000000000e+02,1.520000000000000000e+02,-6.150000000000000000e+02,3.800000000000000000e+01,2.400000000000000000e+01
1.680080652999252081e+09,1.620400000000000000e+04,3.840000000000000000e+02,2.400000000000000000e+02,-6.430000000000000000e+02,9.000000000000000000e+00,1.400000000000000000e+01
1.680080653001339436e+09,1.616000000000000000e+04,3.640000000000000000e+02,3.120000000000000000e+02,-6.330000000000000000e+02,5.500000000000000000e+01,4.500000000000000000e+01
1.680080653002512693e+09,1.621200000000000000e+04,2.760000000000000000e+02,2.880000000000000000e+02,-6.620000000000000000e+02,5.700000000000000000e+01,3.700000000000000000e+01
1.680080653004466057e+09,1.622000000000000000e+04,2.840000000000000000e+02,3.440000000000000000e+02,-6.250000000000000000e+02,6.300000000000000000e+01,3.200000000000000000e+01
1.680080653005592108e+09,1.619600000000000000e+04,3.320000000000000000e+02,1.320000000000000000e+02,-6.420000000000000000e+02,4.700000000000000000e+01,3.000000000000000000e+01
1.680080653007755280e+09,1.612400000000000000e+04,2.320000000000000000e+02,2.560000000000000000e+02,-6.300000000000000000e+02,6.400000000000000000e+01,1.500000000000000000e+01
1.680080653008910418e+09,1.615600000000000000e+04,3.080000000000000000e+02,3.560000000000000000e+02,-6.350000000000000000e+02,3.100000000000000000e+01,1.500000000000000000e+01
1.680080653010924101e+09,1.614800000000000000e+04,4.440000000000000000e+02,2.920000000000000000e+02,-6.160000000000000000e+02,4.600000000000000000e+01,2.200000000000000000e+01
1.680080653012018681e+09,1.634800000000000000e+04,3.160000000000000000e+02,1.560000000000000000e+02,-6.490000000000000000e+02,4.100000000000000000e+01,1.800000000000000000e+01
1.680080653013978958e+09,1.622800000000000000e+04,3.600000000000000000e+02,2.640000000000000000e+02,-6.080000000000000000e+02,4.700000000000000000e+01,3.600000000000000000e+01
1.680080653015258074e+09,1.620400000000000000e+04,3.560000000000000000e+02,2.160000000000000000e+02,-6.160000000000000000e+02,5.600000000000000000e+01,5.100000000000000000e+01
1.680080653017236948e+09,1.624800000000000000e+04,3.400000000000000000e+02,2.680000000000000000e+02,-6.590000000000000000e+02,2.700000000000000000e+01,2.100000000000000000e+01
1.680080653018280029e+09,1.618400000000000000e+04,2.920000000000000000e+02,2.440000000000000000e+02,-6.220000000000000000e+02,5.700000000000000000e+01,3.400000000000000000e+01
1.680080653020578861e+09,1.617600000000000000e+04,3.760000000000000000e+02,3.120000000000000000e+02,-6.530000000000000000e+02,1.500000000000000000e+01,4.100000000000000000e+01
1.680080653021715403e+09,1.621200000000000000e+04,2.840000000000000000e+02,3.680000000000000000e+02,-6.030000000000000000e+02,2.200000000000000000e+01,2.600000000000000000e+01
1.680080653023725986e+09,1.611200000000000000e+04,3.520000000000000000e+02,2.960000000000000000e+02,-6.260000000000000000e+02,9.500000000000000000e+01,6.000000000000000000e+00
1.680080653024960518e+09,1.616000000000000000e+04,3.080000000000000000e+02,3.360000000000000000e+02,-6.770000000000000000e+02,5.000000000000000000e+01,2.200000000000000000e+01
1.680080653026952028e+09,1.633200000000000000e+04,2.920000000000000000e+02,4.000000000000000000e+02,-6.160000000000000000e+02,3.300000000000000000e+01,2.900000000000000000e+01
1.680080653028245449e+09,1.622800000000000000e+04,3.080000000000000000e+02,3.880000000000000000e+02,-6.140000000000000000e+02,3.600000000000000000e+01,3.000000000000000000e+01
1.680080653030415058e+09,1.626000000000000000e+04,3.440000000000000000e+02,2.600000000000000000e+02,-6.260000000000000000e+02,5.600000000000000000e+01,1.200000000000000000e+01
1.680080653031484842e+09,1.623600000000000000e+04,4.200000000000000000e+02,3.720000000000000000e+02,-6.520000000000000000e+02,1.800000000000000000e+01,4.000000000000000000e+00
1.680080653033705473e+09,1.619600000000000000e+04,3.640000000000000000e+02,3.520000000000000000e+02,-6.100000000000000000e+02,6.200000000000000000e+01,4.300000000000000000e+01
1.680080653034830093e+09,1.614000000000000000e+04,2.640000000000000000e+02,4.000000000000000000e+02,-6.510000000000000000e+02,6.100000000000000000e+01,2.500000000000000000e+01
1.680080653036811113e+09,1.625200000000000000e+04,3.160000000000000000e+02,2.360000000000000000e+02,-6.080000000000000000e+02,5.100000000000000000e+01,2.600000000000000000e+01
1.680080653037933111e+09,1.620000000000000000e+04,2.560000000000000000e+02,2.720000000000000000e+02,-6.370000000000000000e+02,2.400000000000000000e+01,3.100000000000000000e+01
1.680080653040107489e+09,1.620000000000000000e+04,4.160000000000000000e+02,4.480000000000000000e+02,-5.930000000000000000e+02,3.600000000000000000e+01,1.900000000000000000e+01
1.680080653041240931e+09,1.614400000000000000e+04,4.320000000000000000e+02,3.160000000000000000e+02,-6.290000000000000000e+02,5.800000000000000000e+01,2.000000000000000000e+01
1.680080653043169022e+09,1.617600000000000000e+04,2.760000000000000000e+02,3.440000000000000000e+02,-6.370000000000000000e+02,2.900000000000000000e+01,4.600000000000000000e+01
1.680080653044387102e+09,1.617200000000000000e+04,2.880000000000000000e+02,3.960000000000000000e+02,-6.290000000000000000e+02,5.800000000000000000e+01,3.700000000000000000e+01
1.680080653046380997e+09,1.612000000000000000e+04,2.440000000000000000e+02,3.640000000000000000e+02,-6.340000000000000000e+02,2.500000000000000000e+01,2.700000000000000000e+01
1.680080653047737837e+09,1.626400000000000000e+04,2.160000000000000000e+02,2.400000000000000000e+02,-6.280000000000000000e+02,2.500000000000000000e+01,4.100000000000000000e+01
1.680080653049810171e+09,1.607600000000000000e+04,3.720000000000000000e+02,2.920000000000000000e+02,-6.230000000000000000e+02,7.100000000000000000e+01,1.900000000000000000e+01
1.680080653050904751e+09,1.617600000000000000e+04,3.240000000000000000e+02,3.800000000000000000e+02,-6.360000000000000000e+02,6.600000000000000000e+01,3.000000000000000000e+01
1.680080653052867651e+09,1.622000000000000000e+04,3.440000000000000000e+02,2.640000000000000000e+02,-5.890000000000000000e+02,3.200000000000000000e+01,2.400000000000000000e+01
1.680080653054146767e+09,1.614800000000000000e+04,2.840000000000000000e+02,3.640000000000000000e+02,-6.160000000000000000e+02,6.800000000000000000e+01,3.000000000000000000e+01
1.680080653056104660e+09,1.621200000000000000e+04,3.320000000000000000e+02,4.080000000000000000e+02,-6.320000000000000000e+02,1.400000000000000000e+01,3.100000000000000000e+01
1.680080653057169676e+09,1.622000000000000000e+04,2.840000000000000000e+02,4.320000000000000000e+02,-5.680000000000000000e+02,2.700000000000000000e+01,4.200000000000000000e+01
1.680080653059751511e+09,1.628800000000000000e+04,3.840000000000000000e+02,4.400000000000000000e+02,-6.580000000000000000e+02,4.800000000000000000e+01,3.800000000000000000e+01
1.680080653060812235e+09,1.627200000000000000e+04,3.640000000000000000e+02,4.440000000000000000e+02,-6.180000000000000000e+02,5.100000000000000000e+01,1.600000000000000000e+01
1.680080653062729359e+09,1.620400000000000000e+04,3.120000000000000000e+02,2.920000000000000000e+02,-6.330000000000000000e+02,4.400000000000000000e+01,9.000000000000000000e+00
1.680080653063851118e+09,1.623200000000000000e+04,2.680000000000000000e+02,3.280000000000000000e+02,-6.610000000000000000e+02,3.700000000000000000e+01,1.700000000000000000e+01
1.680080653065844059e+09,1.626000000000000000e+04,3.360000000000000000e+02,3.560000000000000000e+02,-6.590000000000000000e+02,2.800000000000000000e+01,3.600000000000000000e+01
1.680080653067144871e+09,1.625200000000000000e+04,3.160000000000000000e+02,5.040000000000000000e+02,-6.250000000000000000e+02,3.500000000000000000e+01,3.300000000000000000e+01
1.680080653069283485e+09,1.618400000000000000e+04,2.920000000000000000e+02,4.760000000000000000e+02,-6.110000000000000000e+02,2.900000000000000000e+01,3.400000000000000000e+01
1.680080653070347786e+09,1.615600000000000000e+04,2.840000000000000000e+02,2.360000000000000000e+02,-6.040000000000000000e+02,5.200000000000000000e+01,2.600000000000000000e+01
1.680080653072402000e+09,1.616400000000000000e+04,3.240000000000000000e+02,2.960000000000000000e+02,-6.680000000000000000e+02,3.600000000000000000e+01,2.300000000000000000e+01
1.680080653073698759e+09,1.615200000000000000e+04,2.400000000000000000e+02,2.960000000000000000e+02,-6.260000000000000000e+02,2.600000000000000000e+01,3.500000000000000000e+01
1.680080653075616360e+09,1.612000000000000000e+04,2.560000000000000000e+02,4.240000000000000000e+02,-6.490000000000000000e+02,6.100000000000000000e+01,2.700000000000000000e+01
1.680080653076686621e+09,1.610400000000000000e+04,2.400000000000000000e+02,4.640000000000000000e+02,-6.850000000000000000e+02,4.500000000000000000e+01,2.300000000000000000e+01
1.680080653079037666e+09,1.622000000000000000e+04,3.120000000000000000e+02,3.520000000000000000e+02,-5.920000000000000000e+02,5.700000000000000000e+01,4.400000000000000000e+01
1.680080653080161333e+09,1.616000000000000000e+04,2.880000000000000000e+02,3.880000000000000000e+02,-6.400000000000000000e+02,7.100000000000000000e+01,3.400000000000000000e+01
1.680080653082124233e+09,1.624800000000000000e+04,2.160000000000000000e+02,2.480000000000000000e+02,-6.380000000000000000e+02,5.800000000000000000e+01,-1.000000000000000000e+00
1.680080653083286047e+09,1.616800000000000000e+04,2.440000000000000000e+02,3.520000000000000000e+02,-6.500000000000000000e+02,3.900000000000000000e+01,1.000000000000000000e+01
1.680080653085223436e+09,1.620400000000000000e+04,3.120000000000000000e+02,3.800000000000000000e+02,-6.070000000000000000e+02,2.200000000000000000e+01,3.300000000000000000e+01
1.680080653086263657e+09,1.608000000000000000e+04,2.480000000000000000e+02,2.160000000000000000e+02,-6.270000000000000000e+02,4.700000000000000000e+01,3.000000000000000000e+01
1.680080653088289738e+09,1.617600000000000000e+04,3.360000000000000000e+02,3.000000000000000000e+02,-6.780000000000000000e+02,3.600000000000000000e+01,2.600000000000000000e+01
1.680080653089361668e+09,1.613200000000000000e+04,2.320000000000000000e+02,2.800000000000000000e+02,-6.140000000000000000e+02,3.600000000000000000e+01,1.700000000000000000e+01
1.680080653091337681e+09,1.616000000000000000e+04,2.800000000000000000e+02,4.000000000000000000e+02,-6.490000000000000000e+02,3.900000000000000000e+01,3.400000000000000000e+01
1.680080653092614651e+09,1.621600000000000000e+04,2.040000000000000000e+02,3.680000000000000000e+02,-6.460000000000000000e+02,3.700000000000000000e+01,2.900000000000000000e+01
1.680080653094582558e+09,1.611200000000000000e+04,1.960000000000000000e+02,3.360000000000000000e+02,-6.520000000000000000e+02,2.300000000000000000e+01,1.500000000000000000e+01
1.680080653095711231e+09,1.620800000000000000e+04,1.680000000000000000e+02,2.840000000000000000e+02,-6.170000000000000000e+02,8.000000000000000000e+00,5.300000000000000000e+01
1.680080653097824097e+09,1.620800000000000000e+04,2.520000000000000000e+02,3.840000000000000000e+02,-6.520000000000000000e+02,6.500000000000000000e+01,2.700000000000000000e+01
1.680080653098992586e+09,1.624000000000000000e+04,2.680000000000000000e+02,3.600000000000000000e+02,-6.520000000000000000e+02,6.500000000000000000e+01,1.000000000000000000e+00
1.680080653100970745e+09,1.604800000000000000e+04,2.080000000000000000e+02,3.320000000000000000e+02,-6.560000000000000000e+02,2.300000000000000000e+01,2.600000000000000000e+01
1.680080653102232695e+09,1.619200000000000000e+04,2.320000000000000000e+02,2.160000000000000000e+02,-6.600000000000000000e+02,1.500000000000000000e+01,4.200000000000000000e+01
1.680080653104506969e+09,1.615200000000000000e+04,2.880000000000000000e+02,2.560000000000000000e+02,-6.370000000000000000e+02,1.500000000000000000e+01,3.700000000000000000e+01
1.680080653105559826e+09,1.604800000000000000e+04,2.720000000000000000e+02,3.720000000000000000e+02,-6.310000000000000000e+02,6.000000000000000000e+00,2.800000000000000000e+01
1.680080653107622385e+09,1.612400000000000000e+04,1.680000000000000000e+02,2.400000000000000000e+02,-6.410000000000000000e+02,6.400000000000000000e+01,1.700000000000000000e+01
1.680080653108725071e+09,1.608000000000000000e+04,2.600000000000000000e+02,4.240000000000000000e+02,-6.800000000000000000e+02,2.400000000000000000e+01,6.000000000000000000e+00
1.680080653110711813e+09,1.618000000000000000e+04,2.600000000000000000e+02,2.600000000000000000e+02,-6.170000000000000000e+02,4.800000000000000000e+01,3.900000000000000000e+01
1.680080653111861706e+09,1.614800000000000000e+04,2.280000000000000000e+02,3.240000000000000000e+02,-6.410000000000000000e+02,6.300000000000000000e+01,4.900000000000000000e+01
1.680080653113826990e+09,1.610000000000000000e+04,2.600000000000000000e+02,3.480000000000000000e+02,-6.470000000000000000e+02,2.900000000000000000e+01,2.300000000000000000e+01
1.680080653114972115e+09,1.615200000000000000e+04,2.840000000000000000e+02,4.480000000000000000e+02,-6.100000000000000000e+02,5.700000000000000000e+01,3.600000000000000000e+01
1.680080653117234945e+09,1.618000000000000000e+04,2.280000000000000000e+02,4.960000000000000000e+02,-6.520000000000000000e+02,6.100000000000000000e+01,0.000000000000000000e+00
1.680080653118390560e+09,1.608400000000000000e+04,2.320000000000000000e+02,3.480000000000000000e+02,-6.320000000000000000e+02,5.200000000000000000e+01,2.000000000000000000e+01
1.680080653120361805e+09,1.626400000000000000e+04,3.880000000000000000e+02,3.480000000000000000e+02,-6.410000000000000000e+02,5.200000000000000000e+01,3.900000000000000000e+01
1.680080653121748209e+09,1.628800000000000000e+04,3.840000000000000000e+02,1.840000000000000000e+02,-6.350000000000000000e+02,4.400000000000000000e+01,1.500000000000000000e+01
1.680080653123832464e+09,1.616800000000000000e+04,3.840000000000000000e+02,3.280000000000000000e+02,-6.420000000000000000e+02,3.600000000000000000e+01,2.700000000000000000e+01
1.680080653125042200e+09,1.616800000000000000e+04,2.560000000000000000e+02,4.320000000000000000e+02,-6.000000000000000000e+02,6.000000000000000000e+01,2.700000000000000000e+01
1.680080653127164125e+09,1.621200000000000000e+04,3.200000000000000000e+02,3.080000000000000000e+02,-6.240000000000000000e+02,5.000000000000000000e+01,4.300000000000000000e+01
1.680080653128581524e+09,1.620400000000000000e+04,3.200000000000000000e+02,3.080000000000000000e+02,-6.440000000000000000e+02,3.800000000000000000e+01,8.000000000000000000e+00
1.680080653130630255e+09,1.622400000000000000e+04,2.520000000000000000e+02,2.480000000000000000e+02,-6.300000000000000000e+02,4.000000000000000000e+01,1.900000000000000000e+01
1.680080653131718397e+09,1.618000000000000000e+04,2.960000000000000000e+02,2.360000000000000000e+02,-6.300000000000000000e+02,4.100000000000000000e+01,1.900000000000000000e+01
1.680080653133661509e+09,1.620000000000000000e+04,2.640000000000000000e+02,3.320000000000000000e+02,-6.570000000000000000e+02,4.500000000000000000e+01,5.200000000000000000e+01
1.680080653135048151e+09,1.618400000000000000e+04,2.680000000000000000e+02,3.840000000000000000e+02,-6.380000000000000000e+02,6.700000000000000000e+01,3.200000000000000000e+01
1.680080653137217045e+09,1.615200000000000000e+04,2.720000000000000000e+02,3.560000000000000000e+02,-5.910000000000000000e+02,3.300000000000000000e+01,4.000000000000000000e+01
1.680080653138419628e+09,1.618400000000000000e+04,2.160000000000000000e+02,2.920000000000000000e+02,-6.080000000000000000e+02,3.300000000000000000e+01,5.700000000000000000e+01
1.680080653140388250e+09,1.629200000000000000e+04,2.880000000000000000e+02,3.120000000000000000e+02,-6.630000000000000000e+02,3.800000000000000000e+01,4.500000000000000000e+01
1.680080653141688585e+09,1.615200000000000000e+04,3.200000000000000000e+02,2.560000000000000000e+02,-6.240000000000000000e+02,5.000000000000000000e+01,4.500000000000000000e+01
1.680080653143870115e+09,1.611200000000000000e+04,3.360000000000000000e+02,2.640000000000000000e+02,-6.490000000000000000e+02,4.400000000000000000e+01,4.200000000000000000e+01
1.680080653144930601e+09,1.613200000000000000e+04,4.000000000000000000e+02,2.720000000000000000e+02,-6.500000000000000000e+02,3.700000000000000000e+01,2.100000000000000000e+01
1.680080653146967888e+09,1.620000000000000000e+04,3.600000000000000000e+02,1.680000000000000000e+02,-6.300000000000000000e+02,5.700000000000000000e+01,1.700000000000000000e+01
1.680080653148175478e+09,1.620000000000000000e+04,2.760000000000000000e+02,2.360000000000000000e+02,-6.740000000000000000e+02,3.800000000000000000e+01,3.200000000000000000e+01
1.680080653150225401e+09,1.623200000000000000e+04,3.520000000000000000e+02,3.600000000000000000e+02,-6.090000000000000000e+02,5.300000000000000000e+01,3.700000000000000000e+01
1.680080653151282787e+09,1.624400000000000000e+04,4.360000000000000000e+02,2.720000000000000000e+02,-6.460000000000000000e+02,6.500000000000000000e+01,3.400000000000000000e+01
1.680080653153413296e+09,1.619600000000000000e+04,3.160000000000000000e+02,2.080000000000000000e+02,-6.460000000000000000e+02,3.000000000000000000e+01,5.500000000000000000e+01
1.680080653154436588e+09,1.620000000000000000e+04,3.760000000000000000e+02,1.880000000000000000e+02,-6.440000000000000000e+02,3.500000000000000000e+01,2.500000000000000000e+01
1.680080653156567335e+09,1.615600000000000000e+04,3.320000000000000000e+02,2.880000000000000000e+02,-6.280000000000000000e+02,3.200000000000000000e+01,3.700000000000000000e+01
1.680080653157688141e+09,1.620800000000000000e+04,3.960000000000000000e+02,3.720000000000000000e+02,-5.860000000000000000e+02,5.400000000000000000e+01,5.600000000000000000e+01
1.680080653159648180e+09,1.619200000000000000e+04,3.160000000000000000e+02,2.680000000000000000e+02,-6.620000000000000000e+02,2.300000000000000000e+01,1.400000000000000000e+01
1.680080653160972834e+09,1.616000000000000000e+04,4.360000000000000000e+02,2.960000000000000000e+02,-6.490000000000000000e+02,4.100000000000000000e+01,3.400000000000000000e+01
1.680080653163212299e+09,1.615200000000000000e+04,4.080000000000000000e+02,4.320000000000000000e+02,-6.500000000000000000e+02,4.000000000000000000e+01,5.500000000000000000e+01
1.680080653164369583e+09,1.624400000000000000e+04,3.120000000000000000e+02,2.680000000000000000e+02,-5.940000000000000000e+02,3.500000000000000000e+01,4.400000000000000000e+01
1.680080653166610956e+09,1.622400000000000000e+04,3.160000000000000000e+02,4.120000000000000000e+02,-6.610000000000000000e+02,5.200000000000000000e+01,2.400000000000000000e+01
1.680080653167641401e+09,1.624400000000000000e+04,4.000000000000000000e+02,4.000000000000000000e+02,-6.320000000000000000e+02,5.800000000000000000e+01,5.700000000000000000e+01
1.680080653169739723e+09,1.618800000000000000e+04,2.800000000000000000e+02,3.640000000000000000e+02,-6.360000000000000000e+02,4.000000000000000000e+01,3.400000000000000000e+01
1.680080653170771599e+09,1.623200000000000000e+04,2.880000000000000000e+02,3.360000000000000000e+02,-6.310000000000000000e+02,2.500000000000000000e+01,2.400000000000000000e+01
1.680080653172846079e+09,1.618400000000000000e+04,2.680000000000000000e+02,3.560000000000000000e+02,-6.380000000000000000e+02,3.300000000000000000e+01,2.400000000000000000e+01
1.680080653173860312e+09,1.624400000000000000e+04,2.720000000000000000e+02,3.720000000000000000e+02,-6.270000000000000000e+02,3.200000000000000000e+01,3.000000000000000000e+01
1.680080653175928831e+09,1.618000000000000000e+04,3.400000000000000000e+02,3.680000000000000000e+02,-6.360000000000000000e+02,5.100000000000000000e+01,3.800000000000000000e+01
1.680080653176992178e+09,1.614400000000000000e+04,2.760000000000000000e+02,3.600000000000000000e+02,-6.230000000000000000e+02,7.100000000000000000e+01,4.400000000000000000e+01
1.680080653179035902e+09,1.625200000000000000e+04,2.600000000000000000e+02,3.240000000000000000e+02,-6.440000000000000000e+02,5.000000000000000000e+01,4.500000000000000000e+01
1.680080653180199623e+09,1.613600000000000000e+04,2.280000000000000000e+02,2.400000000000000000e+02,-6.300000000000000000e+02,4.400000000000000000e+01,2.900000000000000000e+01
1.680080653182128668e+09,1.627200000000000000e+04,3.240000000000000000e+02,3.520000000000000000e+02,-6.230000000000000000e+02,1.600000000000000000e+01,4.700000000000000000e+01
1.680080653183520317e+09,1.611200000000000000e+04,3.320000000000000000e+02,2.880000000000000000e+02,-6.450000000000000000e+02,4.600000000000000000e+01,4.500000000000000000e+01
1.680080653185667515e+09,1.618000000000000000e+04,2.480000000000000000e+02,4.640000000000000000e+02,-6.520000000000000000e+02,4.800000000000000000e+01,4.200000000000000000e+01
1.680080653186969280e+09,1.614000000000000000e+04,3.040000000000000000e+02,3.040000000000000000e+02,-6.410000000000000000e+02,5.500000000000000000e+01,4.200000000000000000e+01
1.680080653189138412e+09,1.619600000000000000e+04,2.400000000000000000e+02,3.400000000000000000e+02,-6.260000000000000000e+02,2.000000000000000000e+01,4.600000000000000000e+01
1.680080653190181971e+09,1.618800000000000000e+04,2.320000000000000000e+02,2.840000000000000000e+02,-6.090000000000000000e+02,2.000000000000000000e+01,3.900000000000000000e+01
1.680080653192266464e+09,1.622800000000000000e+04,3.600000000000000000e+02,2.360000000000000000e+02,-6.720000000000000000e+02,5.000000000000000000e+00,3.900000000000000000e+01
1.680080653193288565e+09,1.625600000000000000e+04,2.600000000000000000e+02,2.440000000000000000e+02,-6.180000000000000000e+02,9.000000000000000000e+00,4.200000000000000000e+01
1.680080653195430756e+09,1.622000000000000000e+04,3.000000000000000000e+02,3.400000000000000000e+02,-6.320000000000000000e+02,5.000000000000000000e+01,3.800000000000000000e+01
1.680080653196566343e+09,1.608800000000000000e+04,2.160000000000000000e+02,3.120000000000000000e+02,-6.750000000000000000e+02,2.300000000000000000e+01,3.400000000000000000e+01
1.680080653198532104e+09,1.618800000000000000e+04,3.640000000000000000e+02,3.160000000000000000e+02,-6.190000000000000000e+02,5.000000000000000000e+01,2.400000000000000000e+01
1.680080653199844360e+09,1.622800000000000000e+04,3.280000000000000000e+02,1.960000000000000000e+02,-6.280000000000000000e+02,1.700000000000000000e+01,4.800000000000000000e+01
1.680080653201764107e+09,1.618000000000000000e+04,2.960000000000000000e+02,3.560000000000000000e+02,-5.670000000000000000e+02,2.700000000000000000e+01,1.700000000000000000e+01
1.680080653203136921e+09,1.616400000000000000e+04,4.040000000000000000e+02,4.600000000000000000e+02,-6.400000000000000000e+02,2.600000000000000000e+01,2.100000000000000000e+01
1.680080653205200672e+09,1.617600000000000000e+04,2.800000000000000000e+02,1.920000000000000000e+02,-5.950000000000000000e+02,3.900000000000000000e+01,4.200000000000000000e+01
1.680080653206449986e+09,1.621200000000000000e+04,3.400000000000000000e+02,2.360000000000000000e+02,-6.120000000000000000e+02,6.200000000000000000e+01,4.400000000000000000e+01
1.680080653208602428e+09,1.620000000000000000e+04,3.320000000000000000e+02,4.840000000000000000e+02,-6.590000000000000000e+02,3.000000000000000000e+00,1.900000000000000000e+01
1.680080653209645033e+09,1.621600000000000000e+04,3.120000000000000000e+02,4.480000000000000000e+02,-6.370000000000000000e+02,3.500000000000000000e+01,4.200000000000000000e+01
1.680080653211728096e+09,1.616400000000000000e+04,3.240000000000000000e+02,3.120000000000000000e+02,-6.310000000000000000e+02,6.600000000000000000e+01,4.700000000000000000e+01
1.680080653212759256e+09,1.611200000000000000e+04,3.520000000000000000e+02,2.000000000000000000e+02,-6.090000000000000000e+02,7.000000000000000000e+01,3.400000000000000000e+01
1.680080653214853525e+09,1.626400000000000000e+04,3.440000000000000000e+02,3.680000000000000000e+02,-6.470000000000000000e+02,3.500000000000000000e+01,2.900000000000000000e+01
1.680080653216001272e+09,1.623200000000000000e+04,2.880000000000000000e+02,3.720000000000000000e+02,-6.420000000000000000e+02,3.000000000000000000e+01,2.000000000000000000e+01
1.680080653218088388e+09,1.612800000000000000e+04,3.680000000000000000e+02,4.400000000000000000e+02,-6.150000000000000000e+02,2.000000000000000000e+01,2.600000000000000000e+01
1.680080653219303370e+09,1.610400000000000000e+04,3.320000000000000000e+02,3.840000000000000000e+02,-6.280000000000000000e+02,4.900000000000000000e+01,4.000000000000000000e+01
1.680080653221329451e+09,1.626800000000000000e+04,3.320000000000000000e+02,3.040000000000000000e+02,-6.360000000000000000e+02,5.200000000000000000e+01,3.100000000000000000e+01
1.680080653222608089e+09,1.622000000000000000e+04,3.400000000000000000e+02,3.480000000000000000e+02,-6.330000000000000000e+02,3.000000000000000000e+01,2.500000000000000000e+01
1.680080653224650383e+09,1.612000000000000000e+04,3.080000000000000000e+02,1.960000000000000000e+02,-6.340000000000000000e+02,5.100000000000000000e+01,4.900000000000000000e+01
1.680080653225865841e+09,1.615600000000000000e+04,3.240000000000000000e+02,2.800000000000000000e+02,-6.500000000000000000e+02,4.500000000000000000e+01,4.300000000000000000e+01
1.680080653227859259e+09,1.613200000000000000e+04,2.480000000000000000e+02,3.080000000000000000e+02,-6.180000000000000000e+02,4.300000000000000000e+01,3.600000000000000000e+01
1.680080653229038477e+09,1.622400000000000000e+04,2.320000000000000000e+02,3.920000000000000000e+02,-6.100000000000000000e+02,4.700000000000000000e+01,3.500000000000000000e+01
1.680080653231247902e+09,1.623200000000000000e+04,2.960000000000000000e+02,4.480000000000000000e+02,-6.310000000000000000e+02,2.500000000000000000e+01,3.800000000000000000e+01
1.680080653232392788e+09,1.625200000000000000e+04,2.840000000000000000e+02,4.080000000000000000e+02,-6.240000000000000000e+02,4.500000000000000000e+01,4.100000000000000000e+01
1.680080653234550238e+09,1.623200000000000000e+04,2.640000000000000000e+02,4.760000000000000000e+02,-6.260000000000000000e+02,8.000000000000000000e+00,3.300000000000000000e+01
1.680080653235600233e+09,1.618400000000000000e+04,2.560000000000000000e+02,2.800000000000000000e+02,-6.190000000000000000e+02,3.000000000000000000e+01,2.600000000000000000e+01
1.680080653237796068e+09,1.623200000000000000e+04,2.800000000000000000e+02,3.560000000000000000e+02,-6.750000000000000000e+02,2.200000000000000000e+01,2.400000000000000000e+01
1.680080653238924265e+09,1.616000000000000000e+04,2.840000000000000000e+02,3.800000000000000000e+02,-6.290000000000000000e+02,2.600000000000000000e+01,3.000000000000000000e+01
1.680080653241041422e+09,1.614800000000000000e+04,3.400000000000000000e+02,3.880000000000000000e+02,-6.140000000000000000e+02,6.500000000000000000e+01,4.300000000000000000e+01
1.680080653242189407e+09,1.620400000000000000e+04,3.000000000000000000e+02,2.840000000000000000e+02,-6.520000000000000000e+02,5.800000000000000000e+01,2.300000000000000000e+01
1.680080653244338989e+09,1.624400000000000000e+04,2.160000000000000000e+02,3.480000000000000000e+02,-6.410000000000000000e+02,2.900000000000000000e+01,4.200000000000000000e+01
1.680080653245376348e+09,1.622400000000000000e+04,2.800000000000000000e+02,3.440000000000000000e+02,-6.440000000000000000e+02,3.100000000000000000e+01,6.300000000000000000e+01
1.680080653247603178e+09,1.617200000000000000e+04,3.720000000000000000e+02,3.960000000000000000e+02,-6.330000000000000000e+02,3.300000000000000000e+01,3.700000000000000000e+01
1.680080653248766422e+09,1.623600000000000000e+04,3.280000000000000000e+02,4.560000000000000000e+02,-6.250000000000000000e+02,5.600000000000000000e+01,1.500000000000000000e+01
1.680080653250738144e+09,1.605600000000000000e+04,2.480000000000000000e+02,3.400000000000000000e+02,-6.510000000000000000e+02,3.000000000000000000e+01,3.300000000000000000e+01
1.680080653252111673e+09,1.615200000000000000e+04,3.360000000000000000e+02,2.840000000000000000e+02,-6.310000000000000000e+02,3.300000000000000000e+01,4.700000000000000000e+01
1.680080653254104853e+09,1.619200000000000000e+04,3.800000000000000000e+02,2.720000000000000000e+02,-6.450000000000000000e+02,6.400000000000000000e+01,3.500000000000000000e+01
1.680080653255227566e+09,1.616000000000000000e+04,4.240000000000000000e+02,2.200000000000000000e+02,-6.380000000000000000e+02,3.900000000000000000e+01,5.400000000000000000e+01
1.680080653257300377e+09,1.611200000000000000e+04,4.080000000000000000e+02,3.160000000000000000e+02,-6.250000000000000000e+02,1.200000000000000000e+01,3.100000000000000000e+01
1.680080653258419037e+09,1.618000000000000000e+04,3.400000000000000000e+02,2.680000000000000000e+02,-6.050000000000000000e+02,3.800000000000000000e+01,4.100000000000000000e+01
1.680080653260429144e+09,1.636000000000000000e+04,2.400000000000000000e+02,2.960000000000000000e+02,-6.850000000000000000e+02,3.400000000000000000e+01,5.500000000000000000e+01
1.680080653261788130e+09,1.614400000000000000e+04,2.760000000000000000e+02,2.760000000000000000e+02,-6.130000000000000000e+02,4.000000000000000000e+01,3.800000000000000000e+01
1.680080653264902115e+09,1.616400000000000000e+04,2.880000000000000000e+02,3.480000000000000000e+02,-6.380000000000000000e+02,6.100000000000000000e+01,4.400000000000000000e+01
1.680080653266433477e+09,1.620000000000000000e+04,2.800000000000000000e+02,2.640000000000000000e+02,-6.240000000000000000e+02,6.100000000000000000e+01,3.700000000000000000e+01
1.680080653270711660e+09,1.615600000000000000e+04,2.480000000000000000e+02,3.120000000000000000e+02,-6.350000000000000000e+02,3.000000000000000000e+01,3.900000000000000000e+01
1.680080653272003889e+09,1.609600000000000000e+04,2.440000000000000000e+02,3.040000000000000000e+02,-6.560000000000000000e+02,3.700000000000000000e+01,3.500000000000000000e+01
1.680080653274023056e+09,1.618800000000000000e+04,2.240000000000000000e+02,3.320000000000000000e+02,-6.300000000000000000e+02,5.900000000000000000e+01,3.800000000000000000e+01
1.680080653275324583e+09,1.610000000000000000e+04,2.440000000000000000e+02,3.200000000000000000e+02,-6.260000000000000000e+02,5.800000000000000000e+01,5.000000000000000000e+01
1.680080653277493000e+09,1.619200000000000000e+04,2.320000000000000000e+02,2.800000000000000000e+02,-6.360000000000000000e+02,2.900000000000000000e+01,2.800000000000000000e+01
1.680080653278995991e+09,1.633200000000000000e+04,3.400000000000000000e+02,3.680000000000000000e+02,-6.230000000000000000e+02,6.200000000000000000e+01,2.100000000000000000e+01
1.680080653281229973e+09,1.610800000000000000e+04,2.120000000000000000e+02,2.240000000000000000e+02,-6.320000000000000000e+02,4.500000000000000000e+01,3.500000000000000000e+01
1.680080653282401562e+09,1.618000000000000000e+04,3.080000000000000000e+02,4.720000000000000000e+02,-6.220000000000000000e+02,5.200000000000000000e+01,5.700000000000000000e+01
1.680080653284574270e+09,1.621600000000000000e+04,3.120000000000000000e+02,3.560000000000000000e+02,-6.180000000000000000e+02,2.700000000000000000e+01,3.100000000000000000e+01
1.680080653285754204e+09,1.618400000000000000e+04,3.040000000000000000e+02,2.800000000000000000e+02,-6.360000000000000000e+02,3.600000000000000000e+01,5.800000000000000000e+01
1.680080653288032532e+09,1.608000000000000000e+04,1.440000000000000000e+02,2.480000000000000000e+02,-6.350000000000000000e+02,5.200000000000000000e+01,4.000000000000000000e+01
1.680080653289170265e+09,1.613200000000000000e+04,2.520000000000000000e+02,2.760000000000000000e+02,-6.440000000000000000e+02,4.000000000000000000e+01,2.700000000000000000e+01
1.680080653291404486e+09,1.622400000000000000e+04,2.120000000000000000e+02,3.280000000000000000e+02,-6.380000000000000000e+02,4.400000000000000000e+01,3.400000000000000000e+01
1.680080653292598963e+09,1.623600000000000000e+04,2.720000000000000000e+02,4.600000000000000000e+02,-6.480000000000000000e+02,6.900000000000000000e+01,3.400000000000000000e+01
1.680080653294604778e+09,1.628000000000000000e+04,3.120000000000000000e+02,2.560000000000000000e+02,-6.250000000000000000e+02,1.800000000000000000e+01,2.700000000000000000e+01
1.680080653295951128e+09,1.621200000000000000e+04,3.320000000000000000e+02,2.000000000000000000e+02,-6.280000000000000000e+02,2.600000000000000000e+01,3.500000000000000000e+01
1.680080653297953129e+09,1.608800000000000000e+04,3.040000000000000000e+02,2.720000000000000000e+02,-6.410000000000000000e+02,5.800000000000000000e+01,2.400000000000000000e+01
1.680080653299152374e+09,1.619200000000000000e+04,3.120000000000000000e+02,4.040000000000000000e+02,-6.220000000000000000e+02,4.900000000000000000e+01,1.800000000000000000e+01
1.680080653301144361e+09,1.610400000000000000e+04,2.800000000000000000e+02,1.880000000000000000e+02,-6.340000000000000000e+02,5.100000000000000000e+01,4.500000000000000000e+01
1.680080653302182913e+09,1.612000000000000000e+04,2.840000000000000000e+02,1.880000000000000000e+02,-6.500000000000000000e+02,4.400000000000000000e+01,4.600000000000000000e+01
1.680080653304371119e+09,1.616400000000000000e+04,2.960000000000000000e+02,3.400000000000000000e+02,-6.300000000000000000e+02,6.300000000000000000e+01,1.900000000000000000e+01
1.680080653305549145e+09,1.617200000000000000e+04,2.920000000000000000e+02,2.880000000000000000e+02,-6.530000000000000000e+02,4.700000000000000000e+01,2.800000000000000000e+01
1.680080653307559252e+09,1.611200000000000000e+04,2.160000000000000000e+02,3.320000000000000000e+02,-6.360000000000000000e+02,5.800000000000000000e+01,2.700000000000000000e+01
1.680080653308595419e+09,1.615200000000000000e+04,2.800000000000000000e+02,3.560000000000000000e+02,-6.440000000000000000e+02,5.900000000000000000e+01,5.000000000000000000e+01
1.680080653310775042e+09,1.616800000000000000e+04,2.920000000000000000e+02,3.520000000000000000e+02,-6.420000000000000000e+02,2.800000000000000000e+01,4.900000000000000000e+01
1.680080653311887026e+09,1.614400000000000000e+04,3.320000000000000000e+02,2.920000000000000000e+02,-6.280000000000000000e+02,5.100000000000000000e+01,2.300000000000000000e+01
1.680080653314034939e+09,1.628800000000000000e+04,3.280000000000000000e+02,4.480000000000000000e+02,-6.440000000000000000e+02,3.700000000000000000e+01,1.500000000000000000e+01
1.680080653315116882e+09,1.619600000000000000e+04,4.120000000000000000e+02,3.760000000000000000e+02,-6.460000000000000000e+02,6.300000000000000000e+01,3.400000000000000000e+01
1.680080653317203999e+09,1.614400000000000000e+04,4.040000000000000000e+02,4.480000000000000000e+02,-6.410000000000000000e+02,7.100000000000000000e+01,3.600000000000000000e+01
1.680080653318505764e+09,1.618000000000000000e+04,2.600000000000000000e+02,4.120000000000000000e+02,-6.460000000000000000e+02,5.100000000000000000e+01,3.600000000000000000e+01
1.680080653320642710e+09,1.620800000000000000e+04,2.400000000000000000e+02,3.400000000000000000e+02,-6.510000000000000000e+02,5.400000000000000000e+01,2.400000000000000000e+01
1.680080653321787596e+09,1.623200000000000000e+04,2.640000000000000000e+02,2.200000000000000000e+02,-6.400000000000000000e+02,3.600000000000000000e+01,3.000000000000000000e+01
1.680080653323900938e+09,1.610000000000000000e+04,3.680000000000000000e+02,2.880000000000000000e+02,-6.240000000000000000e+02,4.100000000000000000e+01,3.100000000000000000e+01
1.680080653325037241e+09,1.614800000000000000e+04,3.400000000000000000e+02,1.600000000000000000e+02,-6.340000000000000000e+02,6.200000000000000000e+01,2.000000000000000000e+00
1.680080653327053308e+09,1.617600000000000000e+04,4.360000000000000000e+02,4.600000000000000000e+02,-6.500000000000000000e+02,3.900000000000000000e+01,3.200000000000000000e+01
1.680080653328201771e+09,1.626800000000000000e+04,3.520000000000000000e+02,3.160000000000000000e+02,-6.420000000000000000e+02,4.100000000000000000e+01,3.200000000000000000e+01
1.680080653330447435e+09,1.610400000000000000e+04,3.400000000000000000e+02,4.600000000000000000e+02,-6.300000000000000000e+02,4.100000000000000000e+01,4.000000000000000000e+01
1.680080653331583261e+09,1.612400000000000000e+04,3.840000000000000000e+02,5.000000000000000000e+02,-6.490000000000000000e+02,4.000000000000000000e+01,4.600000000000000000e+01
1.680080653333586693e+09,1.628400000000000000e+04,3.240000000000000000e+02,4.080000000000000000e+02,-6.400000000000000000e+02,2.200000000000000000e+01,2.200000000000000000e+01
1.680080653334749460e+09,1.614800000000000000e+04,3.040000000000000000e+02,4.200000000000000000e+02,-6.420000000000000000e+02,1.700000000000000000e+01,4.000000000000000000e+01
1.680080653336786985e+09,1.617200000000000000e+04,2.880000000000000000e+02,3.640000000000000000e+02,-6.520000000000000000e+02,3.400000000000000000e+01,4.300000000000000000e+01
1.680080653337964773e+09,1.619200000000000000e+04,3.240000000000000000e+02,3.280000000000000000e+02,-6.390000000000000000e+02,3.100000000000000000e+01,1.300000000000000000e+01
1.680080653340184212e+09,1.616000000000000000e+04,3.120000000000000000e+02,2.760000000000000000e+02,-6.360000000000000000e+02,4.700000000000000000e+01,3.300000000000000000e+01
1.680080653341309547e+09,1.618800000000000000e+04,2.720000000000000000e+02,2.600000000000000000e+02,-6.200000000000000000e+02,4.300000000000000000e+01,5.600000000000000000e+01
1.680080653343229771e+09,1.620000000000000000e+04,3.080000000000000000e+02,2.320000000000000000e+02,-6.440000000000000000e+02,6.800000000000000000e+01,1.900000000000000000e+01
1.680080653344491720e+09,1.622800000000000000e+04,3.160000000000000000e+02,1.560000000000000000e+02,-6.360000000000000000e+02,3.800000000000000000e+01,3.400000000000000000e+01
1.680080653346591949e+09,1.621200000000000000e+04,2.960000000000000000e+02,3.120000000000000000e+02,-6.340000000000000000e+02,3.800000000000000000e+01,2.100000000000000000e+01
1.680080653347814560e+09,1.622800000000000000e+04,2.920000000000000000e+02,3.120000000000000000e+02,-6.290000000000000000e+02,5.100000000000000000e+01,3.100000000000000000e+01
1.680080653350306988e+09,1.606800000000000000e+04,3.400000000000000000e+02,3.760000000000000000e+02,-6.470000000000000000e+02,4.900000000000000000e+01,3.700000000000000000e+01
1.680080653351407290e+09,1.612400000000000000e+04,2.840000000000000000e+02,2.480000000000000000e+02,-6.440000000000000000e+02,3.200000000000000000e+01,4.200000000000000000e+01
1.680080653353425741e+09,1.624400000000000000e+04,3.360000000000000000e+02,3.680000000000000000e+02,-6.360000000000000000e+02,4.600000000000000000e+01,5.700000000000000000e+01
1.680080653354535580e+09,1.622800000000000000e+04,3.240000000000000000e+02,3.680000000000000000e+02,-6.370000000000000000e+02,3.000000000000000000e+01,4.500000000000000000e+01
1.680080653357285261e+09,1.622400000000000000e+04,2.920000000000000000e+02,2.960000000000000000e+02,-6.420000000000000000e+02,4.500000000000000000e+01,3.100000000000000000e+01
1.680080653358527660e+09,1.616000000000000000e+04,3.280000000000000000e+02,2.560000000000000000e+02,-6.360000000000000000e+02,3.600000000000000000e+01,4.100000000000000000e+01
1.680080653360598326e+09,1.620800000000000000e+04,3.640000000000000000e+02,2.640000000000000000e+02,-6.100000000000000000e+02,4.400000000000000000e+01,2.600000000000000000e+01
1.680080653361698389e+09,1.619600000000000000e+04,3.480000000000000000e+02,2.880000000000000000e+02,-6.200000000000000000e+02,4.600000000000000000e+01,4.700000000000000000e+01
1.680080653363811731e+09,1.610400000000000000e+04,3.280000000000000000e+02,3.640000000000000000e+02,-6.430000000000000000e+02,4.800000000000000000e+01,2.600000000000000000e+01
1.680080653364904404e+09,1.611200000000000000e+04,2.800000000000000000e+02,2.760000000000000000e+02,-6.480000000000000000e+02,4.900000000000000000e+01,3.100000000000000000e+01
1.680080653367086411e+09,1.622000000000000000e+04,3.840000000000000000e+02,3.000000000000000000e+02,-6.380000000000000000e+02,5.900000000000000000e+01,3.500000000000000000e+01
1.680080653368206024e+09,1.622800000000000000e+04,2.560000000000000000e+02,3.240000000000000000e+02,-6.400000000000000000e+02,3.100000000000000000e+01,3.500000000000000000e+01
1.680080653370213985e+09,1.616400000000000000e+04,2.360000000000000000e+02,4.480000000000000000e+02,-6.490000000000000000e+02,3.900000000000000000e+01,3.400000000000000000e+01
1.680080653371294260e+09,1.627600000000000000e+04,2.920000000000000000e+02,2.480000000000000000e+02,-6.420000000000000000e+02,5.900000000000000000e+01,2.000000000000000000e+01
1.680080653373323441e+09,1.622000000000000000e+04,2.840000000000000000e+02,3.680000000000000000e+02,-6.500000000000000000e+02,3.900000000000000000e+01,3.700000000000000000e+01
1.680080653374661922e+09,1.617200000000000000e+04,3.320000000000000000e+02,4.160000000000000000e+02,-6.530000000000000000e+02,4.600000000000000000e+01,3.600000000000000000e+01
1.680080653376610518e+09,1.613600000000000000e+04,3.240000000000000000e+02,4.120000000000000000e+02,-6.360000000000000000e+02,5.800000000000000000e+01,4.200000000000000000e+01
1.680080653377824545e+09,1.620400000000000000e+04,3.280000000000000000e+02,5.000000000000000000e+02,-6.320000000000000000e+02,3.200000000000000000e+01,2.900000000000000000e+01
1.680080653379758358e+09,1.620000000000000000e+04,3.080000000000000000e+02,4.040000000000000000e+02,-6.440000000000000000e+02,2.200000000000000000e+01,2.800000000000000000e+01
1.680080653381001711e+09,1.619600000000000000e+04,3.320000000000000000e+02,4.200000000000000000e+02,-6.300000000000000000e+02,2.400000000000000000e+01,3.000000000000000000e+01
1.680080653383153677e+09,1.620400000000000000e+04,2.600000000000000000e+02,3.160000000000000000e+02,-6.270000000000000000e+02,4.700000000000000000e+01,2.900000000000000000e+01
1.680080653384272814e+09,1.622800000000000000e+04,2.320000000000000000e+02,3.240000000000000000e+02,-6.160000000000000000e+02,4.800000000000000000e+01,3.900000000000000000e+01
1.680080653386417627e+09,1.622400000000000000e+04,3.000000000000000000e+02,3.960000000000000000e+02,-6.340000000000000000e+02,3.800000000000000000e+01,2.600000000000000000e+01
1.680080653387571573e+09,1.616800000000000000e+04,2.880000000000000000e+02,2.880000000000000000e+02,-6.310000000000000000e+02,4.500000000000000000e+01,4.000000000000000000e+01
1.680080653389729500e+09,1.600000000000000000e+04,2.960000000000000000e+02,2.440000000000000000e+02,-6.350000000000000000e+02,6.300000000000000000e+01,3.000000000000000000e+01
1.680080653390865326e+09,1.612000000000000000e+04,3.120000000000000000e+02,3.600000000000000000e+02,-6.240000000000000000e+02,5.800000000000000000e+01,2.000000000000000000e+01
1.680080653392867327e+09,1.628800000000000000e+04,2.800000000000000000e+02,3.400000000000000000e+02,-6.410000000000000000e+02,5.200000000000000000e+01,2.000000000000000000e+01
1.680080653394033670e+09,1.605600000000000000e+04,2.640000000000000000e+02,3.680000000000000000e+02,-6.370000000000000000e+02,4.700000000000000000e+01,2.000000000000000000e+01
1.680080653396069050e+09,1.621600000000000000e+04,3.760000000000000000e+02,2.680000000000000000e+02,-6.200000000000000000e+02,5.100000000000000000e+01,3.600000000000000000e+01
1.680080653397167683e+09,1.616800000000000000e+04,3.560000000000000000e+02,3.560000000000000000e+02,-6.430000000000000000e+02,4.200000000000000000e+01,4.100000000000000000e+01
1.680080653399438381e+09,1.622000000000000000e+04,3.120000000000000000e+02,4.160000000000000000e+02,-6.360000000000000000e+02,3.700000000000000000e+01,4.800000000000000000e+01
1.680080653400559425e+09,1.623200000000000000e+04,3.040000000000000000e+02,3.120000000000000000e+02,-6.280000000000000000e+02,4.700000000000000000e+01,4.900000000000000000e+01
1.680080653402594566e+09,1.616400000000000000e+04,3.160000000000000000e+02,2.640000000000000000e+02,-6.250000000000000000e+02,3.700000000000000000e+01,-6.000000000000000000e+00
1.680080653403728962e+09,1.615200000000000000e+04,3.280000000000000000e+02,1.040000000000000000e+02,-6.200000000000000000e+02,3.900000000000000000e+01,2.300000000000000000e+01
1.680080653405784607e+09,1.615600000000000000e+04,3.240000000000000000e+02,2.480000000000000000e+02,-6.290000000000000000e+02,4.000000000000000000e+01,3.700000000000000000e+01
1.680080653406874895e+09,1.622800000000000000e+04,2.960000000000000000e+02,3.280000000000000000e+02,-6.340000000000000000e+02,4.400000000000000000e+01,5.000000000000000000e+01
1.680080653409099340e+09,1.612800000000000000e+04,2.040000000000000000e+02,2.560000000000000000e+02,-6.580000000000000000e+02,4.800000000000000000e+01,7.000000000000000000e+00
1.680080653410227537e+09,1.623200000000000000e+04,2.960000000000000000e+02,3.240000000000000000e+02,-6.530000000000000000e+02,3.900000000000000000e+01,1.200000000000000000e+01
1.680080653412365913e+09,1.621600000000000000e+04,2.600000000000000000e+02,3.320000000000000000e+02,-6.470000000000000000e+02,4.500000000000000000e+01,4.800000000000000000e+01
1.680080653413487673e+09,1.614000000000000000e+04,2.600000000000000000e+02,3.800000000000000000e+02,-6.490000000000000000e+02,6.500000000000000000e+01,5.100000000000000000e+01
1.680080653415524721e+09,1.610400000000000000e+04,2.880000000000000000e+02,2.920000000000000000e+02,-6.320000000000000000e+02,4.300000000000000000e+01,2.700000000000000000e+01
1.680080653416663885e+09,1.620000000000000000e+04,3.720000000000000000e+02,3.320000000000000000e+02,-6.210000000000000000e+02,2.400000000000000000e+01,3.400000000000000000e+01
1.680080653418739557e+09,1.617600000000000000e+04,2.800000000000000000e+02,3.120000000000000000e+02,-6.410000000000000000e+02,4.200000000000000000e+01,2.200000000000000000e+01
1.680080653420060396e+09,1.612000000000000000e+04,2.600000000000000000e+02,2.720000000000000000e+02,-6.520000000000000000e+02,4.100000000000000000e+01,9.000000000000000000e+00
1.680080653421978474e+09,1.618000000000000000e+04,2.640000000000000000e+02,3.320000000000000000e+02,-6.420000000000000000e+02,5.300000000000000000e+01,2.800000000000000000e+01
1.680080653423191786e+09,1.614000000000000000e+04,1.960000000000000000e+02,2.400000000000000000e+02,-6.300000000000000000e+02,5.900000000000000000e+01,4.200000000000000000e+01
1.680080653425250769e+09,1.617200000000000000e+04,2.600000000000000000e+02,2.480000000000000000e+02,-6.220000000000000000e+02,3.800000000000000000e+01,2.700000000000000000e+01
1.680080653426414490e+09,1.630800000000000000e+04,3.080000000000000000e+02,2.960000000000000000e+02,-6.480000000000000000e+02,6.300000000000000000e+01,1.500000000000000000e+01
1.680080653428451777e+09,1.617200000000000000e+04,2.600000000000000000e+02,3.960000000000000000e+02,-6.320000000000000000e+02,4.700000000000000000e+01,3.200000000000000000e+01
1.680080653429585934e+09,1.623200000000000000e+04,2.240000000000000000e+02,2.640000000000000000e+02,-6.210000000000000000e+02,6.200000000000000000e+01,3.500000000000000000e+01
1.680080653431655884e+09,1.610400000000000000e+04,3.200000000000000000e+02,3.160000000000000000e+02,-6.290000000000000000e+02,4.300000000000000000e+01,4.600000000000000000e+01
1.680080653432711363e+09,1.618000000000000000e+04,3.120000000000000000e+02,3.520000000000000000e+02,-6.540000000000000000e+02,4.100000000000000000e+01,5.300000000000000000e+01
1.680080653434963465e+09,1.618400000000000000e+04,2.880000000000000000e+02,2.640000000000000000e+02,-6.330000000000000000e+02,5.300000000000000000e+01,3.400000000000000000e+01
1.680080653436094284e+09,1.626400000000000000e+04,3.120000000000000000e+02,2.960000000000000000e+02,-6.310000000000000000e+02,4.000000000000000000e+01,3.100000000000000000e+01
1.680080653438350677e+09,1.632000000000000000e+04,2.680000000000000000e+02,2.320000000000000000e+02,-6.500000000000000000e+02,3.600000000000000000e+01,3.000000000000000000e+01
1.680080653439468145e+09,1.629600000000000000e+04,2.640000000000000000e+02,4.000000000000000000e+02,-6.480000000000000000e+02,4.400000000000000000e+01,3.100000000000000000e+01
1.680080653441514492e+09,1.615200000000000000e+04,3.000000000000000000e+02,1.760000000000000000e+02,-6.330000000000000000e+02,6.000000000000000000e+01,4.400000000000000000e+01
1.680080653442610025e+09,1.618400000000000000e+04,3.000000000000000000e+02,3.080000000000000000e+02,-6.560000000000000000e+02,6.400000000000000000e+01,5.400000000000000000e+01
1.680080653444680214e+09,1.616800000000000000e+04,2.840000000000000000e+02,4.480000000000000000e+02,-6.130000000000000000e+02,4.000000000000000000e+01,2.600000000000000000e+01
1.680080653445982933e+09,1.620000000000000000e+04,2.480000000000000000e+02,1.720000000000000000e+02,-6.160000000000000000e+02,4.000000000000000000e+01,4.400000000000000000e+01
1.680080653447930336e+09,1.616000000000000000e+04,1.960000000000000000e+02,3.120000000000000000e+02,-6.280000000000000000e+02,3.800000000000000000e+01,1.800000000000000000e+01
1.680080653449174166e+09,1.626000000000000000e+04,3.960000000000000000e+02,3.440000000000000000e+02,-6.320000000000000000e+02,4.400000000000000000e+01,2.800000000000000000e+01
1.680080653451272964e+09,1.618800000000000000e+04,2.560000000000000000e+02,2.880000000000000000e+02,-6.460000000000000000e+02,4.500000000000000000e+01,1.800000000000000000e+01
1.680080653452381611e+09,1.609200000000000000e+04,2.120000000000000000e+02,2.160000000000000000e+02,-6.380000000000000000e+02,3.200000000000000000e+01,1.500000000000000000e+01
1.680080653454421997e+09,1.620400000000000000e+04,2.760000000000000000e+02,1.520000000000000000e+02,-6.320000000000000000e+02,2.700000000000000000e+01,1.000000000000000000e+01
1.680080653455553532e+09,1.627200000000000000e+04,3.880000000000000000e+02,2.840000000000000000e+02,-6.200000000000000000e+02,5.700000000000000000e+01,3.900000000000000000e+01
1.680080653457665682e+09,1.612000000000000000e+04,2.880000000000000000e+02,3.960000000000000000e+02,-6.370000000000000000e+02,4.000000000000000000e+01,3.800000000000000000e+01
1.680080653458724976e+09,1.619200000000000000e+04,3.240000000000000000e+02,2.600000000000000000e+02,-6.370000000000000000e+02,2.400000000000000000e+01,3.000000000000000000e+01
1.680080653460947275e+09,1.618000000000000000e+04,2.680000000000000000e+02,4.240000000000000000e+02,-6.160000000000000000e+02,5.700000000000000000e+01,1.000000000000000000e+01
1.680080653462088585e+09,1.614400000000000000e+04,3.560000000000000000e+02,2.600000000000000000e+02,-6.410000000000000000e+02,3.700000000000000000e+01,2.000000000000000000e+01
1.680080653464172602e+09,1.614000000000000000e+04,2.040000000000000000e+02,3.240000000000000000e+02,-6.440000000000000000e+02,5.900000000000000000e+01,2.900000000000000000e+01
1.680080653465333939e+09,1.615200000000000000e+04,3.120000000000000000e+02,3.280000000000000000e+02,-6.400000000000000000e+02,4.900000000000000000e+01,2.200000000000000000e+01
1.680080653467411757e+09,1.617200000000000000e+04,3.480000000000000000e+02,3.560000000000000000e+02,-6.530000000000000000e+02,3.500000000000000000e+01,4.300000000000000000e+01
1.680080653468533278e+09,1.617200000000000000e+04,2.920000000000000000e+02,3.760000000000000000e+02,-6.580000000000000000e+02,4.700000000000000000e+01,3.000000000000000000e+01
1.680080653470657349e+09,1.615200000000000000e+04,2.720000000000000000e+02,2.480000000000000000e+02,-6.400000000000000000e+02,3.600000000000000000e+01,3.900000000000000000e+01
1.680080653472819090e+09,1.620000000000000000e+04,3.360000000000000000e+02,3.000000000000000000e+02,-6.300000000000000000e+02,3.800000000000000000e+01,2.400000000000000000e+01
1.680080653475062609e+09,1.627200000000000000e+04,2.920000000000000000e+02,2.320000000000000000e+02,-6.540000000000000000e+02,4.500000000000000000e+01,3.500000000000000000e+01
1.680080653476133585e+09,1.623200000000000000e+04,3.280000000000000000e+02,3.520000000000000000e+02,-6.390000000000000000e+02,4.600000000000000000e+01,1.800000000000000000e+01
1.680080653478291035e+09,1.618000000000000000e+04,3.640000000000000000e+02,3.080000000000000000e+02,-6.340000000000000000e+02,6.100000000000000000e+01,3.800000000000000000e+01
1.680080653479558468e+09,1.620000000000000000e+04,2.760000000000000000e+02,3.760000000000000000e+02,-6.270000000000000000e+02,4.800000000000000000e+01,3.900000000000000000e+01
1.680080653481767654e+09,1.617200000000000000e+04,3.240000000000000000e+02,4.080000000000000000e+02,-6.350000000000000000e+02,3.500000000000000000e+01,3.800000000000000000e+01
1.680080653483163834e+09,1.612800000000000000e+04,3.640000000000000000e+02,5.440000000000000000e+02,-6.370000000000000000e+02,3.600000000000000000e+01,2.000000000000000000e+01
1.680080653485281229e+09,1.612000000000000000e+04,3.280000000000000000e+02,2.520000000000000000e+02,-6.260000000000000000e+02,5.700000000000000000e+01,2.500000000000000000e+01
1.680080653486494064e+09,1.617200000000000000e+04,2.640000000000000000e+02,3.680000000000000000e+02,-6.060000000000000000e+02,4.600000000000000000e+01,3.000000000000000000e+01
1.680080653488628387e+09,1.626800000000000000e+04,3.080000000000000000e+02,2.040000000000000000e+02,-6.470000000000000000e+02,6.100000000000000000e+01,4.200000000000000000e+01
1.680080653489746571e+09,1.602400000000000000e+04,3.680000000000000000e+02,3.240000000000000000e+02,-6.260000000000000000e+02,4.100000000000000000e+01,2.700000000000000000e+01
1.680080653492011070e+09,1.621200000000000000e+04,4.320000000000000000e+02,2.520000000000000000e+02,-6.400000000000000000e+02,4.900000000000000000e+01,1.000000000000000000e+01
1.680080653493255377e+09,1.619600000000000000e+04,4.200000000000000000e+02,4.240000000000000000e+02,-6.470000000000000000e+02,5.700000000000000000e+01,2.500000000000000000e+01
1.680080653495365620e+09,1.615200000000000000e+04,3.320000000000000000e+02,3.240000000000000000e+02,-6.510000000000000000e+02,2.200000000000000000e+01,2.300000000000000000e+01
1.680080653496447086e+09,1.613600000000000000e+04,3.640000000000000000e+02,4.000000000000000000e+02,-6.690000000000000000e+02,5.200000000000000000e+01,3.800000000000000000e+01
1.680080653498625040e+09,1.624400000000000000e+04,3.080000000000000000e+02,4.800000000000000000e+02,-6.500000000000000000e+02,5.500000000000000000e+01,3.400000000000000000e+01
1.680080653499686003e+09,1.622000000000000000e+04,4.360000000000000000e+02,3.960000000000000000e+02,-6.260000000000000000e+02,3.700000000000000000e+01,2.200000000000000000e+01
1.680080653501801252e+09,1.612800000000000000e+04,3.000000000000000000e+02,3.560000000000000000e+02,-6.280000000000000000e+02,4.400000000000000000e+01,6.200000000000000000e+01
1.680080653502909184e+09,1.619200000000000000e+04,2.280000000000000000e+02,3.640000000000000000e+02,-6.340000000000000000e+02,4.000000000000000000e+01,5.800000000000000000e+01
1.680080653505084515e+09,1.611600000000000000e+04,3.800000000000000000e+02,2.720000000000000000e+02,-6.190000000000000000e+02,4.200000000000000000e+01,4.000000000000000000e+01
1.680080653506243944e+09,1.618400000000000000e+04,3.920000000000000000e+02,1.760000000000000000e+02,-6.410000000000000000e+02,4.000000000000000000e+01,3.000000000000000000e+01
1.680080653508488178e+09,1.618400000000000000e+04,3.280000000000000000e+02,3.320000000000000000e+02,-6.150000000000000000e+02,5.400000000000000000e+01,5.000000000000000000e+01
1.680080653509602785e+09,1.604400000000000000e+04,2.720000000000000000e+02,3.240000000000000000e+02,-6.190000000000000000e+02,3.600000000000000000e+01,3.000000000000000000e+01
1.680080653511579275e+09,1.620000000000000000e+04,4.200000000000000000e+02,2.000000000000000000e+02,-6.280000000000000000e+02,4.100000000000000000e+01,1.800000000000000000e+01
1.680080653512832165e+09,1.617200000000000000e+04,3.280000000000000000e+02,2.480000000000000000e+02,-6.520000000000000000e+02,6.000000000000000000e+01,2.900000000000000000e+01
1.680080653514889240e+09,1.626000000000000000e+04,3.400000000000000000e+02,3.480000000000000000e+02,-6.580000000000000000e+02,4.600000000000000000e+01,5.100000000000000000e+01
1.680080653516000271e+09,1.627200000000000000e+04,3.000000000000000000e+02,3.080000000000000000e+02,-6.310000000000000000e+02,2.700000000000000000e+01,3.600000000000000000e+01
1.680080653518177032e+09,1.624800000000000000e+04,3.320000000000000000e+02,2.520000000000000000e+02,-6.320000000000000000e+02,4.300000000000000000e+01,2.400000000000000000e+01
1.680080653519269943e+09,1.604000000000000000e+04,2.920000000000000000e+02,1.440000000000000000e+02,-6.160000000000000000e+02,5.200000000000000000e+01,2.500000000000000000e+01
1.680080653521336079e+09,1.624400000000000000e+04,2.480000000000000000e+02,3.560000000000000000e+02,-6.450000000000000000e+02,2.900000000000000000e+01,5.400000000000000000e+01
1.680080653522484303e+09,1.614800000000000000e+04,3.400000000000000000e+02,4.000000000000000000e+02,-6.380000000000000000e+02,3.100000000000000000e+01,3.400000000000000000e+01
1.680080653524819374e+09,1.630400000000000000e+04,3.600000000000000000e+02,2.720000000000000000e+02,-6.560000000000000000e+02,6.600000000000000000e+01,4.300000000000000000e+01
1.680080653525901794e+09,1.616800000000000000e+04,3.240000000000000000e+02,2.560000000000000000e+02,-6.320000000000000000e+02,4.900000000000000000e+01,4.100000000000000000e+01
1.680080653528070927e+09,1.619600000000000000e+04,2.760000000000000000e+02,3.760000000000000000e+02,-6.530000000000000000e+02,5.200000000000000000e+01,4.300000000000000000e+01
1.680080653529185534e+09,1.619600000000000000e+04,3.320000000000000000e+02,3.880000000000000000e+02,-6.370000000000000000e+02,6.700000000000000000e+01,4.500000000000000000e+01
1.680080653531268835e+09,1.615600000000000000e+04,3.680000000000000000e+02,1.720000000000000000e+02,-6.270000000000000000e+02,3.200000000000000000e+01,3.300000000000000000e+01
1.680080653532470703e+09,1.616400000000000000e+04,2.600000000000000000e+02,2.520000000000000000e+02,-6.370000000000000000e+02,2.900000000000000000e+01,4.200000000000000000e+01
1.680080653534561872e+09,1.613600000000000000e+04,2.560000000000000000e+02,2.200000000000000000e+02,-6.580000000000000000e+02,5.200000000000000000e+01,2.600000000000000000e+01
1.680080653535932779e+09,1.613200000000000000e+04,1.920000000000000000e+02,2.960000000000000000e+02,-6.450000000000000000e+02,6.600000000000000000e+01,3.100000000000000000e+01
1.680080653538166761e+09,1.622000000000000000e+04,3.120000000000000000e+02,2.880000000000000000e+02,-6.410000000000000000e+02,4.400000000000000000e+01,3.500000000000000000e+01
1.680080653539483070e+09,1.618000000000000000e+04,4.280000000000000000e+02,3.520000000000000000e+02,-6.600000000000000000e+02,4.900000000000000000e+01,3.700000000000000000e+01
1.680080653541582584e+09,1.616400000000000000e+04,3.280000000000000000e+02,2.160000000000000000e+02,-6.180000000000000000e+02,5.000000000000000000e+01,3.900000000000000000e+01
1.680080653542647839e+09,1.616400000000000000e+04,3.120000000000000000e+02,3.640000000000000000e+02,-6.260000000000000000e+02,4.700000000000000000e+01,3.900000000000000000e+01
1.680080653544873476e+09,1.614000000000000000e+04,2.320000000000000000e+02,2.560000000000000000e+02,-6.270000000000000000e+02,2.300000000000000000e+01,2.600000000000000000e+01
1.680080653546046734e+09,1.614000000000000000e+04,3.160000000000000000e+02,3.640000000000000000e+02,-6.280000000000000000e+02,3.200000000000000000e+01,3.500000000000000000e+01
1.680080653548878193e+09,1.622000000000000000e+04,2.800000000000000000e+02,3.560000000000000000e+02,-6.630000000000000000e+02,4.100000000000000000e+01,2.000000000000000000e+01
1.680080653550670624e+09,1.628000000000000000e+04,2.400000000000000000e+02,2.720000000000000000e+02,-6.310000000000000000e+02,4.100000000000000000e+01,6.300000000000000000e+01
1.680080653552756310e+09,1.620800000000000000e+04,1.880000000000000000e+02,3.240000000000000000e+02,-6.160000000000000000e+02,4.300000000000000000e+01,3.100000000000000000e+01
1.680080653554083824e+09,1.614000000000000000e+04,2.040000000000000000e+02,3.080000000000000000e+02,-6.350000000000000000e+02,4.100000000000000000e+01,3.800000000000000000e+01
1.680080653556322098e+09,1.617600000000000000e+04,2.320000000000000000e+02,2.640000000000000000e+02,-6.610000000000000000e+02,2.900000000000000000e+01,3.100000000000000000e+01
1.680080653557447195e+09,1.618800000000000000e+04,2.760000000000000000e+02,4.000000000000000000e+02,-6.530000000000000000e+02,5.300000000000000000e+01,4.500000000000000000e+01
1.680080653559866428e+09,1.614800000000000000e+04,3.000000000000000000e+02,1.920000000000000000e+02,-6.290000000000000000e+02,4.800000000000000000e+01,2.300000000000000000e+01
1.680080653561594725e+09,1.624000000000000000e+04,3.760000000000000000e+02,3.320000000000000000e+02,-6.250000000000000000e+02,1.800000000000000000e+01,3.800000000000000000e+01
1.680080653563781738e+09,1.619200000000000000e+04,3.040000000000000000e+02,4.160000000000000000e+02,-6.220000000000000000e+02,5.800000000000000000e+01,1.700000000000000000e+01
1.680080653565300703e+09,1.610400000000000000e+04,2.840000000000000000e+02,4.280000000000000000e+02,-6.330000000000000000e+02,4.500000000000000000e+01,1.000000000000000000e+01
1.680080653567791462e+09,1.615600000000000000e+04,3.120000000000000000e+02,3.840000000000000000e+02,-6.340000000000000000e+02,5.300000000000000000e+01,3.100000000000000000e+01
1.680080653568855286e+09,1.612000000000000000e+04,2.920000000000000000e+02,3.880000000000000000e+02,-6.300000000000000000e+02,5.000000000000000000e+01,2.000000000000000000e+01
1.680080653571072578e+09,1.607600000000000000e+04,2.400000000000000000e+02,2.040000000000000000e+02,-6.370000000000000000e+02,6.000000000000000000e+01,2.900000000000000000e+01
1.680080653572427750e+09,1.613200000000000000e+04,3.080000000000000000e+02,2.360000000000000000e+02,-6.170000000000000000e+02,3.500000000000000000e+01,4.300000000000000000e+01
1.680080653574471951e+09,1.616400000000000000e+04,2.680000000000000000e+02,2.800000000000000000e+02,-6.470000000000000000e+02,5.000000000000000000e+01,2.800000000000000000e+01
1.680080653575843573e+09,1.619600000000000000e+04,2.280000000000000000e+02,3.360000000000000000e+02,-6.360000000000000000e+02,4.700000000000000000e+01,5.700000000000000000e+01
1.680080653578169107e+09,1.617600000000000000e+04,3.240000000000000000e+02,3.400000000000000000e+02,-6.500000000000000000e+02,3.300000000000000000e+01,3.000000000000000000e+01
1.680080653579229355e+09,1.616800000000000000e+04,3.400000000000000000e+02,1.920000000000000000e+02,-6.450000000000000000e+02,2.800000000000000000e+01,7.100000000000000000e+01
1.680080653581372499e+09,1.622800000000000000e+04,2.600000000000000000e+02,3.680000000000000000e+02,-6.330000000000000000e+02,4.900000000000000000e+01,5.300000000000000000e+01
1.680080653582601786e+09,1.615200000000000000e+04,2.880000000000000000e+02,4.440000000000000000e+02,-6.150000000000000000e+02,4.500000000000000000e+01,2.500000000000000000e+01
1.680080653584613323e+09,1.615200000000000000e+04,2.520000000000000000e+02,4.800000000000000000e+02,-6.130000000000000000e+02,3.600000000000000000e+01,1.600000000000000000e+01
1.680080653585774422e+09,1.612000000000000000e+04,2.440000000000000000e+02,4.680000000000000000e+02,-6.420000000000000000e+02,3.900000000000000000e+01,2.800000000000000000e+01
1.680080653587886572e+09,1.614800000000000000e+04,2.440000000000000000e+02,1.880000000000000000e+02,-6.230000000000000000e+02,4.700000000000000000e+01,5.600000000000000000e+01
1.680080653588921785e+09,1.623600000000000000e+04,1.800000000000000000e+02,3.480000000000000000e+02,-6.230000000000000000e+02,6.100000000000000000e+01,3.500000000000000000e+01
1.680080653591023922e+09,1.612000000000000000e+04,3.480000000000000000e+02,3.040000000000000000e+02,-6.250000000000000000e+02,3.600000000000000000e+01,3.900000000000000000e+01
1.680080653592316866e+09,1.631200000000000000e+04,3.160000000000000000e+02,2.480000000000000000e+02,-6.260000000000000000e+02,3.600000000000000000e+01,1.300000000000000000e+01
1.680080653594379663e+09,1.618000000000000000e+04,2.520000000000000000e+02,3.320000000000000000e+02,-6.360000000000000000e+02,4.900000000000000000e+01,3.800000000000000000e+01
1.680080653595560551e+09,1.617200000000000000e+04,2.120000000000000000e+02,3.520000000000000000e+02,-6.260000000000000000e+02,4.700000000000000000e+01,4.300000000000000000e+01
1.680080653597784758e+09,1.625200000000000000e+04,2.840000000000000000e+02,2.560000000000000000e+02,-6.390000000000000000e+02,3.800000000000000000e+01,1.800000000000000000e+01
1.680080653598906279e+09,1.619600000000000000e+04,3.600000000000000000e+02,4.080000000000000000e+02,-6.260000000000000000e+02,3.000000000000000000e+01,3.200000000000000000e+01
1.680080653600992203e+09,1.618000000000000000e+04,3.400000000000000000e+02,3.880000000000000000e+02,-6.280000000000000000e+02,3.600000000000000000e+01,2.400000000000000000e+01
1.680080653602136135e+09,1.624000000000000000e+04,2.960000000000000000e+02,3.520000000000000000e+02,-6.150000000000000000e+02,5.000000000000000000e+01,2.000000000000000000e+01
1.680080653604197025e+09,1.626000000000000000e+04,3.200000000000000000e+02,4.160000000000000000e+02,-6.120000000000000000e+02,4.100000000000000000e+01,5.100000000000000000e+01
1.680080653605773926e+09,1.616400000000000000e+04,2.720000000000000000e+02,2.960000000000000000e+02,-6.370000000000000000e+02,3.500000000000000000e+01,4.500000000000000000e+01
1.680080653607728481e+09,1.614400000000000000e+04,3.640000000000000000e+02,4.680000000000000000e+02,-6.480000000000000000e+02,4.200000000000000000e+01,2.100000000000000000e+01
1.680080653609264374e+09,1.610800000000000000e+04,3.280000000000000000e+02,3.560000000000000000e+02,-6.220000000000000000e+02,4.100000000000000000e+01,2.100000000000000000e+01
1.680080653611405849e+09,1.617200000000000000e+04,3.240000000000000000e+02,3.040000000000000000e+02,-6.410000000000000000e+02,5.500000000000000000e+01,4.600000000000000000e+01
1.680080653612590313e+09,1.617600000000000000e+04,3.560000000000000000e+02,3.120000000000000000e+02,-6.440000000000000000e+02,5.400000000000000000e+01,3.600000000000000000e+01
1.680080653614582062e+09,1.614000000000000000e+04,2.560000000000000000e+02,3.520000000000000000e+02,-6.510000000000000000e+02,8.200000000000000000e+01,3.300000000000000000e+01
1.680080653615849495e+09,1.610800000000000000e+04,2.840000000000000000e+02,2.800000000000000000e+02,-6.500000000000000000e+02,6.300000000000000000e+01,2.600000000000000000e+01
1.680080653617906570e+09,1.625200000000000000e+04,2.400000000000000000e+02,3.560000000000000000e+02,-6.400000000000000000e+02,6.100000000000000000e+01,2.100000000000000000e+01
1.680080653619162083e+09,1.620800000000000000e+04,2.920000000000000000e+02,2.360000000000000000e+02,-6.350000000000000000e+02,3.900000000000000000e+01,1.900000000000000000e+01
1.680080653621114969e+09,1.619600000000000000e+04,3.080000000000000000e+02,3.360000000000000000e+02,-6.460000000000000000e+02,5.900000000000000000e+01,4.300000000000000000e+01
1.680080653622359514e+09,1.622000000000000000e+04,3.160000000000000000e+02,3.600000000000000000e+02,-6.430000000000000000e+02,7.600000000000000000e+01,4.300000000000000000e+01
1.680080653624437809e+09,1.618800000000000000e+04,3.320000000000000000e+02,3.560000000000000000e+02,-6.310000000000000000e+02,7.900000000000000000e+01,2.900000000000000000e+01
1.680080653625569820e+09,1.617200000000000000e+04,3.720000000000000000e+02,3.040000000000000000e+02,-6.370000000000000000e+02,8.300000000000000000e+01,1.900000000000000000e+01
1.680080653627945423e+09,1.610000000000000000e+04,3.440000000000000000e+02,4.880000000000000000e+02,-6.540000000000000000e+02,4.100000000000000000e+01,3.600000000000000000e+01
1.680080653629328012e+09,1.616000000000000000e+04,2.760000000000000000e+02,3.720000000000000000e+02,-6.470000000000000000e+02,6.600000000000000000e+01,4.100000000000000000e+01
1.680080653631379128e+09,1.613200000000000000e+04,4.480000000000000000e+02,1.800000000000000000e+02,-6.420000000000000000e+02,4.300000000000000000e+01,3.000000000000000000e+01
1.680080653632542133e+09,1.618000000000000000e+04,4.000000000000000000e+02,2.520000000000000000e+02,-6.610000000000000000e+02,5.900000000000000000e+01,2.400000000000000000e+01
1.680080653634598970e+09,1.618800000000000000e+04,4.160000000000000000e+02,3.120000000000000000e+02,-6.400000000000000000e+02,5.200000000000000000e+01,3.400000000000000000e+01
1.680080653636008501e+09,1.619600000000000000e+04,3.520000000000000000e+02,2.880000000000000000e+02,-6.270000000000000000e+02,5.300000000000000000e+01,4.300000000000000000e+01
1.680080653638230562e+09,1.613600000000000000e+04,3.120000000000000000e+02,3.080000000000000000e+02,-6.500000000000000000e+02,4.100000000000000000e+01,2.900000000000000000e+01
1.680080653639449358e+09,1.607200000000000000e+04,2.840000000000000000e+02,2.640000000000000000e+02,-6.370000000000000000e+02,3.900000000000000000e+01,3.100000000000000000e+01
1.680080653641586542e+09,1.615600000000000000e+04,2.560000000000000000e+02,3.920000000000000000e+02,-6.240000000000000000e+02,7.200000000000000000e+01,2.000000000000000000e+01
1.680080653642647743e+09,1.619200000000000000e+04,4.560000000000000000e+02,4.280000000000000000e+02,-6.320000000000000000e+02,5.800000000000000000e+01,4.500000000000000000e+01
1.680080653644877911e+09,1.617200000000000000e+04,2.400000000000000000e+02,2.520000000000000000e+02,-6.570000000000000000e+02,6.100000000000000000e+01,5.900000000000000000e+01
1.680080653646051884e+09,1.616400000000000000e+04,2.160000000000000000e+02,2.360000000000000000e+02,-6.440000000000000000e+02,4.000000000000000000e+01,1.500000000000000000e+01
1.680080653648122072e+09,1.606800000000000000e+04,2.320000000000000000e+02,3.680000000000000000e+02,-6.410000000000000000e+02,3.700000000000000000e+01,3.900000000000000000e+01
1.680080653649666548e+09,1.613200000000000000e+04,2.240000000000000000e+02,4.160000000000000000e+02,-6.290000000000000000e+02,3.000000000000000000e+01,3.700000000000000000e+01
1.680080653651915312e+09,1.624400000000000000e+04,2.520000000000000000e+02,2.720000000000000000e+02,-6.080000000000000000e+02,4.900000000000000000e+01,3.000000000000000000e+01
1.680080653653038025e+09,1.616400000000000000e+04,2.560000000000000000e+02,2.640000000000000000e+02,-6.170000000000000000e+02,4.200000000000000000e+01,2.300000000000000000e+01
1.680080653655278444e+09,1.617200000000000000e+04,3.080000000000000000e+02,3.200000000000000000e+02,-6.370000000000000000e+02,5.600000000000000000e+01,5.400000000000000000e+01
1.680080653656551600e+09,1.614800000000000000e+04,2.800000000000000000e+02,3.800000000000000000e+02,-6.350000000000000000e+02,6.200000000000000000e+01,4.400000000000000000e+01
1.680080653658629179e+09,1.611200000000000000e+04,2.080000000000000000e+02,3.920000000000000000e+02,-6.570000000000000000e+02,4.400000000000000000e+01,3.200000000000000000e+01
1.680080653659684181e+09,1.619600000000000000e+04,2.280000000000000000e+02,3.040000000000000000e+02,-6.600000000000000000e+02,2.000000000000000000e+01,2.200000000000000000e+01
1.680080653661912203e+09,1.624000000000000000e+04,2.720000000000000000e+02,2.440000000000000000e+02,-6.370000000000000000e+02,3.800000000000000000e+01,5.700000000000000000e+01
1.680080653663247585e+09,1.624400000000000000e+04,2.760000000000000000e+02,3.240000000000000000e+02,-6.390000000000000000e+02,4.200000000000000000e+01,3.900000000000000000e+01
1.680080653665576935e+09,1.614000000000000000e+04,3.000000000000000000e+02,3.800000000000000000e+02,-6.210000000000000000e+02,2.300000000000000000e+01,3.300000000000000000e+01
1.680080653666742086e+09,1.619600000000000000e+04,3.120000000000000000e+02,3.800000000000000000e+02,-6.380000000000000000e+02,4.000000000000000000e+01,2.000000000000000000e+01
1.680080653669031858e+09,1.627200000000000000e+04,3.160000000000000000e+02,4.040000000000000000e+02,-6.500000000000000000e+02,5.800000000000000000e+01,4.700000000000000000e+01
1.680080653670126915e+09,1.624800000000000000e+04,2.520000000000000000e+02,3.560000000000000000e+02,-6.350000000000000000e+02,4.900000000000000000e+01,4.400000000000000000e+01
1.680080653672517061e+09,1.613200000000000000e+04,2.760000000000000000e+02,2.440000000000000000e+02,-6.320000000000000000e+02,6.900000000000000000e+01,3.000000000000000000e+01
1.680080653673654556e+09,1.630000000000000000e+04,2.200000000000000000e+02,3.840000000000000000e+02,-6.370000000000000000e+02,5.400000000000000000e+01,2.100000000000000000e+01
1.680080653675988197e+09,1.613200000000000000e+04,2.640000000000000000e+02,3.280000000000000000e+02,-6.270000000000000000e+02,1.900000000000000000e+01,4.400000000000000000e+01
1.680080653677231312e+09,1.612400000000000000e+04,3.440000000000000000e+02,4.040000000000000000e+02,-6.150000000000000000e+02,5.600000000000000000e+01,4.400000000000000000e+01
1.680080653679279089e+09,1.622000000000000000e+04,2.640000000000000000e+02,1.880000000000000000e+02,-6.090000000000000000e+02,6.500000000000000000e+01,2.300000000000000000e+01
1.680080653680650711e+09,1.620800000000000000e+04,2.840000000000000000e+02,2.120000000000000000e+02,-6.120000000000000000e+02,5.500000000000000000e+01,4.300000000000000000e+01
1.680080653682750463e+09,1.608400000000000000e+04,2.200000000000000000e+02,2.800000000000000000e+02,-6.530000000000000000e+02,4.900000000000000000e+01,3.000000000000000000e+01
1.680080653683897972e+09,1.610400000000000000e+04,2.920000000000000000e+02,2.960000000000000000e+02,-6.450000000000000000e+02,6.100000000000000000e+01,4.600000000000000000e+01
1.680080653685991526e+09,1.620800000000000000e+04,2.800000000000000000e+02,3.120000000000000000e+02,-6.270000000000000000e+02,3.200000000000000000e+01,2.700000000000000000e+01
1.680080653687155724e+09,1.614000000000000000e+04,3.440000000000000000e+02,2.400000000000000000e+02,-6.330000000000000000e+02,4.700000000000000000e+01,1.800000000000000000e+01
1.680080653689227819e+09,1.609200000000000000e+04,3.880000000000000000e+02,3.520000000000000000e+02,-6.450000000000000000e+02,3.000000000000000000e+01,3.700000000000000000e+01
1.680080653690351248e+09,1.583200000000000000e+04,3.160000000000000000e+02,3.240000000000000000e+02,-6.490000000000000000e+02,5.100000000000000000e+01,3.900000000000000000e+01
1.680080653692638636e+09,1.630400000000000000e+04,2.080000000000000000e+02,3.120000000000000000e+02,-6.350000000000000000e+02,5.200000000000000000e+01,3.100000000000000000e+01
1.680080653693755865e+09,1.597600000000000000e+04,3.240000000000000000e+02,2.720000000000000000e+02,-6.630000000000000000e+02,3.300000000000000000e+01,1.300000000000000000e+01
1.680080653695963621e+09,1.593600000000000000e+04,3.560000000000000000e+02,3.040000000000000000e+02,-6.540000000000000000e+02,5.500000000000000000e+01,1.000000000000000000e+01
1.680080653697273493e+09,1.660400000000000000e+04,2.960000000000000000e+02,4.560000000000000000e+02,-6.430000000000000000e+02,6.700000000000000000e+01,1.800000000000000000e+01
1.680080653699324369e+09,1.611200000000000000e+04,3.160000000000000000e+02,3.560000000000000000e+02,-6.390000000000000000e+02,5.300000000000000000e+01,9.000000000000000000e+00
1.680080653700529814e+09,1.596000000000000000e+04,3.400000000000000000e+02,3.160000000000000000e+02,-6.420000000000000000e+02,4.200000000000000000e+01,3.000000000000000000e+01
1.680080653702673674e+09,1.626000000000000000e+04,3.680000000000000000e+02,4.080000000000000000e+02,-6.280000000000000000e+02,5.400000000000000000e+01,2.800000000000000000e+01
1.680080653703833342e+09,1.629600000000000000e+04,4.320000000000000000e+02,4.600000000000000000e+02,-6.260000000000000000e+02,3.400000000000000000e+01,3.600000000000000000e+01
1.680080653705962896e+09,1.607200000000000000e+04,3.080000000000000000e+02,3.560000000000000000e+02,-6.520000000000000000e+02,3.600000000000000000e+01,2.800000000000000000e+01
1.680080653707266808e+09,1.616800000000000000e+04,3.480000000000000000e+02,8.000000000000000000e+01,-6.520000000000000000e+02,6.600000000000000000e+01,2.100000000000000000e+01
1.680080653709589481e+09,1.599600000000000000e+04,3.240000000000000000e+02,4.920000000000000000e+02,-6.510000000000000000e+02,4.900000000000000000e+01,1.700000000000000000e+01
1.680080653710666895e+09,1.640800000000000000e+04,2.880000000000000000e+02,4.560000000000000000e+02,-6.530000000000000000e+02,3.700000000000000000e+01,4.100000000000000000e+01
1.680080653712799311e+09,1.628800000000000000e+04,3.040000000000000000e+02,1.560000000000000000e+02,-6.300000000000000000e+02,5.200000000000000000e+01,2.900000000000000000e+01
1.680080653713947058e+09,1.609200000000000000e+04,2.960000000000000000e+02,5.080000000000000000e+02,-6.360000000000000000e+02,3.200000000000000000e+01,1.200000000000000000e+01
1.680080653716048479e+09,1.620800000000000000e+04,4.080000000000000000e+02,3.040000000000000000e+02,-6.420000000000000000e+02,5.500000000000000000e+01,4.600000000000000000e+01
1.680080653717284918e+09,1.658400000000000000e+04,2.920000000000000000e+02,4.920000000000000000e+02,-6.700000000000000000e+02,5.100000000000000000e+01,5.000000000000000000e+01
1.680080653719454050e+09,1.572800000000000000e+04,4.480000000000000000e+02,2.640000000000000000e+02,-6.370000000000000000e+02,3.200000000000000000e+01,4.500000000000000000e+01
1.680080653720511913e+09,1.618800000000000000e+04,3.240000000000000000e+02,2.360000000000000000e+02,-6.250000000000000000e+02,3.800000000000000000e+01,4.900000000000000000e+01
1.680080653722737074e+09,1.596800000000000000e+04,3.520000000000000000e+02,3.920000000000000000e+02,-6.370000000000000000e+02,7.300000000000000000e+01,1.700000000000000000e+01
1.680080653724225760e+09,1.599600000000000000e+04,4.760000000000000000e+02,3.680000000000000000e+02,-6.420000000000000000e+02,5.900000000000000000e+01,5.000000000000000000e+01
1.680080653726585388e+09,1.617200000000000000e+04,3.000000000000000000e+02,1.000000000000000000e+02,-6.460000000000000000e+02,1.100000000000000000e+01,-3.000000000000000000e+00
1.680080653727769852e+09,1.605600000000000000e+04,3.760000000000000000e+02,2.600000000000000000e+02,-6.540000000000000000e+02,2.800000000000000000e+01,2.800000000000000000e+01
1.680080653729851961e+09,1.643200000000000000e+04,2.480000000000000000e+02,3.680000000000000000e+02,-6.500000000000000000e+02,6.000000000000000000e+01,5.100000000000000000e+01
1.680080653730916500e+09,1.630400000000000000e+04,2.640000000000000000e+02,2.000000000000000000e+02,-6.470000000000000000e+02,5.300000000000000000e+01,1.900000000000000000e+01
1.680080653733209610e+09,1.604400000000000000e+04,2.760000000000000000e+02,3.680000000000000000e+02,-6.430000000000000000e+02,6.500000000000000000e+01,2.200000000000000000e+01
1.680080653734557390e+09,1.643600000000000000e+04,1.600000000000000000e+02,3.160000000000000000e+02,-6.260000000000000000e+02,3.600000000000000000e+01,4.700000000000000000e+01
1.680080653737313986e+09,1.603200000000000000e+04,2.640000000000000000e+02,1.480000000000000000e+02,-6.450000000000000000e+02,7.100000000000000000e+01,3.900000000000000000e+01
1.680080653738569975e+09,1.598800000000000000e+04,2.840000000000000000e+02,2.560000000000000000e+02,-6.540000000000000000e+02,3.900000000000000000e+01,4.100000000000000000e+01
1.680080653740600109e+09,1.658400000000000000e+04,3.360000000000000000e+02,4.880000000000000000e+02,-6.470000000000000000e+02,2.600000000000000000e+01,3.400000000000000000e+01
1.680080653741889238e+09,1.640400000000000000e+04,3.440000000000000000e+02,2.720000000000000000e+02,-6.390000000000000000e+02,5.000000000000000000e+01,4.300000000000000000e+01
1.680080653744256258e+09,1.591600000000000000e+04,2.880000000000000000e+02,3.960000000000000000e+02,-6.530000000000000000e+02,2.800000000000000000e+01,3.200000000000000000e+01
1.680080653745408535e+09,1.628800000000000000e+04,3.200000000000000000e+02,3.320000000000000000e+02,-6.440000000000000000e+02,4.700000000000000000e+01,2.700000000000000000e+01
1.680080653747558117e+09,1.572000000000000000e+04,2.280000000000000000e+02,3.080000000000000000e+02,-6.310000000000000000e+02,5.400000000000000000e+01,1.200000000000000000e+01
1.680080653748728037e+09,1.671200000000000000e+04,2.760000000000000000e+02,2.840000000000000000e+02,-6.380000000000000000e+02,6.600000000000000000e+01,4.900000000000000000e+01
1.680080653750813961e+09,1.616400000000000000e+04,1.920000000000000000e+02,1.360000000000000000e+02,-6.570000000000000000e+02,5.400000000000000000e+01,1.300000000000000000e+01
1.680080653751950026e+09,1.564800000000000000e+04,2.600000000000000000e+02,3.040000000000000000e+02,-6.240000000000000000e+02,-1.400000000000000000e+01,3.100000000000000000e+01
1.680080653754049301e+09,1.653200000000000000e+04,2.560000000000000000e+02,1.000000000000000000e+02,-6.350000000000000000e+02,6.700000000000000000e+01,3.500000000000000000e+01
1.680080653755540848e+09,1.642400000000000000e+04,1.720000000000000000e+02,2.480000000000000000e+02,-6.600000000000000000e+02,4.100000000000000000e+01,1.800000000000000000e+01
1.680080653757701874e+09,1.536800000000000000e+04,3.440000000000000000e+02,3.320000000000000000e+02,-6.310000000000000000e+02,6.900000000000000000e+01,2.800000000000000000e+01
1.680080653758807182e+09,1.686800000000000000e+04,4.680000000000000000e+02,1.400000000000000000e+02,-6.320000000000000000e+02,7.000000000000000000e+01,4.700000000000000000e+01
1.680080653761046886e+09,1.633200000000000000e+04,1.640000000000000000e+02,4.560000000000000000e+02,-6.140000000000000000e+02,5.600000000000000000e+01,2.500000000000000000e+01
1.680080653762274981e+09,1.582400000000000000e+04,3.400000000000000000e+02,3.320000000000000000e+02,-6.350000000000000000e+02,2.200000000000000000e+01,5.100000000000000000e+01
1.680080653764336586e+09,1.611200000000000000e+04,2.760000000000000000e+02,1.520000000000000000e+02,-6.310000000000000000e+02,6.900000000000000000e+01,3.900000000000000000e+01
1.680080653765617132e+09,1.682800000000000000e+04,1.160000000000000000e+02,3.840000000000000000e+02,-6.280000000000000000e+02,3.300000000000000000e+01,1.300000000000000000e+01
1.680080653767692804e+09,1.555200000000000000e+04,4.160000000000000000e+02,6.000000000000000000e+02,-6.420000000000000000e+02,1.600000000000000000e+01,5.800000000000000000e+01
1.680080653768867016e+09,1.579600000000000000e+04,4.080000000000000000e+02,3.800000000000000000e+02,-6.270000000000000000e+02,4.900000000000000000e+01,9.000000000000000000e+01
1.680080653771150351e+09,1.673600000000000000e+04,2.160000000000000000e+02,4.720000000000000000e+02,-6.350000000000000000e+02,2.400000000000000000e+01,-1.000000000000000000e+01
1.680080653772351980e+09,1.599200000000000000e+04,4.160000000000000000e+02,4.360000000000000000e+02,-6.290000000000000000e+02,7.000000000000000000e+01,-3.000000000000000000e+00
1.680080653774379730e+09,1.586400000000000000e+04,4.440000000000000000e+02,2.040000000000000000e+02,-6.330000000000000000e+02,4.800000000000000000e+01,3.400000000000000000e+01
1.680080653775626421e+09,1.627600000000000000e+04,3.240000000000000000e+02,1.920000000000000000e+02,-6.330000000000000000e+02,6.500000000000000000e+01,2.600000000000000000e+01
1.680080653777845621e+09,1.643200000000000000e+04,1.560000000000000000e+02,3.560000000000000000e+02,-6.310000000000000000e+02,4.400000000000000000e+01,7.000000000000000000e+00
1.680080653779186010e+09,1.610000000000000000e+04,2.600000000000000000e+02,5.440000000000000000e+02,-6.450000000000000000e+02,-7.000000000000000000e+00,3.000000000000000000e+00
1.680080653781281471e+09,1.606400000000000000e+04,4.880000000000000000e+02,8.000000000000000000e+01,-6.290000000000000000e+02,3.800000000000000000e+01,4.500000000000000000e+01
1.680080653782600164e+09,1.606800000000000000e+04,2.800000000000000000e+02,2.800000000000000000e+01,-6.250000000000000000e+02,7.800000000000000000e+01,5.500000000000000000e+01
1.680080653784565210e+09,1.613200000000000000e+04,3.000000000000000000e+02,2.320000000000000000e+02,-6.390000000000000000e+02,3.300000000000000000e+01,4.300000000000000000e+01
1.680080653785995722e+09,1.604400000000000000e+04,3.680000000000000000e+02,2.480000000000000000e+02,-6.180000000000000000e+02,3.100000000000000000e+01,3.900000000000000000e+01
1.680080653788461924e+09,1.582400000000000000e+04,4.160000000000000000e+02,3.480000000000000000e+02,-6.400000000000000000e+02,6.400000000000000000e+01,6.000000000000000000e+00
1.680080653790141344e+09,1.647200000000000000e+04,4.120000000000000000e+02,3.200000000000000000e+02,-6.410000000000000000e+02,4.400000000000000000e+01,3.900000000000000000e+01
1.680080653792256117e+09,1.610000000000000000e+04,2.640000000000000000e+02,4.640000000000000000e+02,-6.240000000000000000e+02,4.500000000000000000e+01,5.000000000000000000e+00
1.680080653793470144e+09,1.550000000000000000e+04,3.960000000000000000e+02,1.760000000000000000e+02,-6.420000000000000000e+02,4.900000000000000000e+01,1.000000000000000000e+01
1.680080653795649052e+09,1.655200000000000000e+04,3.480000000000000000e+02,3.680000000000000000e+02,-6.290000000000000000e+02,8.800000000000000000e+01,6.600000000000000000e+01
1.680080653796962023e+09,1.719600000000000000e+04,2.960000000000000000e+02,2.040000000000000000e+02,-6.410000000000000000e+02,5.500000000000000000e+01,4.700000000000000000e+01
1.680080653799058437e+09,1.528800000000000000e+04,3.560000000000000000e+02,3.520000000000000000e+02,-6.360000000000000000e+02,4.900000000000000000e+01,3.200000000000000000e+01
1.680080653800496101e+09,1.642800000000000000e+04,4.320000000000000000e+02,2.920000000000000000e+02,-6.500000000000000000e+02,6.600000000000000000e+01,4.800000000000000000e+01
1.680080653802527905e+09,1.636800000000000000e+04,2.720000000000000000e+02,1.520000000000000000e+02,-6.400000000000000000e+02,4.700000000000000000e+01,1.200000000000000000e+01
1.680080653803938389e+09,1.626000000000000000e+04,4.480000000000000000e+02,4.800000000000000000e+02,-6.360000000000000000e+02,4.000000000000000000e+01,2.400000000000000000e+01
1.680080653806276083e+09,1.593200000000000000e+04,4.680000000000000000e+02,2.960000000000000000e+02,-6.310000000000000000e+02,2.900000000000000000e+01,6.100000000000000000e+01
1.680080653807462692e+09,1.644000000000000000e+04,3.040000000000000000e+02,2.720000000000000000e+02,-6.280000000000000000e+02,4.600000000000000000e+01,1.700000000000000000e+01
1.680080653809586525e+09,1.592400000000000000e+04,3.840000000000000000e+02,2.680000000000000000e+02,-6.240000000000000000e+02,7.700000000000000000e+01,4.500000000000000000e+01
1.680080653810699463e+09,1.626000000000000000e+04,2.640000000000000000e+02,3.400000000000000000e+02,-6.340000000000000000e+02,4.300000000000000000e+01,6.100000000000000000e+01
1.680080653812954903e+09,1.592400000000000000e+04,4.680000000000000000e+02,1.800000000000000000e+02,-6.210000000000000000e+02,5.700000000000000000e+01,4.000000000000000000e+01
1.680080653814076900e+09,1.615600000000000000e+04,3.880000000000000000e+02,2.880000000000000000e+02,-6.210000000000000000e+02,6.500000000000000000e+01,5.100000000000000000e+01
1.680080653816134214e+09,1.572800000000000000e+04,2.760000000000000000e+02,3.680000000000000000e+02,-6.540000000000000000e+02,7.000000000000000000e+00,4.300000000000000000e+01
1.680080653817604065e+09,1.566800000000000000e+04,3.560000000000000000e+02,6.400000000000000000e+01,-6.180000000000000000e+02,4.800000000000000000e+01,3.400000000000000000e+01
1.680080653819822311e+09,1.663200000000000000e+04,2.960000000000000000e+02,1.320000000000000000e+02,-6.570000000000000000e+02,4.700000000000000000e+01,2.500000000000000000e+01
1.680080653821018696e+09,1.614000000000000000e+04,2.480000000000000000e+02,2.040000000000000000e+02,-6.560000000000000000e+02,2.900000000000000000e+01,1.000000000000000000e+00
1.680080653823218346e+09,1.663200000000000000e+04,2.840000000000000000e+02,3.560000000000000000e+02,-6.470000000000000000e+02,5.100000000000000000e+01,6.300000000000000000e+01
1.680080653824728727e+09,1.567600000000000000e+04,2.000000000000000000e+02,3.280000000000000000e+02,-6.410000000000000000e+02,6.900000000000000000e+01,2.100000000000000000e+01
1.680080653826760054e+09,1.687200000000000000e+04,4.440000000000000000e+02,3.000000000000000000e+02,-6.160000000000000000e+02,6.300000000000000000e+01,2.800000000000000000e+01
1.680080653828075171e+09,1.596400000000000000e+04,2.160000000000000000e+02,3.320000000000000000e+02,-6.420000000000000000e+02,1.500000000000000000e+01,3.600000000000000000e+01
1.680080653830096722e+09,1.562400000000000000e+04,3.960000000000000000e+02,4.360000000000000000e+02,-6.350000000000000000e+02,-1.000000000000000000e+00,2.800000000000000000e+01
1.680080653831157446e+09,1.542400000000000000e+04,4.200000000000000000e+02,1.840000000000000000e+02,-6.390000000000000000e+02,4.600000000000000000e+01,4.400000000000000000e+01
1.680080653833205700e+09,1.761200000000000000e+04,8.400000000000000000e+01,1.160000000000000000e+02,-6.560000000000000000e+02,4.300000000000000000e+01,4.100000000000000000e+01
1.680080653834618330e+09,1.659200000000000000e+04,2.280000000000000000e+02,1.320000000000000000e+02,-6.420000000000000000e+02,5.000000000000000000e+01,7.000000000000000000e+00
1.680080653836700916e+09,1.485200000000000000e+04,4.200000000000000000e+02,4.160000000000000000e+02,-6.360000000000000000e+02,6.100000000000000000e+01,3.600000000000000000e+01
1.680080653837904692e+09,1.561200000000000000e+04,3.960000000000000000e+02,3.120000000000000000e+02,-6.340000000000000000e+02,4.400000000000000000e+01,6.700000000000000000e+01
1.680080653840074778e+09,1.634800000000000000e+04,2.840000000000000000e+02,3.800000000000000000e+02,-6.390000000000000000e+02,3.100000000000000000e+01,3.800000000000000000e+01
1.680080653841244936e+09,1.504000000000000000e+04,3.240000000000000000e+02,3.680000000000000000e+02,-6.460000000000000000e+02,4.600000000000000000e+01,2.800000000000000000e+01
1.680080653843372822e+09,1.661200000000000000e+04,1.280000000000000000e+02,4.800000000000000000e+02,-6.460000000000000000e+02,2.500000000000000000e+01,3.400000000000000000e+01
1.680080653844467878e+09,1.598800000000000000e+04,2.640000000000000000e+02,1.200000000000000000e+02,-6.580000000000000000e+02,5.100000000000000000e+01,1.600000000000000000e+01
1.680080653846635342e+09,1.644800000000000000e+04,4.560000000000000000e+02,4.240000000000000000e+02,-6.360000000000000000e+02,4.100000000000000000e+01,8.200000000000000000e+01
1.680080653848045588e+09,1.602400000000000000e+04,2.080000000000000000e+02,2.520000000000000000e+02,-6.420000000000000000e+02,5.500000000000000000e+01,4.800000000000000000e+01
1.680080653850113630e+09,1.612400000000000000e+04,2.360000000000000000e+02,3.920000000000000000e+02,-6.410000000000000000e+02,2.100000000000000000e+01,5.000000000000000000e+00
1.680080653851228952e+09,1.582800000000000000e+04,4.360000000000000000e+02,4.040000000000000000e+02,-6.460000000000000000e+02,2.400000000000000000e+01,3.500000000000000000e+01
1.680080653853377819e+09,1.666800000000000000e+04,2.600000000000000000e+02,9.200000000000000000e+01,-6.360000000000000000e+02,3.700000000000000000e+01,6.200000000000000000e+01
1.680080653854506493e+09,1.658000000000000000e+04,2.160000000000000000e+02,3.160000000000000000e+02,-6.510000000000000000e+02,2.600000000000000000e+01,3.600000000000000000e+01
1.680080653856772423e+09,1.540000000000000000e+04,2.880000000000000000e+02,5.240000000000000000e+02,-6.310000000000000000e+02,5.600000000000000000e+01,3.600000000000000000e+01
1.680080653858063221e+09,1.694000000000000000e+04,1.920000000000000000e+02,2.080000000000000000e+02,-6.190000000000000000e+02,7.900000000000000000e+01,5.800000000000000000e+01
1.680080653860158443e+09,1.612000000000000000e+04,1.960000000000000000e+02,3.160000000000000000e+02,-6.270000000000000000e+02,4.100000000000000000e+01,3.000000000000000000e+01
1.680080653861425400e+09,1.532800000000000000e+04,2.920000000000000000e+02,2.720000000000000000e+02,-6.370000000000000000e+02,5.400000000000000000e+01,1.200000000000000000e+01
1.680080653864439249e+09,1.653600000000000000e+04,2.760000000000000000e+02,1.880000000000000000e+02,-6.450000000000000000e+02,4.700000000000000000e+01,3.700000000000000000e+01
1.680080653865786076e+09,1.595200000000000000e+04,2.520000000000000000e+02,4.840000000000000000e+02,-6.400000000000000000e+02,4.400000000000000000e+01,4.000000000000000000e+01
1.680080653868259668e+09,1.614800000000000000e+04,2.360000000000000000e+02,9.200000000000000000e+01,-6.100000000000000000e+02,7.500000000000000000e+01,1.500000000000000000e+01
1.680080653869502544e+09,1.615600000000000000e+04,2.560000000000000000e+02,4.480000000000000000e+02,-6.140000000000000000e+02,2.100000000000000000e+01,1.000000000000000000e+01
1.680080653871737957e+09,1.620000000000000000e+04,4.480000000000000000e+02,2.040000000000000000e+02,-6.570000000000000000e+02,5.200000000000000000e+01,4.200000000000000000e+01
1.680080653872899532e+09,1.645200000000000000e+04,2.320000000000000000e+02,1.240000000000000000e+02,-6.690000000000000000e+02,7.500000000000000000e+01,4.200000000000000000e+01
1.680080653875036240e+09,1.581600000000000000e+04,3.440000000000000000e+02,2.960000000000000000e+02,-6.370000000000000000e+02,4.600000000000000000e+01,6.000000000000000000e+00
1.680080653876160860e+09,1.610400000000000000e+04,3.600000000000000000e+02,3.840000000000000000e+02,-6.330000000000000000e+02,5.600000000000000000e+01,1.800000000000000000e+01
1.680080653878401041e+09,1.638000000000000000e+04,3.920000000000000000e+02,2.840000000000000000e+02,-6.220000000000000000e+02,3.200000000000000000e+01,1.800000000000000000e+01
1.680080653879574060e+09,1.625200000000000000e+04,2.640000000000000000e+02,3.960000000000000000e+02,-6.290000000000000000e+02,5.200000000000000000e+01,3.900000000000000000e+01
1.680080653881742001e+09,1.624800000000000000e+04,3.320000000000000000e+02,5.680000000000000000e+02,-6.280000000000000000e+02,2.600000000000000000e+01,3.100000000000000000e+01
1.680080653882981777e+09,1.617600000000000000e+04,2.800000000000000000e+02,3.200000000000000000e+02,-6.170000000000000000e+02,4.900000000000000000e+01,2.300000000000000000e+01
1.680080653885216951e+09,1.655600000000000000e+04,3.720000000000000000e+02,3.360000000000000000e+02,-6.340000000000000000e+02,3.700000000000000000e+01,5.900000000000000000e+01
1.680080653886477470e+09,1.606400000000000000e+04,2.160000000000000000e+02,6.240000000000000000e+02,-6.380000000000000000e+02,0.000000000000000000e+00,5.200000000000000000e+01
1.680080653888768196e+09,1.618000000000000000e+04,3.000000000000000000e+02,3.320000000000000000e+02,-6.050000000000000000e+02,5.700000000000000000e+01,1.700000000000000000e+01
1.680080653889896393e+09,1.629600000000000000e+04,3.000000000000000000e+02,5.360000000000000000e+02,-6.050000000000000000e+02,4.200000000000000000e+01,3.300000000000000000e+01
1.680080653892016649e+09,1.616000000000000000e+04,3.280000000000000000e+02,1.560000000000000000e+02,-6.370000000000000000e+02,5.900000000000000000e+01,2.700000000000000000e+01
1.680080653893088818e+09,1.621200000000000000e+04,3.720000000000000000e+02,9.600000000000000000e+01,-6.400000000000000000e+02,4.300000000000000000e+01,3.500000000000000000e+01
1.680080653895415306e+09,1.600800000000000000e+04,3.560000000000000000e+02,4.200000000000000000e+02,-6.270000000000000000e+02,4.800000000000000000e+01,5.200000000000000000e+01
1.680080653896795034e+09,1.606800000000000000e+04,3.560000000000000000e+02,3.360000000000000000e+02,-6.070000000000000000e+02,4.400000000000000000e+01,4.700000000000000000e+01
1.680080653898862362e+09,1.651200000000000000e+04,2.800000000000000000e+02,5.560000000000000000e+02,-6.360000000000000000e+02,4.300000000000000000e+01,2.400000000000000000e+01
1.680080653900235176e+09,1.632000000000000000e+04,2.480000000000000000e+02,3.400000000000000000e+02,-6.400000000000000000e+02,6.300000000000000000e+01,2.700000000000000000e+01
1.680080653902352571e+09,1.595200000000000000e+04,4.280000000000000000e+02,2.760000000000000000e+02,-6.490000000000000000e+02,2.000000000000000000e+01,4.400000000000000000e+01
1.680080653903403044e+09,1.600000000000000000e+04,3.680000000000000000e+02,3.280000000000000000e+02,-6.370000000000000000e+02,4.800000000000000000e+01,6.300000000000000000e+01
1.680080653905537844e+09,1.639600000000000000e+04,2.280000000000000000e+02,2.560000000000000000e+02,-6.210000000000000000e+02,3.700000000000000000e+01,2.300000000000000000e+01
1.680080653906817198e+09,1.601200000000000000e+04,3.120000000000000000e+02,3.120000000000000000e+02,-6.250000000000000000e+02,3.600000000000000000e+01,3.900000000000000000e+01
1.680080653909110308e+09,1.636400000000000000e+04,3.840000000000000000e+02,2.360000000000000000e+02,-6.460000000000000000e+02,5.700000000000000000e+01,3.000000000000000000e+01
1.680080653910366297e+09,1.618000000000000000e+04,3.560000000000000000e+02,3.560000000000000000e+02,-6.450000000000000000e+02,3.900000000000000000e+01,5.200000000000000000e+01
1.680080653912478209e+09,1.614400000000000000e+04,4.080000000000000000e+02,2.160000000000000000e+02,-6.590000000000000000e+02,4.700000000000000000e+01,4.100000000000000000e+01
1.680080653913651705e+09,1.611600000000000000e+04,3.080000000000000000e+02,3.200000000000000000e+02,-6.350000000000000000e+02,5.800000000000000000e+01,2.800000000000000000e+01
1.680080653916011572e+09,1.622800000000000000e+04,3.600000000000000000e+02,1.840000000000000000e+02,-6.250000000000000000e+02,3.800000000000000000e+01,3.500000000000000000e+01
1.680080653917387962e+09,1.624800000000000000e+04,3.320000000000000000e+02,3.400000000000000000e+02,-6.320000000000000000e+02,5.100000000000000000e+01,4.500000000000000000e+01
1.680080653919532537e+09,1.620000000000000000e+04,2.080000000000000000e+02,4.080000000000000000e+02,-6.490000000000000000e+02,4.100000000000000000e+01,2.400000000000000000e+01
1.680080653920917034e+09,1.608800000000000000e+04,3.720000000000000000e+02,4.720000000000000000e+02,-6.570000000000000000e+02,4.200000000000000000e+01,2.900000000000000000e+01
1.680080653923063040e+09,1.624800000000000000e+04,3.920000000000000000e+02,3.320000000000000000e+02,-6.450000000000000000e+02,5.400000000000000000e+01,4.300000000000000000e+01
1.680080653924438715e+09,1.627600000000000000e+04,3.440000000000000000e+02,3.120000000000000000e+02,-6.420000000000000000e+02,3.800000000000000000e+01,3.200000000000000000e+01
1.680080653927064896e+09,1.615600000000000000e+04,2.480000000000000000e+02,2.600000000000000000e+02,-6.460000000000000000e+02,7.000000000000000000e+01,1.700000000000000000e+01
1.680080653928337097e+09,1.611600000000000000e+04,3.240000000000000000e+02,2.920000000000000000e+02,-6.360000000000000000e+02,5.000000000000000000e+01,1.100000000000000000e+01
1.680080653930529594e+09,1.619200000000000000e+04,3.800000000000000000e+02,2.960000000000000000e+02,-6.410000000000000000e+02,5.900000000000000000e+01,4.200000000000000000e+01
1.680080653931912899e+09,1.623200000000000000e+04,3.440000000000000000e+02,3.800000000000000000e+02,-6.610000000000000000e+02,4.000000000000000000e+01,4.200000000000000000e+01
1.680080653934044600e+09,1.617600000000000000e+04,3.400000000000000000e+02,4.560000000000000000e+02,-6.440000000000000000e+02,4.200000000000000000e+01,4.100000000000000000e+01
1.680080653935084581e+09,1.620000000000000000e+04,3.040000000000000000e+02,3.040000000000000000e+02,-6.490000000000000000e+02,2.700000000000000000e+01,4.800000000000000000e+01
1.680080653937273502e+09,1.626000000000000000e+04,2.160000000000000000e+02,3.600000000000000000e+02,-6.380000000000000000e+02,3.800000000000000000e+01,4.400000000000000000e+01
1.680080653938518286e+09,1.616800000000000000e+04,1.920000000000000000e+02,2.240000000000000000e+02,-6.520000000000000000e+02,6.000000000000000000e+01,4.300000000000000000e+01
1.680080653940641165e+09,1.624400000000000000e+04,1.480000000000000000e+02,3.640000000000000000e+02,-6.380000000000000000e+02,1.000000000000000000e+01,3.900000000000000000e+01
1.680080653941976309e+09,1.627600000000000000e+04,2.440000000000000000e+02,2.960000000000000000e+02,-6.270000000000000000e+02,3.700000000000000000e+01,3.100000000000000000e+01
1.680080653944235563e+09,1.615200000000000000e+04,2.800000000000000000e+02,2.560000000000000000e+02,-6.390000000000000000e+02,7.000000000000000000e+01,2.900000000000000000e+01
1.680080653945325613e+09,1.615200000000000000e+04,3.200000000000000000e+02,3.280000000000000000e+02,-6.480000000000000000e+02,2.700000000000000000e+01,3.300000000000000000e+01
1.680080653947721004e+09,1.621200000000000000e+04,2.520000000000000000e+02,3.160000000000000000e+02,-6.200000000000000000e+02,4.100000000000000000e+01,3.500000000000000000e+01
1.680080653948884249e+09,1.606800000000000000e+04,2.840000000000000000e+02,3.960000000000000000e+02,-6.220000000000000000e+02,7.800000000000000000e+01,3.600000000000000000e+01
1.680080653950977564e+09,1.614400000000000000e+04,3.000000000000000000e+02,3.640000000000000000e+02,-6.350000000000000000e+02,3.000000000000000000e+01,3.100000000000000000e+01
1.680080653952074051e+09,1.620400000000000000e+04,2.160000000000000000e+02,3.400000000000000000e+02,-6.390000000000000000e+02,3.500000000000000000e+01,2.800000000000000000e+01
1.680080653954300642e+09,1.626000000000000000e+04,1.880000000000000000e+02,2.960000000000000000e+02,-6.400000000000000000e+02,3.600000000000000000e+01,1.600000000000000000e+01
1.680080653955476999e+09,1.615200000000000000e+04,2.600000000000000000e+02,4.840000000000000000e+02,-6.390000000000000000e+02,2.900000000000000000e+01,3.100000000000000000e+01
1.680080653957657576e+09,1.616000000000000000e+04,1.640000000000000000e+02,3.040000000000000000e+02,-6.300000000000000000e+02,5.500000000000000000e+01,5.200000000000000000e+01
1.680080653959413767e+09,1.622000000000000000e+04,2.200000000000000000e+02,2.600000000000000000e+02,-6.320000000000000000e+02,5.200000000000000000e+01,3.400000000000000000e+01
1.680080653961622715e+09,1.626000000000000000e+04,2.560000000000000000e+02,3.480000000000000000e+02,-6.350000000000000000e+02,2.300000000000000000e+01,4.700000000000000000e+01
1.680080653962795019e+09,1.621600000000000000e+04,2.720000000000000000e+02,3.400000000000000000e+02,-6.280000000000000000e+02,4.600000000000000000e+01,5.100000000000000000e+01
1.680080653965092182e+09,1.613200000000000000e+04,1.800000000000000000e+02,3.160000000000000000e+02,-6.340000000000000000e+02,4.500000000000000000e+01,9.000000000000000000e+00
1.680080653966151714e+09,1.612400000000000000e+04,3.040000000000000000e+02,3.200000000000000000e+02,-6.290000000000000000e+02,5.800000000000000000e+01,4.300000000000000000e+01
1.680080653968383551e+09,1.622400000000000000e+04,2.320000000000000000e+02,3.400000000000000000e+02,-6.170000000000000000e+02,4.400000000000000000e+01,2.200000000000000000e+01
1.680080653969629526e+09,1.606000000000000000e+04,2.840000000000000000e+02,2.760000000000000000e+02,-6.370000000000000000e+02,3.700000000000000000e+01,4.000000000000000000e+00
1.680080653971706867e+09,1.617200000000000000e+04,2.480000000000000000e+02,2.920000000000000000e+02,-6.210000000000000000e+02,5.300000000000000000e+01,2.300000000000000000e+01
1.680080653973067284e+09,1.614400000000000000e+04,3.000000000000000000e+02,3.840000000000000000e+02,-6.270000000000000000e+02,3.700000000000000000e+01,2.400000000000000000e+01
1.680080653975332975e+09,1.615200000000000000e+04,2.560000000000000000e+02,3.560000000000000000e+02,-6.550000000000000000e+02,4.400000000000000000e+01,2.400000000000000000e+01
1.680080653976596594e+09,1.632000000000000000e+04,1.400000000000000000e+02,2.360000000000000000e+02,-6.480000000000000000e+02,6.200000000000000000e+01,3.300000000000000000e+01
1.680080653978937626e+09,1.618800000000000000e+04,1.960000000000000000e+02,2.120000000000000000e+02,-6.130000000000000000e+02,6.700000000000000000e+01,3.300000000000000000e+01
1.680080653980199337e+09,1.615600000000000000e+04,2.920000000000000000e+02,3.560000000000000000e+02,-6.210000000000000000e+02,7.600000000000000000e+01,3.100000000000000000e+01
1.680080653982328176e+09,1.620800000000000000e+04,3.640000000000000000e+02,3.560000000000000000e+02,-6.200000000000000000e+02,3.200000000000000000e+01,2.900000000000000000e+01
1.680080653983822346e+09,1.622800000000000000e+04,3.280000000000000000e+02,1.640000000000000000e+02,-6.430000000000000000e+02,6.500000000000000000e+01,2.400000000000000000e+01
1.680080653986165762e+09,1.616800000000000000e+04,2.920000000000000000e+02,2.480000000000000000e+02,-6.280000000000000000e+02,5.100000000000000000e+01,2.600000000000000000e+01
1.680080653987302065e+09,1.617200000000000000e+04,4.080000000000000000e+02,3.280000000000000000e+02,-6.220000000000000000e+02,5.800000000000000000e+01,2.500000000000000000e+01
1.680080653989428282e+09,1.616400000000000000e+04,3.400000000000000000e+02,3.960000000000000000e+02,-6.430000000000000000e+02,4.900000000000000000e+01,2.300000000000000000e+01
1.680080653990724087e+09,1.624800000000000000e+04,2.680000000000000000e+02,3.720000000000000000e+02,-6.540000000000000000e+02,3.000000000000000000e+01,2.600000000000000000e+01
1.680080653992887497e+09,1.616000000000000000e+04,4.000000000000000000e+02,3.600000000000000000e+02,-6.310000000000000000e+02,4.400000000000000000e+01,1.700000000000000000e+01
1.680080653994049788e+09,1.610800000000000000e+04,3.800000000000000000e+02,4.360000000000000000e+02,-6.330000000000000000e+02,6.000000000000000000e+01,3.200000000000000000e+01
1.680080653996316671e+09,1.617200000000000000e+04,3.200000000000000000e+02,2.360000000000000000e+02,-6.160000000000000000e+02,3.100000000000000000e+01,3.900000000000000000e+01
1.680080653997539282e+09,1.610800000000000000e+04,3.480000000000000000e+02,4.360000000000000000e+02,-6.400000000000000000e+02,4.100000000000000000e+01,2.900000000000000000e+01
1.680080653999604464e+09,1.609600000000000000e+04,3.640000000000000000e+02,3.440000000000000000e+02,-6.370000000000000000e+02,2.200000000000000000e+01,4.500000000000000000e+01
1.680080654000816822e+09,1.612400000000000000e+04,3.280000000000000000e+02,3.280000000000000000e+02,-6.310000000000000000e+02,1.400000000000000000e+01,5.300000000000000000e+01
1.680080654002995491e+09,1.605200000000000000e+04,2.880000000000000000e+02,4.680000000000000000e+02,-6.350000000000000000e+02,2.800000000000000000e+01,2.000000000000000000e+01
1.680080654004184008e+09,1.617200000000000000e+04,4.120000000000000000e+02,2.920000000000000000e+02,-6.380000000000000000e+02,1.400000000000000000e+01,5.000000000000000000e+00
1.680080654006326675e+09,1.620400000000000000e+04,3.800000000000000000e+02,3.480000000000000000e+02,-6.480000000000000000e+02,4.100000000000000000e+01,1.600000000000000000e+01
1.680080654007501602e+09,1.620800000000000000e+04,3.560000000000000000e+02,3.200000000000000000e+02,-6.310000000000000000e+02,5.700000000000000000e+01,1.700000000000000000e+01
1.680080654009807825e+09,1.607200000000000000e+04,2.840000000000000000e+02,2.280000000000000000e+02,-6.380000000000000000e+02,4.000000000000000000e+01,3.600000000000000000e+01
1.680080654011000872e+09,1.608400000000000000e+04,3.040000000000000000e+02,3.240000000000000000e+02,-6.510000000000000000e+02,6.000000000000000000e+01,3.200000000000000000e+01
1.680080654013033390e+09,1.610400000000000000e+04,3.880000000000000000e+02,2.720000000000000000e+02,-6.420000000000000000e+02,6.200000000000000000e+01,2.300000000000000000e+01
1.680080654014291286e+09,1.614400000000000000e+04,2.040000000000000000e+02,3.280000000000000000e+02,-6.430000000000000000e+02,5.000000000000000000e+01,3.700000000000000000e+01
1.680080654016414642e+09,1.605200000000000000e+04,3.120000000000000000e+02,4.240000000000000000e+02,-6.450000000000000000e+02,5.700000000000000000e+01,3.300000000000000000e+01
1.680080654017688990e+09,1.623200000000000000e+04,2.800000000000000000e+02,2.440000000000000000e+02,-6.300000000000000000e+02,5.100000000000000000e+01,3.900000000000000000e+01
1.680080654019795656e+09,1.618000000000000000e+04,3.280000000000000000e+02,1.160000000000000000e+02,-6.370000000000000000e+02,5.500000000000000000e+01,4.000000000000000000e+01
1.680080654021176815e+09,1.625200000000000000e+04,3.680000000000000000e+02,2.240000000000000000e+02,-6.310000000000000000e+02,4.900000000000000000e+01,2.700000000000000000e+01
1.680080654023496628e+09,1.620000000000000000e+04,2.600000000000000000e+02,5.760000000000000000e+02,-6.610000000000000000e+02,5.000000000000000000e+01,2.700000000000000000e+01
1.680080654024588823e+09,1.616400000000000000e+04,2.000000000000000000e+02,4.520000000000000000e+02,-6.540000000000000000e+02,4.200000000000000000e+01,3.500000000000000000e+01
1.680080654026974678e+09,1.636800000000000000e+04,3.320000000000000000e+02,3.840000000000000000e+02,-6.430000000000000000e+02,2.800000000000000000e+01,6.100000000000000000e+01
1.680080654028473139e+09,1.622400000000000000e+04,3.440000000000000000e+02,4.000000000000000000e+02,-6.620000000000000000e+02,3.800000000000000000e+01,6.600000000000000000e+01
1.680080654030592918e+09,1.621200000000000000e+04,3.440000000000000000e+02,2.080000000000000000e+02,-6.300000000000000000e+02,2.700000000000000000e+01,2.500000000000000000e+01
1.680080654032129765e+09,1.618000000000000000e+04,2.360000000000000000e+02,3.520000000000000000e+02,-6.380000000000000000e+02,3.500000000000000000e+01,1.900000000000000000e+01
1.680080654034276962e+09,1.616400000000000000e+04,2.720000000000000000e+02,3.880000000000000000e+02,-6.070000000000000000e+02,4.300000000000000000e+01,5.600000000000000000e+01
1.680080654035361528e+09,1.622400000000000000e+04,2.280000000000000000e+02,3.480000000000000000e+02,-6.450000000000000000e+02,3.200000000000000000e+01,5.500000000000000000e+01
1.680080654037703753e+09,1.617600000000000000e+04,2.240000000000000000e+02,3.360000000000000000e+02,-6.440000000000000000e+02,4.900000000000000000e+01,3.200000000000000000e+01
1.680080654039064169e+09,1.612000000000000000e+04,2.440000000000000000e+02,4.920000000000000000e+02,-6.190000000000000000e+02,3.800000000000000000e+01,4.200000000000000000e+01
1.680080654041118145e+09,1.626400000000000000e+04,3.240000000000000000e+02,3.800000000000000000e+02,-6.190000000000000000e+02,4.600000000000000000e+01,3.700000000000000000e+01
1.680080654042528629e+09,1.622000000000000000e+04,3.800000000000000000e+02,3.040000000000000000e+02,-6.410000000000000000e+02,5.900000000000000000e+01,4.100000000000000000e+01
1.680080654044668436e+09,1.621200000000000000e+04,2.760000000000000000e+02,2.160000000000000000e+02,-6.440000000000000000e+02,6.500000000000000000e+01,2.200000000000000000e+01
1.680080654045789957e+09,1.620000000000000000e+04,2.800000000000000000e+02,2.560000000000000000e+02,-6.300000000000000000e+02,6.300000000000000000e+01,1.500000000000000000e+01
1.680080654048042297e+09,1.626800000000000000e+04,3.160000000000000000e+02,2.200000000000000000e+02,-6.500000000000000000e+02,4.300000000000000000e+01,5.200000000000000000e+01
1.680080654049434900e+09,1.626400000000000000e+04,3.080000000000000000e+02,3.280000000000000000e+02,-6.490000000000000000e+02,4.800000000000000000e+01,2.900000000000000000e+01
1.680080654051485777e+09,1.612000000000000000e+04,3.800000000000000000e+02,1.880000000000000000e+02,-6.270000000000000000e+02,4.600000000000000000e+01,2.700000000000000000e+01
1.680080654052725792e+09,1.614800000000000000e+04,2.800000000000000000e+02,2.760000000000000000e+02,-6.130000000000000000e+02,2.800000000000000000e+01,4.300000000000000000e+01
1.680080654054792404e+09,1.618000000000000000e+04,2.840000000000000000e+02,4.240000000000000000e+02,-6.370000000000000000e+02,4.400000000000000000e+01,2.600000000000000000e+01
1.680080654055906773e+09,1.600000000000000000e+04,2.880000000000000000e+02,2.640000000000000000e+02,-6.430000000000000000e+02,2.700000000000000000e+01,2.900000000000000000e+01
1.680080654058350325e+09,1.622800000000000000e+04,2.880000000000000000e+02,2.200000000000000000e+02,-6.320000000000000000e+02,4.600000000000000000e+01,4.700000000000000000e+01
1.680080654059730530e+09,1.619600000000000000e+04,3.000000000000000000e+02,3.080000000000000000e+02,-6.520000000000000000e+02,4.100000000000000000e+01,4.500000000000000000e+01
1.680080654061733007e+09,1.614800000000000000e+04,3.200000000000000000e+02,2.880000000000000000e+02,-6.450000000000000000e+02,3.100000000000000000e+01,2.100000000000000000e+01
1.680080654063023090e+09,1.613200000000000000e+04,3.040000000000000000e+02,2.120000000000000000e+02,-6.200000000000000000e+02,3.500000000000000000e+01,3.800000000000000000e+01
1.680080654065158367e+09,1.616800000000000000e+04,3.640000000000000000e+02,2.520000000000000000e+02,-6.130000000000000000e+02,5.400000000000000000e+01,4.500000000000000000e+01
1.680080654066306591e+09,1.627200000000000000e+04,3.120000000000000000e+02,2.760000000000000000e+02,-6.170000000000000000e+02,5.500000000000000000e+01,3.700000000000000000e+01
1.680080654068441391e+09,1.605200000000000000e+04,2.680000000000000000e+02,2.160000000000000000e+02,-6.240000000000000000e+02,3.700000000000000000e+01,1.200000000000000000e+01
1.680080654069583178e+09,1.619600000000000000e+04,3.000000000000000000e+02,2.560000000000000000e+02,-6.160000000000000000e+02,1.400000000000000000e+01,1.900000000000000000e+01
1.680080654071686506e+09,1.619200000000000000e+04,3.040000000000000000e+02,2.400000000000000000e+02,-6.410000000000000000e+02,4.300000000000000000e+01,3.700000000000000000e+01
1.680080654072805405e+09,1.610000000000000000e+04,3.600000000000000000e+02,2.280000000000000000e+02,-6.430000000000000000e+02,5.600000000000000000e+01,2.500000000000000000e+01
1.680080654075038910e+09,1.612800000000000000e+04,2.560000000000000000e+02,3.000000000000000000e+02,-6.260000000000000000e+02,2.600000000000000000e+01,2.200000000000000000e+01
1.680080654076290369e+09,1.608800000000000000e+04,3.240000000000000000e+02,3.600000000000000000e+02,-6.470000000000000000e+02,4.900000000000000000e+01,3.900000000000000000e+01
1.680080654078490257e+09,1.635600000000000000e+04,3.640000000000000000e+02,4.240000000000000000e+02,-6.070000000000000000e+02,6.000000000000000000e+01,1.800000000000000000e+01
1.680080654079901934e+09,1.624400000000000000e+04,3.000000000000000000e+02,4.320000000000000000e+02,-6.240000000000000000e+02,4.900000000000000000e+01,2.500000000000000000e+01
1.680080654082113743e+09,1.587200000000000000e+04,3.840000000000000000e+02,1.480000000000000000e+02,-6.180000000000000000e+02,5.800000000000000000e+01,4.600000000000000000e+01
1.680080654083269835e+09,1.661600000000000000e+04,4.480000000000000000e+02,4.280000000000000000e+02,-6.330000000000000000e+02,3.800000000000000000e+01,1.400000000000000000e+01
1.680080654085317612e+09,1.589200000000000000e+04,3.440000000000000000e+02,2.760000000000000000e+02,-6.410000000000000000e+02,2.300000000000000000e+01,1.100000000000000000e+01
1.680080654086572647e+09,1.585600000000000000e+04,3.280000000000000000e+02,2.880000000000000000e+02,-6.420000000000000000e+02,6.000000000000000000e+01,3.600000000000000000e+01
1.680080654088756561e+09,1.652800000000000000e+04,2.680000000000000000e+02,2.200000000000000000e+02,-6.340000000000000000e+02,4.900000000000000000e+01,5.100000000000000000e+01
1.680080654090018511e+09,1.610000000000000000e+04,2.920000000000000000e+02,3.560000000000000000e+02,-6.300000000000000000e+02,2.600000000000000000e+01,3.100000000000000000e+01
1.680080654092233419e+09,1.618800000000000000e+04,3.440000000000000000e+02,5.000000000000000000e+02,-6.400000000000000000e+02,5.400000000000000000e+01,3.600000000000000000e+01
1.680080654093524933e+09,1.627600000000000000e+04,2.760000000000000000e+02,3.280000000000000000e+02,-6.310000000000000000e+02,4.300000000000000000e+01,6.000000000000000000e+00
1.680080654095733166e+09,1.597600000000000000e+04,3.720000000000000000e+02,4.680000000000000000e+02,-6.240000000000000000e+02,5.000000000000000000e+01,3.600000000000000000e+01
1.680080654097002029e+09,1.626000000000000000e+04,3.120000000000000000e+02,2.880000000000000000e+02,-6.160000000000000000e+02,6.000000000000000000e+01,3.900000000000000000e+01
1.680080654099191666e+09,1.606800000000000000e+04,3.960000000000000000e+02,2.120000000000000000e+02,-6.340000000000000000e+02,2.100000000000000000e+01,3.700000000000000000e+01
1.680080654100350618e+09,1.618800000000000000e+04,4.440000000000000000e+02,3.280000000000000000e+02,-6.210000000000000000e+02,3.500000000000000000e+01,5.300000000000000000e+01
1.680080654102528811e+09,1.615200000000000000e+04,3.560000000000000000e+02,2.200000000000000000e+02,-6.520000000000000000e+02,3.600000000000000000e+01,4.600000000000000000e+01
1.680080654103712559e+09,1.618400000000000000e+04,3.160000000000000000e+02,4.080000000000000000e+02,-6.420000000000000000e+02,2.500000000000000000e+01,4.300000000000000000e+01
1.680080654105886221e+09,1.612000000000000000e+04,4.200000000000000000e+02,2.720000000000000000e+02,-6.190000000000000000e+02,5.000000000000000000e+01,3.200000000000000000e+01
1.680080654107081175e+09,1.606400000000000000e+04,3.320000000000000000e+02,1.720000000000000000e+02,-6.360000000000000000e+02,6.300000000000000000e+01,3.200000000000000000e+01
1.680080654109336376e+09,1.629600000000000000e+04,3.760000000000000000e+02,2.760000000000000000e+02,-6.300000000000000000e+02,4.400000000000000000e+01,5.600000000000000000e+01
1.680080654110664368e+09,1.625200000000000000e+04,3.280000000000000000e+02,3.760000000000000000e+02,-6.330000000000000000e+02,1.600000000000000000e+01,5.800000000000000000e+01
1.680080654112820387e+09,1.624400000000000000e+04,3.240000000000000000e+02,2.120000000000000000e+02,-6.450000000000000000e+02,5.300000000000000000e+01,4.600000000000000000e+01
1.680080654113913298e+09,1.626400000000000000e+04,3.640000000000000000e+02,2.080000000000000000e+02,-6.440000000000000000e+02,6.200000000000000000e+01,3.600000000000000000e+01
1.680080654116248846e+09,1.608800000000000000e+04,2.760000000000000000e+02,4.520000000000000000e+02,-6.280000000000000000e+02,3.900000000000000000e+01,3.100000000000000000e+01
1.680080654117367983e+09,1.614000000000000000e+04,2.720000000000000000e+02,4.840000000000000000e+02,-6.370000000000000000e+02,2.800000000000000000e+01,5.000000000000000000e+01
1.680080654119484186e+09,1.622400000000000000e+04,3.760000000000000000e+02,2.520000000000000000e+02,-6.500000000000000000e+02,3.500000000000000000e+01,5.300000000000000000e+01
1.680080654121121645e+09,1.610000000000000000e+04,2.600000000000000000e+02,3.040000000000000000e+02,-6.360000000000000000e+02,6.100000000000000000e+01,1.600000000000000000e+01
1.680080654123337746e+09,1.613200000000000000e+04,2.880000000000000000e+02,3.960000000000000000e+02,-6.470000000000000000e+02,7.300000000000000000e+01,3.200000000000000000e+01
1.680080654124460220e+09,1.612000000000000000e+04,2.920000000000000000e+02,3.760000000000000000e+02,-6.310000000000000000e+02,4.300000000000000000e+01,2.500000000000000000e+01
1.680080654126837254e+09,1.620000000000000000e+04,2.640000000000000000e+02,3.560000000000000000e+02,-6.460000000000000000e+02,2.900000000000000000e+01,2.300000000000000000e+01
1.680080654127997875e+09,1.611200000000000000e+04,3.160000000000000000e+02,3.440000000000000000e+02,-6.490000000000000000e+02,4.000000000000000000e+01,2.600000000000000000e+01
1.680080654130100012e+09,1.607600000000000000e+04,1.480000000000000000e+02,3.000000000000000000e+02,-6.420000000000000000e+02,3.300000000000000000e+01,5.800000000000000000e+01
1.680080654131269693e+09,1.617200000000000000e+04,1.960000000000000000e+02,2.880000000000000000e+02,-6.440000000000000000e+02,4.500000000000000000e+01,3.800000000000000000e+01
1.680080654133449316e+09,1.622000000000000000e+04,2.960000000000000000e+02,3.160000000000000000e+02,-6.310000000000000000e+02,5.600000000000000000e+01,2.400000000000000000e+01
1.680080654134745359e+09,1.630800000000000000e+04,2.160000000000000000e+02,4.320000000000000000e+02,-6.400000000000000000e+02,5.500000000000000000e+01,2.500000000000000000e+01
1.680080654137310743e+09,1.609200000000000000e+04,2.680000000000000000e+02,3.560000000000000000e+02,-6.480000000000000000e+02,6.300000000000000000e+01,9.000000000000000000e+00
1.680080654138592958e+09,1.620800000000000000e+04,2.800000000000000000e+02,3.480000000000000000e+02,-6.370000000000000000e+02,4.200000000000000000e+01,2.200000000000000000e+01
1.680080654140856981e+09,1.626000000000000000e+04,2.800000000000000000e+02,3.760000000000000000e+02,-6.430000000000000000e+02,3.400000000000000000e+01,2.500000000000000000e+01
1.680080654142064333e+09,1.620800000000000000e+04,2.680000000000000000e+02,2.400000000000000000e+02,-6.520000000000000000e+02,4.900000000000000000e+01,2.400000000000000000e+01
1.680080654144545555e+09,1.597200000000000000e+04,3.080000000000000000e+02,3.080000000000000000e+02,-6.460000000000000000e+02,-2.000000000000000000e+00,3.400000000000000000e+01
1.680080654145720005e+09,1.704400000000000000e+04,2.960000000000000000e+02,0.000000000000000000e+00,-6.230000000000000000e+02,7.900000000000000000e+01,6.700000000000000000e+01
1.680080654147951126e+09,1.574400000000000000e+04,2.240000000000000000e+02,3.480000000000000000e+02,-6.470000000000000000e+02,3.500000000000000000e+01,1.900000000000000000e+01
1.680080654149293661e+09,1.533200000000000000e+04,4.040000000000000000e+02,3.000000000000000000e+02,-6.400000000000000000e+02,5.500000000000000000e+01,4.700000000000000000e+01
1.680080654151525974e+09,1.651200000000000000e+04,2.320000000000000000e+02,1.520000000000000000e+02,-6.590000000000000000e+02,3.600000000000000000e+01,3.600000000000000000e+01
1.680080654152895689e+09,1.621200000000000000e+04,1.400000000000000000e+02,3.480000000000000000e+02,-6.300000000000000000e+02,2.100000000000000000e+01,1.600000000000000000e+01
1.680080654155072689e+09,1.615200000000000000e+04,1.280000000000000000e+02,4.560000000000000000e+02,-6.280000000000000000e+02,1.200000000000000000e+01,3.100000000000000000e+01
1.680080654156122446e+09,1.584000000000000000e+04,1.840000000000000000e+02,1.520000000000000000e+02,-6.400000000000000000e+02,3.600000000000000000e+01,3.900000000000000000e+01
1.680080654159057140e+09,1.602400000000000000e+04,3.040000000000000000e+02,2.480000000000000000e+02,-6.270000000000000000e+02,6.100000000000000000e+01,3.200000000000000000e+01
1.680080654160527706e+09,1.661200000000000000e+04,3.560000000000000000e+02,4.000000000000000000e+01,-6.370000000000000000e+02,6.600000000000000000e+01,4.500000000000000000e+01
1.680080654163182735e+09,1.601600000000000000e+04,3.040000000000000000e+02,2.440000000000000000e+02,-6.490000000000000000e+02,3.000000000000000000e+01,3.000000000000000000e+00
1.680080654166116714e+09,1.656000000000000000e+04,3.000000000000000000e+02,4.760000000000000000e+02,-6.590000000000000000e+02,3.800000000000000000e+01,6.000000000000000000e+01
1.680080654168290615e+09,1.578800000000000000e+04,3.520000000000000000e+02,1.640000000000000000e+02,-6.380000000000000000e+02,4.600000000000000000e+01,3.200000000000000000e+01
1.680080654169485569e+09,1.608800000000000000e+04,2.480000000000000000e+02,3.920000000000000000e+02,-6.080000000000000000e+02,4.800000000000000000e+01,2.800000000000000000e+01
1.680080654171675682e+09,1.610400000000000000e+04,2.280000000000000000e+02,3.280000000000000000e+02,-6.590000000000000000e+02,5.900000000000000000e+01,1.400000000000000000e+01
1.680080654172990561e+09,1.603200000000000000e+04,3.560000000000000000e+02,3.080000000000000000e+02,-6.620000000000000000e+02,6.500000000000000000e+01,5.000000000000000000e+01
1.680080654175380707e+09,1.618400000000000000e+04,2.480000000000000000e+02,4.320000000000000000e+02,-6.380000000000000000e+02,3.100000000000000000e+01,3.000000000000000000e+01
1.680080654176554918e+09,1.628400000000000000e+04,3.000000000000000000e+02,6.320000000000000000e+02,-6.270000000000000000e+02,5.000000000000000000e+01,1.900000000000000000e+01
1.680080654178803921e+09,1.619200000000000000e+04,3.400000000000000000e+02,4.640000000000000000e+02,-6.410000000000000000e+02,4.000000000000000000e+01,5.100000000000000000e+01
1.680080654180101871e+09,1.615200000000000000e+04,2.320000000000000000e+02,4.240000000000000000e+02,-6.390000000000000000e+02,2.800000000000000000e+01,2.000000000000000000e+01
1.680080654182354927e+09,1.625200000000000000e+04,3.200000000000000000e+02,2.880000000000000000e+02,-6.470000000000000000e+02,3.200000000000000000e+01,3.900000000000000000e+01
1.680080654183626890e+09,1.606800000000000000e+04,3.600000000000000000e+02,1.840000000000000000e+02,-6.380000000000000000e+02,5.800000000000000000e+01,5.700000000000000000e+01
1.680080654185844660e+09,1.612000000000000000e+04,3.680000000000000000e+02,3.560000000000000000e+02,-6.190000000000000000e+02,4.700000000000000000e+01,3.000000000000000000e+01
1.680080654186962605e+09,1.612800000000000000e+04,3.200000000000000000e+02,3.440000000000000000e+02,-6.410000000000000000e+02,5.000000000000000000e+01,1.800000000000000000e+01
1.680080654189161301e+09,1.635200000000000000e+04,3.840000000000000000e+02,4.360000000000000000e+02,-6.580000000000000000e+02,5.700000000000000000e+01,2.700000000000000000e+01
1.680080654190524340e+09,1.613200000000000000e+04,2.800000000000000000e+02,3.680000000000000000e+02,-6.610000000000000000e+02,5.900000000000000000e+01,1.800000000000000000e+01
1.680080654192859650e+09,1.620800000000000000e+04,2.680000000000000000e+02,4.320000000000000000e+02,-6.360000000000000000e+02,1.700000000000000000e+01,3.000000000000000000e+01
1.680080654194114923e+09,1.606400000000000000e+04,2.160000000000000000e+02,3.440000000000000000e+02,-6.400000000000000000e+02,2.500000000000000000e+01,1.900000000000000000e+01
1.680080654196411610e+09,1.600000000000000000e+04,3.840000000000000000e+02,3.520000000000000000e+02,-6.230000000000000000e+02,7.100000000000000000e+01,4.400000000000000000e+01
1.680080654197578430e+09,1.604800000000000000e+04,3.600000000000000000e+02,4.480000000000000000e+02,-6.290000000000000000e+02,2.900000000000000000e+01,4.700000000000000000e+01
1.680080654199722528e+09,1.618000000000000000e+04,3.840000000000000000e+02,3.600000000000000000e+02,-6.510000000000000000e+02,6.100000000000000000e+01,3.000000000000000000e+01
1.680080654201297522e+09,1.619600000000000000e+04,4.360000000000000000e+02,3.760000000000000000e+02,-6.250000000000000000e+02,6.900000000000000000e+01,2.600000000000000000e+01
1.680080654203488111e+09,1.607200000000000000e+04,3.760000000000000000e+02,3.760000000000000000e+02,-6.470000000000000000e+02,5.300000000000000000e+01,4.100000000000000000e+01
1.680080654204676628e+09,1.622400000000000000e+04,4.000000000000000000e+02,2.040000000000000000e+02,-6.270000000000000000e+02,5.600000000000000000e+01,4.400000000000000000e+01
1.680080654206863403e+09,1.612400000000000000e+04,3.360000000000000000e+02,1.600000000000000000e+02,-6.390000000000000000e+02,1.700000000000000000e+01,3.300000000000000000e+01
1.680080654208126068e+09,1.608400000000000000e+04,2.800000000000000000e+02,1.600000000000000000e+02,-6.470000000000000000e+02,5.700000000000000000e+01,4.400000000000000000e+01
1.680080654210535526e+09,1.620400000000000000e+04,3.360000000000000000e+02,1.920000000000000000e+02,-6.250000000000000000e+02,6.300000000000000000e+01,3.500000000000000000e+01
1.680080654211912155e+09,1.610000000000000000e+04,2.120000000000000000e+02,3.560000000000000000e+02,-6.390000000000000000e+02,3.200000000000000000e+01,2.000000000000000000e+01
1.680080654213948727e+09,1.626000000000000000e+04,3.120000000000000000e+02,3.360000000000000000e+02,-6.450000000000000000e+02,5.400000000000000000e+01,3.500000000000000000e+01
1.680080654215383768e+09,1.612000000000000000e+04,3.120000000000000000e+02,5.040000000000000000e+02,-6.400000000000000000e+02,3.700000000000000000e+01,1.300000000000000000e+01
1.680080654217701674e+09,1.621600000000000000e+04,2.920000000000000000e+02,2.800000000000000000e+02,-6.450000000000000000e+02,6.000000000000000000e+01,1.300000000000000000e+01
1.680080654218966961e+09,1.618800000000000000e+04,2.840000000000000000e+02,2.800000000000000000e+02,-6.140000000000000000e+02,4.500000000000000000e+01,2.100000000000000000e+01
1.680080654220996141e+09,1.620800000000000000e+04,2.720000000000000000e+02,4.360000000000000000e+02,-6.270000000000000000e+02,5.400000000000000000e+01,2.800000000000000000e+01
1.680080654222402811e+09,1.618800000000000000e+04,3.840000000000000000e+02,2.480000000000000000e+02,-6.400000000000000000e+02,4.400000000000000000e+01,3.400000000000000000e+01
1.680080654224966049e+09,1.624800000000000000e+04,3.040000000000000000e+02,4.040000000000000000e+02,-6.350000000000000000e+02,3.500000000000000000e+01,3.300000000000000000e+01
1.680080654226715803e+09,1.623600000000000000e+04,2.920000000000000000e+02,2.720000000000000000e+02,-6.380000000000000000e+02,4.700000000000000000e+01,1.700000000000000000e+01
1.680080654229058743e+09,1.628000000000000000e+04,3.280000000000000000e+02,2.480000000000000000e+02,-6.290000000000000000e+02,4.200000000000000000e+01,4.000000000000000000e+01
1.680080654230121613e+09,1.635600000000000000e+04,3.280000000000000000e+02,2.160000000000000000e+02,-6.320000000000000000e+02,5.000000000000000000e+01,5.200000000000000000e+01
1.680080654232322931e+09,1.625200000000000000e+04,2.880000000000000000e+02,3.640000000000000000e+02,-6.370000000000000000e+02,6.400000000000000000e+01,3.500000000000000000e+01
1.680080654233464241e+09,1.626800000000000000e+04,3.720000000000000000e+02,3.280000000000000000e+02,-6.360000000000000000e+02,7.800000000000000000e+01,2.000000000000000000e+01
1.680080654235780716e+09,1.615600000000000000e+04,2.760000000000000000e+02,3.040000000000000000e+02,-6.250000000000000000e+02,3.800000000000000000e+01,1.800000000000000000e+01
1.680080654237147093e+09,1.619600000000000000e+04,2.560000000000000000e+02,2.800000000000000000e+02,-6.110000000000000000e+02,3.500000000000000000e+01,3.300000000000000000e+01
1.680080654239679813e+09,1.604800000000000000e+04,2.120000000000000000e+02,2.640000000000000000e+02,-6.620000000000000000e+02,7.500000000000000000e+01,3.500000000000000000e+01
1.680080654240970612e+09,1.619600000000000000e+04,2.360000000000000000e+02,2.840000000000000000e+02,-6.460000000000000000e+02,5.100000000000000000e+01,4.000000000000000000e+01
1.680080654243501425e+09,1.616400000000000000e+04,2.720000000000000000e+02,2.960000000000000000e+02,-6.350000000000000000e+02,4.700000000000000000e+01,1.100000000000000000e+01
1.680080654244682789e+09,1.627600000000000000e+04,3.120000000000000000e+02,3.480000000000000000e+02,-6.340000000000000000e+02,4.300000000000000000e+01,1.600000000000000000e+01
1.680080654246846437e+09,1.620000000000000000e+04,2.760000000000000000e+02,3.120000000000000000e+02,-6.370000000000000000e+02,6.900000000000000000e+01,2.200000000000000000e+01
1.680080654247992992e+09,1.626800000000000000e+04,2.800000000000000000e+02,3.680000000000000000e+02,-6.340000000000000000e+02,4.600000000000000000e+01,1.700000000000000000e+01
1.680080654250092506e+09,1.636000000000000000e+04,2.600000000000000000e+02,3.000000000000000000e+02,-6.530000000000000000e+02,3.300000000000000000e+01,3.700000000000000000e+01
1.680080654252279282e+09,1.620800000000000000e+04,2.720000000000000000e+02,4.280000000000000000e+02,-6.180000000000000000e+02,5.700000000000000000e+01,3.300000000000000000e+01
1.680080654254596949e+09,1.616400000000000000e+04,3.680000000000000000e+02,3.560000000000000000e+02,-6.380000000000000000e+02,3.800000000000000000e+01,2.800000000000000000e+01
1.680080654256126165e+09,1.614800000000000000e+04,2.560000000000000000e+02,2.720000000000000000e+02,-6.010000000000000000e+02,5.100000000000000000e+01,3.200000000000000000e+01
1.680080654258502483e+09,1.621200000000000000e+04,3.120000000000000000e+02,1.960000000000000000e+02,-6.320000000000000000e+02,3.800000000000000000e+01,1.400000000000000000e+01
1.680080654259577036e+09,1.621600000000000000e+04,3.120000000000000000e+02,3.320000000000000000e+02,-6.390000000000000000e+02,2.500000000000000000e+01,4.600000000000000000e+01
1.680080654261790276e+09,1.620800000000000000e+04,2.600000000000000000e+02,1.560000000000000000e+02,-6.320000000000000000e+02,6.200000000000000000e+01,5.000000000000000000e+01
1.680080654262849569e+09,1.622800000000000000e+04,2.880000000000000000e+02,2.440000000000000000e+02,-6.430000000000000000e+02,6.600000000000000000e+01,4.600000000000000000e+01
1.680080654265187502e+09,1.618000000000000000e+04,2.480000000000000000e+02,2.880000000000000000e+02,-6.530000000000000000e+02,5.000000000000000000e+01,3.200000000000000000e+01
1.680080654266693830e+09,1.616800000000000000e+04,3.080000000000000000e+02,2.040000000000000000e+02,-6.380000000000000000e+02,5.400000000000000000e+01,5.200000000000000000e+01
1.680080654269259453e+09,1.620800000000000000e+04,2.440000000000000000e+02,4.000000000000000000e+02,-6.220000000000000000e+02,5.100000000000000000e+01,1.900000000000000000e+01
1.680080654270500898e+09,1.615200000000000000e+04,2.880000000000000000e+02,2.920000000000000000e+02,-6.440000000000000000e+02,3.400000000000000000e+01,3.900000000000000000e+01
1.680080654272663116e+09,1.614400000000000000e+04,3.200000000000000000e+02,2.760000000000000000e+02,-6.430000000000000000e+02,3.800000000000000000e+01,5.500000000000000000e+01
1.680080654273865223e+09,1.605600000000000000e+04,3.120000000000000000e+02,2.440000000000000000e+02,-6.390000000000000000e+02,4.900000000000000000e+01,2.100000000000000000e+01
1.680080654275994539e+09,1.615200000000000000e+04,3.240000000000000000e+02,2.800000000000000000e+02,-6.320000000000000000e+02,6.500000000000000000e+01,4.200000000000000000e+01
1.680080654277244329e+09,1.618400000000000000e+04,2.920000000000000000e+02,3.240000000000000000e+02,-6.200000000000000000e+02,2.200000000000000000e+01,4.000000000000000000e+01
1.680080654279378176e+09,1.610400000000000000e+04,2.720000000000000000e+02,3.960000000000000000e+02,-6.420000000000000000e+02,2.600000000000000000e+01,5.200000000000000000e+01
1.680080654280639887e+09,1.613200000000000000e+04,3.440000000000000000e+02,3.560000000000000000e+02,-6.390000000000000000e+02,2.600000000000000000e+01,3.500000000000000000e+01
1.680080654282726049e+09,1.610000000000000000e+04,2.840000000000000000e+02,2.800000000000000000e+02,-6.350000000000000000e+02,6.800000000000000000e+01,2.500000000000000000e+01
1.680080654283973455e+09,1.611600000000000000e+04,3.120000000000000000e+02,3.360000000000000000e+02,-6.310000000000000000e+02,5.600000000000000000e+01,2.100000000000000000e+01
1.680080654286065340e+09,1.612000000000000000e+04,2.920000000000000000e+02,4.160000000000000000e+02,-6.250000000000000000e+02,4.700000000000000000e+01,3.700000000000000000e+01
1.680080654287572622e+09,1.627600000000000000e+04,3.240000000000000000e+02,3.680000000000000000e+02,-6.430000000000000000e+02,3.700000000000000000e+01,4.600000000000000000e+01
1.680080654289902449e+09,1.620800000000000000e+04,3.640000000000000000e+02,3.000000000000000000e+02,-6.350000000000000000e+02,4.900000000000000000e+01,4.800000000000000000e+01
1.680080654291393280e+09,1.616800000000000000e+04,2.960000000000000000e+02,2.880000000000000000e+02,-6.360000000000000000e+02,5.200000000000000000e+01,1.600000000000000000e+01
1.680080654293649673e+09,1.620400000000000000e+04,2.240000000000000000e+02,2.560000000000000000e+02,-6.470000000000000000e+02,3.800000000000000000e+01,3.500000000000000000e+01
1.680080654294744015e+09,1.623600000000000000e+04,3.680000000000000000e+02,3.080000000000000000e+02,-6.330000000000000000e+02,3.000000000000000000e+01,1.100000000000000000e+01
1.680080654296930790e+09,1.620800000000000000e+04,2.640000000000000000e+02,3.800000000000000000e+02,-6.380000000000000000e+02,4.300000000000000000e+01,4.100000000000000000e+01
1.680080654298365355e+09,1.620800000000000000e+04,3.520000000000000000e+02,3.480000000000000000e+02,-6.300000000000000000e+02,5.700000000000000000e+01,6.200000000000000000e+01
1.680080654300537586e+09,1.603600000000000000e+04,2.880000000000000000e+02,2.280000000000000000e+02,-6.410000000000000000e+02,4.300000000000000000e+01,4.900000000000000000e+01
1.680080654301914215e+09,1.614000000000000000e+04,2.880000000000000000e+02,2.760000000000000000e+02,-6.380000000000000000e+02,3.400000000000000000e+01,5.400000000000000000e+01
1.680080654304237127e+09,1.620400000000000000e+04,3.760000000000000000e+02,2.640000000000000000e+02,-6.470000000000000000e+02,4.900000000000000000e+01,3.200000000000000000e+01
1.680080654305575609e+09,1.616400000000000000e+04,2.880000000000000000e+02,3.440000000000000000e+02,-6.370000000000000000e+02,3.900000000000000000e+01,2.100000000000000000e+01
1.680080654307813883e+09,1.617600000000000000e+04,3.080000000000000000e+02,4.600000000000000000e+02,-6.440000000000000000e+02,4.200000000000000000e+01,3.800000000000000000e+01
1.680080654309228182e+09,1.614800000000000000e+04,3.320000000000000000e+02,2.320000000000000000e+02,-6.310000000000000000e+02,3.200000000000000000e+01,2.500000000000000000e+01
1.680080654311338663e+09,1.613200000000000000e+04,2.560000000000000000e+02,2.960000000000000000e+02,-6.780000000000000000e+02,4.400000000000000000e+01,3.900000000000000000e+01
1.680080654312737226e+09,1.619600000000000000e+04,2.800000000000000000e+02,3.080000000000000000e+02,-6.330000000000000000e+02,5.400000000000000000e+01,5.200000000000000000e+01
1.680080654314898491e+09,1.619200000000000000e+04,2.760000000000000000e+02,3.080000000000000000e+02,-6.550000000000000000e+02,5.500000000000000000e+01,4.700000000000000000e+01
1.680080654316145420e+09,1.611600000000000000e+04,3.200000000000000000e+02,4.440000000000000000e+02,-6.450000000000000000e+02,2.700000000000000000e+01,4.800000000000000000e+01
1.680080654318419456e+09,1.620400000000000000e+04,2.600000000000000000e+02,2.160000000000000000e+02,-6.560000000000000000e+02,4.600000000000000000e+01,2.200000000000000000e+01
1.680080654319563866e+09,1.619200000000000000e+04,3.720000000000000000e+02,2.360000000000000000e+02,-6.510000000000000000e+02,7.800000000000000000e+01,1.700000000000000000e+01
1.680080654321956158e+09,1.625200000000000000e+04,2.600000000000000000e+02,1.880000000000000000e+02,-6.370000000000000000e+02,4.200000000000000000e+01,2.000000000000000000e+01
1.680080654323292494e+09,1.614400000000000000e+04,2.040000000000000000e+02,2.400000000000000000e+02,-6.300000000000000000e+02,5.800000000000000000e+01,3.300000000000000000e+01
1.680080654325462103e+09,1.624400000000000000e+04,2.000000000000000000e+02,3.200000000000000000e+02,-6.230000000000000000e+02,4.100000000000000000e+01,2.800000000000000000e+01
1.680080654326636791e+09,1.612000000000000000e+04,2.520000000000000000e+02,3.440000000000000000e+02,-6.540000000000000000e+02,4.300000000000000000e+01,3.000000000000000000e+01
1.680080654328876972e+09,1.625600000000000000e+04,2.560000000000000000e+02,2.720000000000000000e+02,-6.370000000000000000e+02,5.200000000000000000e+01,4.300000000000000000e+01
1.680080654330407858e+09,1.623200000000000000e+04,2.640000000000000000e+02,2.200000000000000000e+02,-6.230000000000000000e+02,2.700000000000000000e+01,2.900000000000000000e+01
1.680080654332884789e+09,1.623200000000000000e+04,2.640000000000000000e+02,3.800000000000000000e+02,-6.370000000000000000e+02,4.000000000000000000e+01,2.800000000000000000e+01
1.680080654334132910e+09,1.621200000000000000e+04,3.440000000000000000e+02,5.120000000000000000e+02,-6.300000000000000000e+02,2.500000000000000000e+01,2.800000000000000000e+01
1.680080654336214066e+09,1.617200000000000000e+04,2.160000000000000000e+02,1.960000000000000000e+02,-6.400000000000000000e+02,2.400000000000000000e+01,7.000000000000000000e+00
1.680080654337783337e+09,1.628800000000000000e+04,2.200000000000000000e+02,2.160000000000000000e+02,-6.410000000000000000e+02,6.100000000000000000e+01,2.300000000000000000e+01
1.680080654340095282e+09,1.614000000000000000e+04,3.040000000000000000e+02,3.600000000000000000e+02,-6.260000000000000000e+02,4.500000000000000000e+01,3.800000000000000000e+01
1.680080654341247559e+09,1.620800000000000000e+04,3.840000000000000000e+02,2.440000000000000000e+02,-6.260000000000000000e+02,3.500000000000000000e+01,4.700000000000000000e+01
1.680080654343414783e+09,1.627600000000000000e+04,3.320000000000000000e+02,3.200000000000000000e+02,-6.320000000000000000e+02,3.600000000000000000e+01,3.200000000000000000e+01
1.680080654344686031e+09,1.625200000000000000e+04,3.640000000000000000e+02,2.720000000000000000e+02,-6.330000000000000000e+02,4.200000000000000000e+01,1.700000000000000000e+01
1.680080654346852779e+09,1.630000000000000000e+04,3.760000000000000000e+02,2.880000000000000000e+02,-6.540000000000000000e+02,3.500000000000000000e+01,5.200000000000000000e+01
1.680080654348310471e+09,1.614400000000000000e+04,3.280000000000000000e+02,2.680000000000000000e+02,-6.390000000000000000e+02,4.600000000000000000e+01,5.800000000000000000e+01
1.680080654350645065e+09,1.631200000000000000e+04,2.520000000000000000e+02,2.720000000000000000e+02,-6.450000000000000000e+02,6.400000000000000000e+01,2.600000000000000000e+01
1.680080654351757288e+09,1.622400000000000000e+04,3.640000000000000000e+02,3.520000000000000000e+02,-6.290000000000000000e+02,6.500000000000000000e+01,2.000000000000000000e+01
1.680080654353953838e+09,1.610400000000000000e+04,2.840000000000000000e+02,2.920000000000000000e+02,-6.480000000000000000e+02,3.700000000000000000e+01,2.000000000000000000e+01
1.680080654355319262e+09,1.622800000000000000e+04,2.560000000000000000e+02,1.880000000000000000e+02,-6.320000000000000000e+02,3.700000000000000000e+01,2.300000000000000000e+01
1.680080654357433319e+09,1.629600000000000000e+04,2.080000000000000000e+02,3.080000000000000000e+02,-6.230000000000000000e+02,4.900000000000000000e+01,2.800000000000000000e+01
1.680080654358522415e+09,1.618000000000000000e+04,2.520000000000000000e+02,3.760000000000000000e+02,-6.370000000000000000e+02,4.200000000000000000e+01,4.000000000000000000e+01
1.680080654360782146e+09,1.617600000000000000e+04,3.200000000000000000e+02,4.840000000000000000e+02,-6.600000000000000000e+02,5.600000000000000000e+01,3.300000000000000000e+01
1.680080654361959457e+09,1.626400000000000000e+04,3.160000000000000000e+02,3.080000000000000000e+02,-6.290000000000000000e+02,4.200000000000000000e+01,1.100000000000000000e+01
1.680080654364053965e+09,1.624400000000000000e+04,3.160000000000000000e+02,3.200000000000000000e+02,-6.120000000000000000e+02,4.900000000000000000e+01,2.900000000000000000e+01
1.680080654365235567e+09,1.617600000000000000e+04,2.920000000000000000e+02,3.920000000000000000e+02,-6.350000000000000000e+02,6.900000000000000000e+01,3.200000000000000000e+01
1.680080654367475986e+09,1.612400000000000000e+04,2.480000000000000000e+02,2.000000000000000000e+02,-6.450000000000000000e+02,3.000000000000000000e+01,2.900000000000000000e+01
1.680080654368555307e+09,1.617200000000000000e+04,3.000000000000000000e+02,2.000000000000000000e+02,-6.520000000000000000e+02,3.400000000000000000e+01,4.800000000000000000e+01
1.680080654370871782e+09,1.619600000000000000e+04,3.840000000000000000e+02,4.080000000000000000e+02,-6.220000000000000000e+02,4.500000000000000000e+01,3.000000000000000000e+01
1.680080654372055769e+09,1.620000000000000000e+04,3.280000000000000000e+02,3.800000000000000000e+02,-6.230000000000000000e+02,4.500000000000000000e+01,2.600000000000000000e+01
1.680080654374187469e+09,1.612800000000000000e+04,3.000000000000000000e+02,3.000000000000000000e+02,-6.270000000000000000e+02,5.500000000000000000e+01,2.000000000000000000e+01
1.680080654375343800e+09,1.611200000000000000e+04,3.280000000000000000e+02,3.320000000000000000e+02,-6.330000000000000000e+02,4.200000000000000000e+01,1.300000000000000000e+01
1.680080654377508879e+09,1.616800000000000000e+04,2.120000000000000000e+02,3.840000000000000000e+02,-6.350000000000000000e+02,5.600000000000000000e+01,3.600000000000000000e+01
1.680080654378608704e+09,1.614800000000000000e+04,2.680000000000000000e+02,3.560000000000000000e+02,-6.480000000000000000e+02,3.600000000000000000e+01,1.800000000000000000e+01
1.680080654380904436e+09,1.612800000000000000e+04,3.200000000000000000e+02,2.320000000000000000e+02,-6.410000000000000000e+02,4.500000000000000000e+01,3.100000000000000000e+01
1.680080654382223606e+09,1.619200000000000000e+04,3.680000000000000000e+02,3.280000000000000000e+02,-6.390000000000000000e+02,5.100000000000000000e+01,4.000000000000000000e+01
1.680080654384337425e+09,1.614000000000000000e+04,2.600000000000000000e+02,2.040000000000000000e+02,-6.200000000000000000e+02,3.900000000000000000e+01,4.800000000000000000e+01
1.680080654385570526e+09,1.613600000000000000e+04,3.120000000000000000e+02,2.040000000000000000e+02,-6.220000000000000000e+02,3.600000000000000000e+01,5.700000000000000000e+01
1.680080654387729645e+09,1.627200000000000000e+04,3.240000000000000000e+02,3.080000000000000000e+02,-6.510000000000000000e+02,4.000000000000000000e+01,1.400000000000000000e+01
1.680080654389036894e+09,1.622000000000000000e+04,4.520000000000000000e+02,3.200000000000000000e+02,-6.440000000000000000e+02,2.500000000000000000e+01,1.700000000000000000e+01
1.680080654391257048e+09,1.614400000000000000e+04,4.280000000000000000e+02,3.360000000000000000e+02,-6.440000000000000000e+02,6.000000000000000000e+01,5.500000000000000000e+01
1.680080654392392159e+09,1.614800000000000000e+04,3.240000000000000000e+02,3.800000000000000000e+02,-6.390000000000000000e+02,4.000000000000000000e+01,4.900000000000000000e+01
1.680080654394627094e+09,1.610800000000000000e+04,3.320000000000000000e+02,3.400000000000000000e+02,-6.480000000000000000e+02,5.700000000000000000e+01,2.200000000000000000e+01
1.680080654395897388e+09,1.615200000000000000e+04,3.240000000000000000e+02,1.720000000000000000e+02,-6.340000000000000000e+02,6.600000000000000000e+01,3.700000000000000000e+01
1.680080654398370504e+09,1.630800000000000000e+04,2.960000000000000000e+02,4.280000000000000000e+02,-6.380000000000000000e+02,3.800000000000000000e+01,3.900000000000000000e+01
1.680080654399497271e+09,1.627600000000000000e+04,3.440000000000000000e+02,3.320000000000000000e+02,-6.450000000000000000e+02,2.900000000000000000e+01,3.600000000000000000e+01
1.680080654401771784e+09,1.615200000000000000e+04,2.840000000000000000e+02,2.600000000000000000e+02,-6.220000000000000000e+02,3.400000000000000000e+01,1.700000000000000000e+01
1.680080654402869463e+09,1.621200000000000000e+04,2.720000000000000000e+02,2.920000000000000000e+02,-6.320000000000000000e+02,4.800000000000000000e+01,2.100000000000000000e+01
1.680080654405007124e+09,1.622400000000000000e+04,3.200000000000000000e+02,3.800000000000000000e+02,-6.490000000000000000e+02,4.800000000000000000e+01,4.200000000000000000e+01
1.680080654406134129e+09,1.626400000000000000e+04,2.960000000000000000e+02,2.040000000000000000e+02,-6.310000000000000000e+02,3.900000000000000000e+01,2.600000000000000000e+01
1.680080654408317089e+09,1.617200000000000000e+04,3.920000000000000000e+02,3.240000000000000000e+02,-6.440000000000000000e+02,6.400000000000000000e+01,3.200000000000000000e+01
1.680080654409493923e+09,1.623200000000000000e+04,3.160000000000000000e+02,3.040000000000000000e+02,-6.310000000000000000e+02,5.000000000000000000e+01,2.900000000000000000e+01
1.680080654411728621e+09,1.607600000000000000e+04,3.080000000000000000e+02,1.960000000000000000e+02,-6.470000000000000000e+02,5.300000000000000000e+01,3.300000000000000000e+01
1.680080654413220406e+09,1.622400000000000000e+04,2.760000000000000000e+02,4.440000000000000000e+02,-6.330000000000000000e+02,3.700000000000000000e+01,5.300000000000000000e+01
1.680080654415408134e+09,1.618800000000000000e+04,2.800000000000000000e+02,2.400000000000000000e+02,-6.430000000000000000e+02,7.400000000000000000e+01,3.700000000000000000e+01
1.680080654416672707e+09,1.617600000000000000e+04,2.360000000000000000e+02,2.320000000000000000e+02,-6.370000000000000000e+02,4.200000000000000000e+01,3.700000000000000000e+01
1.680080654418892622e+09,1.611600000000000000e+04,2.240000000000000000e+02,2.960000000000000000e+02,-6.390000000000000000e+02,6.500000000000000000e+01,4.100000000000000000e+01
1.680080654419980288e+09,1.616800000000000000e+04,2.440000000000000000e+02,1.400000000000000000e+02,-6.570000000000000000e+02,7.400000000000000000e+01,2.800000000000000000e+01
1.680080654422152042e+09,1.616400000000000000e+04,2.720000000000000000e+02,3.440000000000000000e+02,-6.350000000000000000e+02,3.700000000000000000e+01,3.600000000000000000e+01
1.680080654423500061e+09,1.626400000000000000e+04,2.840000000000000000e+02,2.360000000000000000e+02,-6.440000000000000000e+02,3.300000000000000000e+01,4.200000000000000000e+01
1.680080654425584555e+09,1.611600000000000000e+04,2.840000000000000000e+02,3.880000000000000000e+02,-6.520000000000000000e+02,3.100000000000000000e+01,1.200000000000000000e+01
1.680080654426674604e+09,1.619600000000000000e+04,2.080000000000000000e+02,4.040000000000000000e+02,-6.270000000000000000e+02,3.600000000000000000e+01,3.500000000000000000e+01
1.680080654428934097e+09,1.622800000000000000e+04,3.400000000000000000e+02,3.040000000000000000e+02,-6.590000000000000000e+02,6.100000000000000000e+01,3.500000000000000000e+01
1.680080654430081367e+09,1.621200000000000000e+04,2.520000000000000000e+02,4.720000000000000000e+02,-6.550000000000000000e+02,5.900000000000000000e+01,4.400000000000000000e+01
1.680080654432554007e+09,1.609600000000000000e+04,2.000000000000000000e+02,4.160000000000000000e+02,-6.510000000000000000e+02,3.400000000000000000e+01,4.600000000000000000e+01
1.680080654433734417e+09,1.619200000000000000e+04,2.480000000000000000e+02,2.960000000000000000e+02,-6.270000000000000000e+02,4.400000000000000000e+01,4.300000000000000000e+01
1.680080654435874701e+09,1.612400000000000000e+04,2.080000000000000000e+02,2.720000000000000000e+02,-6.410000000000000000e+02,3.500000000000000000e+01,2.200000000000000000e+01
1.680080654436996698e+09,1.610800000000000000e+04,2.680000000000000000e+02,3.400000000000000000e+02,-6.420000000000000000e+02,2.200000000000000000e+01,2.600000000000000000e+01
1.680080654439163923e+09,1.620800000000000000e+04,3.000000000000000000e+02,4.400000000000000000e+02,-6.320000000000000000e+02,2.400000000000000000e+01,3.300000000000000000e+01
1.680080654440508127e+09,1.614400000000000000e+04,2.440000000000000000e+02,4.120000000000000000e+02,-6.420000000000000000e+02,4.300000000000000000e+01,3.800000000000000000e+01
1.680080654442635536e+09,1.612800000000000000e+04,2.280000000000000000e+02,3.240000000000000000e+02,-6.270000000000000000e+02,4.900000000000000000e+01,2.100000000000000000e+01
1.680080654443861246e+09,1.612400000000000000e+04,2.920000000000000000e+02,3.760000000000000000e+02,-6.260000000000000000e+02,5.400000000000000000e+01,4.900000000000000000e+01
1.680080654445928335e+09,1.619600000000000000e+04,2.360000000000000000e+02,3.920000000000000000e+02,-6.400000000000000000e+02,3.200000000000000000e+01,2.900000000000000000e+01
1.680080654447211504e+09,1.608000000000000000e+04,1.800000000000000000e+02,2.880000000000000000e+02,-6.480000000000000000e+02,3.200000000000000000e+01,3.300000000000000000e+01
1.680080654449893475e+09,1.618400000000000000e+04,3.280000000000000000e+02,3.800000000000000000e+02,-6.180000000000000000e+02,5.600000000000000000e+01,4.300000000000000000e+01
1.680080654451087952e+09,1.616400000000000000e+04,3.240000000000000000e+02,2.880000000000000000e+02,-6.380000000000000000e+02,5.700000000000000000e+01,2.600000000000000000e+01
1.680080654453182459e+09,1.611600000000000000e+04,2.320000000000000000e+02,2.920000000000000000e+02,-6.370000000000000000e+02,4.100000000000000000e+01,3.200000000000000000e+01
1.680080654454530001e+09,1.624800000000000000e+04,2.320000000000000000e+02,3.040000000000000000e+02,-6.310000000000000000e+02,5.700000000000000000e+01,2.700000000000000000e+01
1.680080654456717730e+09,1.617600000000000000e+04,2.200000000000000000e+02,3.280000000000000000e+02,-6.440000000000000000e+02,5.200000000000000000e+01,3.700000000000000000e+01
1.680080654457931519e+09,1.616400000000000000e+04,1.960000000000000000e+02,2.200000000000000000e+02,-6.220000000000000000e+02,4.200000000000000000e+01,1.900000000000000000e+01
1.680080654460239410e+09,1.616400000000000000e+04,3.560000000000000000e+02,3.160000000000000000e+02,-6.450000000000000000e+02,5.100000000000000000e+01,3.700000000000000000e+01
1.680080654461348057e+09,1.621600000000000000e+04,2.600000000000000000e+02,2.560000000000000000e+02,-6.310000000000000000e+02,7.300000000000000000e+01,3.400000000000000000e+01
1.680080654463450432e+09,1.624000000000000000e+04,3.760000000000000000e+02,3.000000000000000000e+02,-6.380000000000000000e+02,4.800000000000000000e+01,6.000000000000000000e+00
1.680080654464586496e+09,1.615600000000000000e+04,3.440000000000000000e+02,2.720000000000000000e+02,-6.440000000000000000e+02,3.000000000000000000e+01,2.200000000000000000e+01
1.680080654466770172e+09,1.612400000000000000e+04,3.240000000000000000e+02,3.320000000000000000e+02,-6.350000000000000000e+02,2.500000000000000000e+01,3.000000000000000000e+01
1.680080654468064070e+09,1.614400000000000000e+04,3.320000000000000000e+02,2.520000000000000000e+02,-6.450000000000000000e+02,5.300000000000000000e+01,2.500000000000000000e+01
1.680080654470368624e+09,1.612800000000000000e+04,3.360000000000000000e+02,3.360000000000000000e+02,-6.210000000000000000e+02,4.200000000000000000e+01,1.700000000000000000e+01
1.680080654471863031e+09,1.622800000000000000e+04,2.760000000000000000e+02,3.320000000000000000e+02,-6.400000000000000000e+02,4.200000000000000000e+01,1.200000000000000000e+01
1.680080654475073338e+09,1.625200000000000000e+04,3.080000000000000000e+02,4.120000000000000000e+02,-6.530000000000000000e+02,4.300000000000000000e+01,1.900000000000000000e+01
1.680080654476300001e+09,1.618400000000000000e+04,3.240000000000000000e+02,4.120000000000000000e+02,-6.420000000000000000e+02,3.700000000000000000e+01,3.600000000000000000e+01
1.680080654478637457e+09,1.623200000000000000e+04,2.840000000000000000e+02,2.400000000000000000e+02,-6.290000000000000000e+02,4.800000000000000000e+01,5.400000000000000000e+01
1.680080654479902506e+09,1.623600000000000000e+04,2.560000000000000000e+02,2.440000000000000000e+02,-6.050000000000000000e+02,3.900000000000000000e+01,3.900000000000000000e+01
1.680080654482171535e+09,1.622000000000000000e+04,3.000000000000000000e+02,3.560000000000000000e+02,-6.570000000000000000e+02,7.800000000000000000e+01,4.300000000000000000e+01
1.680080654483294249e+09,1.618000000000000000e+04,2.640000000000000000e+02,3.800000000000000000e+02,-6.380000000000000000e+02,5.400000000000000000e+01,4.100000000000000000e+01
1.680080654485401630e+09,1.610400000000000000e+04,4.440000000000000000e+02,2.360000000000000000e+02,-6.340000000000000000e+02,5.700000000000000000e+01,2.900000000000000000e+01
1.680080654486576557e+09,1.606800000000000000e+04,3.840000000000000000e+02,3.080000000000000000e+02,-6.430000000000000000e+02,5.500000000000000000e+01,3.700000000000000000e+01
1.680080654488758087e+09,1.612800000000000000e+04,4.000000000000000000e+02,3.480000000000000000e+02,-6.310000000000000000e+02,4.300000000000000000e+01,3.600000000000000000e+01
1.680080654490182400e+09,1.610800000000000000e+04,3.520000000000000000e+02,3.720000000000000000e+02,-6.240000000000000000e+02,5.200000000000000000e+01,5.300000000000000000e+01
1.680080654492655516e+09,1.622400000000000000e+04,3.520000000000000000e+02,3.880000000000000000e+02,-6.320000000000000000e+02,2.200000000000000000e+01,3.000000000000000000e+00
1.680080654493731499e+09,1.611200000000000000e+04,3.160000000000000000e+02,3.040000000000000000e+02,-6.440000000000000000e+02,3.300000000000000000e+01,1.800000000000000000e+01
1.680080654495854855e+09,1.611200000000000000e+04,2.920000000000000000e+02,3.680000000000000000e+02,-6.660000000000000000e+02,7.000000000000000000e+01,4.700000000000000000e+01
1.680080654497430563e+09,1.624400000000000000e+04,3.720000000000000000e+02,2.560000000000000000e+02,-6.640000000000000000e+02,6.500000000000000000e+01,2.900000000000000000e+01
1.680080654499783516e+09,1.630400000000000000e+04,3.520000000000000000e+02,3.800000000000000000e+02,-6.080000000000000000e+02,5.000000000000000000e+01,3.600000000000000000e+01
1.680080654500875473e+09,1.613200000000000000e+04,3.040000000000000000e+02,4.120000000000000000e+02,-6.210000000000000000e+02,2.500000000000000000e+01,4.000000000000000000e+01
1.680080654503305435e+09,1.617200000000000000e+04,3.280000000000000000e+02,3.160000000000000000e+02,-6.510000000000000000e+02,3.500000000000000000e+01,2.200000000000000000e+01
1.680080654504482985e+09,1.621200000000000000e+04,2.720000000000000000e+02,2.840000000000000000e+02,-6.510000000000000000e+02,5.900000000000000000e+01,4.600000000000000000e+01
1.680080654506730318e+09,1.626000000000000000e+04,4.160000000000000000e+02,2.160000000000000000e+02,-6.340000000000000000e+02,3.400000000000000000e+01,3.800000000000000000e+01
1.680080654507926464e+09,1.615200000000000000e+04,3.400000000000000000e+02,2.360000000000000000e+02,-6.300000000000000000e+02,4.100000000000000000e+01,1.300000000000000000e+01
1.680080654510072470e+09,1.620400000000000000e+04,2.960000000000000000e+02,2.760000000000000000e+02,-6.290000000000000000e+02,5.200000000000000000e+01,3.300000000000000000e+01
1.680080654511497259e+09,1.627600000000000000e+04,3.400000000000000000e+02,3.440000000000000000e+02,-6.500000000000000000e+02,4.800000000000000000e+01,4.300000000000000000e+01
1.680080654513589144e+09,1.609600000000000000e+04,2.880000000000000000e+02,3.040000000000000000e+02,-6.330000000000000000e+02,5.700000000000000000e+01,2.800000000000000000e+01
1.680080654514976740e+09,1.615600000000000000e+04,3.880000000000000000e+02,3.560000000000000000e+02,-6.240000000000000000e+02,5.200000000000000000e+01,1.300000000000000000e+01
1.680080654517204046e+09,1.631600000000000000e+04,3.040000000000000000e+02,1.960000000000000000e+02,-6.370000000000000000e+02,4.100000000000000000e+01,6.600000000000000000e+01
1.680080654518356562e+09,1.622400000000000000e+04,2.480000000000000000e+02,2.920000000000000000e+02,-6.160000000000000000e+02,3.100000000000000000e+01,3.400000000000000000e+01
1.680080654520509243e+09,1.607600000000000000e+04,3.600000000000000000e+02,3.040000000000000000e+02,-6.280000000000000000e+02,4.100000000000000000e+01,1.800000000000000000e+01
1.680080654521741629e+09,1.617600000000000000e+04,3.160000000000000000e+02,3.480000000000000000e+02,-6.210000000000000000e+02,4.600000000000000000e+01,3.200000000000000000e+01
1.680080654524025440e+09,1.621200000000000000e+04,3.320000000000000000e+02,1.960000000000000000e+02,-6.570000000000000000e+02,4.300000000000000000e+01,1.400000000000000000e+01
1.680080654525358677e+09,1.616000000000000000e+04,2.160000000000000000e+02,3.040000000000000000e+02,-6.510000000000000000e+02,4.600000000000000000e+01,1.000000000000000000e+01
1.680080654527536154e+09,1.629200000000000000e+04,2.960000000000000000e+02,3.320000000000000000e+02,-6.290000000000000000e+02,4.700000000000000000e+01,1.900000000000000000e+01
1.680080654528682470e+09,1.625600000000000000e+04,2.280000000000000000e+02,3.080000000000000000e+02,-6.420000000000000000e+02,3.500000000000000000e+01,4.700000000000000000e+01
1.680080654530866861e+09,1.626000000000000000e+04,2.640000000000000000e+02,2.240000000000000000e+02,-6.360000000000000000e+02,3.600000000000000000e+01,4.500000000000000000e+01
1.680080654531950951e+09,1.618000000000000000e+04,2.080000000000000000e+02,3.800000000000000000e+02,-6.190000000000000000e+02,4.200000000000000000e+01,2.000000000000000000e+01
1.680080654534276247e+09,1.626800000000000000e+04,2.680000000000000000e+02,3.080000000000000000e+02,-6.310000000000000000e+02,5.500000000000000000e+01,3.000000000000000000e+01
1.680080654535521269e+09,1.621600000000000000e+04,2.680000000000000000e+02,3.800000000000000000e+02,-6.410000000000000000e+02,3.800000000000000000e+01,3.100000000000000000e+01
1.680080654538005590e+09,1.614400000000000000e+04,3.160000000000000000e+02,3.520000000000000000e+02,-6.290000000000000000e+02,4.600000000000000000e+01,2.900000000000000000e+01
1.680080654539731026e+09,1.616400000000000000e+04,3.160000000000000000e+02,4.040000000000000000e+02,-6.400000000000000000e+02,4.400000000000000000e+01,2.900000000000000000e+01
1.680080654541987419e+09,1.626800000000000000e+04,2.400000000000000000e+02,3.720000000000000000e+02,-6.290000000000000000e+02,5.200000000000000000e+01,6.300000000000000000e+01
1.680080654543069839e+09,1.619600000000000000e+04,2.560000000000000000e+02,3.200000000000000000e+02,-6.330000000000000000e+02,6.200000000000000000e+01,4.000000000000000000e+01
1.680080654545433044e+09,1.618800000000000000e+04,2.520000000000000000e+02,3.120000000000000000e+02,-6.280000000000000000e+02,7.100000000000000000e+01,5.200000000000000000e+01
1.680080654546645641e+09,1.613600000000000000e+04,2.720000000000000000e+02,3.560000000000000000e+02,-6.290000000000000000e+02,6.200000000000000000e+01,5.500000000000000000e+01
1.680080654549679041e+09,1.617600000000000000e+04,2.600000000000000000e+02,3.080000000000000000e+02,-6.110000000000000000e+02,4.000000000000000000e+01,1.300000000000000000e+01
1.680080654551651478e+09,1.624800000000000000e+04,2.240000000000000000e+02,3.520000000000000000e+02,-6.260000000000000000e+02,5.300000000000000000e+01,3.700000000000000000e+01
1.680080654553902626e+09,1.617200000000000000e+04,2.240000000000000000e+02,3.040000000000000000e+02,-6.210000000000000000e+02,2.500000000000000000e+01,3.200000000000000000e+01
1.680080654555082083e+09,1.614400000000000000e+04,2.240000000000000000e+02,3.760000000000000000e+02,-6.180000000000000000e+02,4.600000000000000000e+01,3.700000000000000000e+01
1.680080654557292700e+09,1.624000000000000000e+04,2.640000000000000000e+02,4.080000000000000000e+02,-6.270000000000000000e+02,3.700000000000000000e+01,3.000000000000000000e+01
1.680080654558580160e+09,1.625200000000000000e+04,2.920000000000000000e+02,3.280000000000000000e+02,-6.550000000000000000e+02,4.800000000000000000e+01,3.500000000000000000e+01
1.680080654561082363e+09,1.618400000000000000e+04,2.680000000000000000e+02,3.640000000000000000e+02,-6.430000000000000000e+02,4.400000000000000000e+01,3.400000000000000000e+01
1.680080654562407255e+09,1.608000000000000000e+04,2.320000000000000000e+02,3.600000000000000000e+02,-6.300000000000000000e+02,5.100000000000000000e+01,2.900000000000000000e+01
1.680080654564677715e+09,1.622000000000000000e+04,3.120000000000000000e+02,3.320000000000000000e+02,-6.570000000000000000e+02,4.000000000000000000e+01,4.200000000000000000e+01
1.680080654565914392e+09,1.618800000000000000e+04,4.280000000000000000e+02,3.000000000000000000e+02,-6.520000000000000000e+02,4.400000000000000000e+01,3.300000000000000000e+01
1.680080654568334818e+09,1.617200000000000000e+04,2.720000000000000000e+02,2.000000000000000000e+02,-6.330000000000000000e+02,4.900000000000000000e+01,2.600000000000000000e+01
1.680080654569466829e+09,1.615200000000000000e+04,2.880000000000000000e+02,2.400000000000000000e+02,-6.640000000000000000e+02,2.400000000000000000e+01,3.200000000000000000e+01
1.680080654571752310e+09,1.624000000000000000e+04,4.320000000000000000e+02,3.320000000000000000e+02,-6.320000000000000000e+02,6.000000000000000000e+01,4.800000000000000000e+01
1.680080654572869301e+09,1.627600000000000000e+04,4.040000000000000000e+02,4.400000000000000000e+02,-6.210000000000000000e+02,6.600000000000000000e+01,4.200000000000000000e+01
1.680080654575020790e+09,1.614000000000000000e+04,2.840000000000000000e+02,3.520000000000000000e+02,-6.440000000000000000e+02,4.000000000000000000e+01,4.300000000000000000e+01
1.680080654576490641e+09,1.619200000000000000e+04,3.440000000000000000e+02,4.920000000000000000e+02,-6.400000000000000000e+02,4.900000000000000000e+01,5.900000000000000000e+01
1.680080654578853607e+09,1.621200000000000000e+04,3.440000000000000000e+02,3.480000000000000000e+02,-6.350000000000000000e+02,5.600000000000000000e+01,2.500000000000000000e+01
1.680080654579949856e+09,1.612800000000000000e+04,3.680000000000000000e+02,3.320000000000000000e+02,-6.480000000000000000e+02,6.400000000000000000e+01,1.100000000000000000e+01
1.680080654582252979e+09,1.621600000000000000e+04,3.680000000000000000e+02,1.960000000000000000e+02,-6.200000000000000000e+02,4.100000000000000000e+01,2.400000000000000000e+01
1.680080654583647251e+09,1.620000000000000000e+04,3.480000000000000000e+02,1.640000000000000000e+02,-6.270000000000000000e+02,3.700000000000000000e+01,3.600000000000000000e+01
1.680080654585753202e+09,1.622400000000000000e+04,2.720000000000000000e+02,4.360000000000000000e+02,-6.330000000000000000e+02,3.900000000000000000e+01,2.400000000000000000e+01
1.680080654587211370e+09,1.625200000000000000e+04,3.760000000000000000e+02,3.400000000000000000e+02,-6.240000000000000000e+02,5.700000000000000000e+01,1.300000000000000000e+01
1.680080654589476585e+09,1.626000000000000000e+04,3.440000000000000000e+02,3.280000000000000000e+02,-6.410000000000000000e+02,3.000000000000000000e+01,3.000000000000000000e+01
1.680080654590600491e+09,1.615200000000000000e+04,2.880000000000000000e+02,2.960000000000000000e+02,-6.330000000000000000e+02,4.500000000000000000e+01,3.200000000000000000e+01
1.680080654592777252e+09,1.619200000000000000e+04,3.160000000000000000e+02,2.400000000000000000e+02,-6.280000000000000000e+02,3.800000000000000000e+01,3.100000000000000000e+01
1.680080654593929529e+09,1.616400000000000000e+04,3.120000000000000000e+02,2.040000000000000000e+02,-6.530000000000000000e+02,4.600000000000000000e+01,4.700000000000000000e+01
1.680080654596080780e+09,1.612800000000000000e+04,4.360000000000000000e+02,3.240000000000000000e+02,-6.410000000000000000e+02,5.800000000000000000e+01,3.400000000000000000e+01
1.680080654597329617e+09,1.619200000000000000e+04,3.760000000000000000e+02,2.960000000000000000e+02,-6.380000000000000000e+02,5.500000000000000000e+01,3.600000000000000000e+01
1.680080654599604130e+09,1.607200000000000000e+04,2.800000000000000000e+02,2.920000000000000000e+02,-6.580000000000000000e+02,5.200000000000000000e+01,2.300000000000000000e+01
1.680080654601185322e+09,1.611200000000000000e+04,2.880000000000000000e+02,1.920000000000000000e+02,-6.550000000000000000e+02,5.100000000000000000e+01,4.600000000000000000e+01
1.680080654603461981e+09,1.624400000000000000e+04,3.040000000000000000e+02,2.560000000000000000e+02,-6.300000000000000000e+02,3.900000000000000000e+01,2.000000000000000000e+01
1.680080654604627371e+09,1.612400000000000000e+04,3.080000000000000000e+02,3.960000000000000000e+02,-6.340000000000000000e+02,3.700000000000000000e+01,8.000000000000000000e+00
1.680080654606783390e+09,1.606400000000000000e+04,2.880000000000000000e+02,2.960000000000000000e+02,-6.430000000000000000e+02,5.600000000000000000e+01,4.200000000000000000e+01
1.680080654608058453e+09,1.615200000000000000e+04,2.840000000000000000e+02,3.040000000000000000e+02,-6.410000000000000000e+02,5.600000000000000000e+01,3.400000000000000000e+01
1.680080654610227823e+09,1.610800000000000000e+04,3.160000000000000000e+02,2.240000000000000000e+02,-6.220000000000000000e+02,3.600000000000000000e+01,5.000000000000000000e+01
1.680080654611501932e+09,1.611600000000000000e+04,2.840000000000000000e+02,2.800000000000000000e+02,-6.460000000000000000e+02,1.600000000000000000e+01,1.900000000000000000e+01
1.680080654613690376e+09,1.612400000000000000e+04,3.480000000000000000e+02,3.880000000000000000e+02,-6.350000000000000000e+02,4.000000000000000000e+01,3.800000000000000000e+01
1.680080654614822865e+09,1.616800000000000000e+04,2.640000000000000000e+02,2.960000000000000000e+02,-6.270000000000000000e+02,6.300000000000000000e+01,4.100000000000000000e+01
1.680080654617032290e+09,1.622800000000000000e+04,3.320000000000000000e+02,3.200000000000000000e+02,-6.480000000000000000e+02,2.500000000000000000e+01,4.400000000000000000e+01
1.680080654618291140e+09,1.619200000000000000e+04,2.720000000000000000e+02,3.640000000000000000e+02,-6.440000000000000000e+02,4.600000000000000000e+01,3.200000000000000000e+01
1.680080654620486259e+09,1.618000000000000000e+04,2.560000000000000000e+02,3.320000000000000000e+02,-6.200000000000000000e+02,3.800000000000000000e+01,3.300000000000000000e+01
1.680080654621790648e+09,1.618400000000000000e+04,2.880000000000000000e+02,3.560000000000000000e+02,-6.230000000000000000e+02,5.900000000000000000e+01,4.200000000000000000e+01
1.680080654623945475e+09,1.619200000000000000e+04,2.560000000000000000e+02,3.920000000000000000e+02,-6.440000000000000000e+02,5.300000000000000000e+01,3.100000000000000000e+01
1.680080654625307560e+09,1.631200000000000000e+04,2.960000000000000000e+02,4.080000000000000000e+02,-6.490000000000000000e+02,4.700000000000000000e+01,3.000000000000000000e+00
1.680080654627538919e+09,1.621600000000000000e+04,2.480000000000000000e+02,2.160000000000000000e+02,-6.360000000000000000e+02,4.800000000000000000e+01,4.900000000000000000e+01
1.680080654628944397e+09,1.622800000000000000e+04,3.040000000000000000e+02,1.080000000000000000e+02,-6.150000000000000000e+02,4.600000000000000000e+01,5.100000000000000000e+01
1.680080654631737709e+09,1.625200000000000000e+04,2.800000000000000000e+02,2.840000000000000000e+02,-6.380000000000000000e+02,6.100000000000000000e+01,2.100000000000000000e+01
1.680080654632912874e+09,1.622000000000000000e+04,2.800000000000000000e+02,3.280000000000000000e+02,-6.310000000000000000e+02,5.500000000000000000e+01,4.000000000000000000e+01
1.680080654635078430e+09,1.619600000000000000e+04,2.920000000000000000e+02,3.120000000000000000e+02,-6.330000000000000000e+02,4.200000000000000000e+01,2.500000000000000000e+01
1.680080654636161566e+09,1.617600000000000000e+04,2.360000000000000000e+02,4.240000000000000000e+02,-6.400000000000000000e+02,5.600000000000000000e+01,2.700000000000000000e+01
1.680080654638685465e+09,1.620400000000000000e+04,3.000000000000000000e+02,3.560000000000000000e+02,-6.530000000000000000e+02,3.200000000000000000e+01,2.900000000000000000e+01
1.680080654639939547e+09,1.619600000000000000e+04,2.400000000000000000e+02,3.440000000000000000e+02,-6.460000000000000000e+02,3.900000000000000000e+01,1.200000000000000000e+01
1.680080654642342567e+09,1.620400000000000000e+04,2.240000000000000000e+02,4.000000000000000000e+02,-6.070000000000000000e+02,6.000000000000000000e+01,2.900000000000000000e+01
1.680080654643910885e+09,1.617600000000000000e+04,3.320000000000000000e+02,4.120000000000000000e+02,-5.990000000000000000e+02,4.300000000000000000e+01,4.500000000000000000e+01
1.680080654646379709e+09,1.612000000000000000e+04,4.000000000000000000e+02,2.560000000000000000e+02,-6.460000000000000000e+02,4.800000000000000000e+01,4.400000000000000000e+01
1.680080654647858620e+09,1.616000000000000000e+04,3.160000000000000000e+02,3.240000000000000000e+02,-6.270000000000000000e+02,5.100000000000000000e+01,2.900000000000000000e+01
1.680080654650269985e+09,1.621600000000000000e+04,3.320000000000000000e+02,4.960000000000000000e+02,-6.350000000000000000e+02,5.200000000000000000e+01,3.900000000000000000e+01
1.680080654651442289e+09,1.617600000000000000e+04,2.640000000000000000e+02,3.280000000000000000e+02,-6.320000000000000000e+02,4.200000000000000000e+01,4.200000000000000000e+01
1.680080654653657436e+09,1.624000000000000000e+04,3.400000000000000000e+02,3.040000000000000000e+02,-6.520000000000000000e+02,3.700000000000000000e+01,2.100000000000000000e+01
1.680080654654973507e+09,1.614000000000000000e+04,3.080000000000000000e+02,3.680000000000000000e+02,-6.440000000000000000e+02,4.600000000000000000e+01,2.600000000000000000e+01
1.680080654657248020e+09,1.631200000000000000e+04,2.440000000000000000e+02,3.280000000000000000e+02,-6.200000000000000000e+02,3.600000000000000000e+01,2.400000000000000000e+01
1.680080654658867121e+09,1.618800000000000000e+04,2.560000000000000000e+02,1.800000000000000000e+02,-6.450000000000000000e+02,6.400000000000000000e+01,2.100000000000000000e+01
1.680080654661139488e+09,1.630800000000000000e+04,3.360000000000000000e+02,3.960000000000000000e+02,-6.330000000000000000e+02,7.000000000000000000e+01,4.600000000000000000e+01
1.680080654662396431e+09,1.620400000000000000e+04,3.640000000000000000e+02,2.880000000000000000e+02,-6.250000000000000000e+02,6.800000000000000000e+01,2.400000000000000000e+01
1.680080654665115118e+09,1.617600000000000000e+04,3.000000000000000000e+02,2.200000000000000000e+02,-6.190000000000000000e+02,2.800000000000000000e+01,5.000000000000000000e+01
1.680080654666523695e+09,1.619200000000000000e+04,2.760000000000000000e+02,2.000000000000000000e+02,-6.360000000000000000e+02,3.400000000000000000e+01,4.100000000000000000e+01
1.680080654668786526e+09,1.621200000000000000e+04,3.240000000000000000e+02,3.920000000000000000e+02,-6.400000000000000000e+02,4.900000000000000000e+01,1.800000000000000000e+01
1.680080654670181513e+09,1.623200000000000000e+04,2.440000000000000000e+02,3.400000000000000000e+02,-6.180000000000000000e+02,4.400000000000000000e+01,5.100000000000000000e+01
1.680080654672392845e+09,1.611200000000000000e+04,2.680000000000000000e+02,3.640000000000000000e+02,-6.530000000000000000e+02,4.900000000000000000e+01,2.800000000000000000e+01
1.680080654673851728e+09,1.618400000000000000e+04,3.800000000000000000e+02,3.120000000000000000e+02,-6.440000000000000000e+02,4.100000000000000000e+01,3.200000000000000000e+01
1.680080654676009178e+09,1.613200000000000000e+04,3.440000000000000000e+02,2.600000000000000000e+02,-6.180000000000000000e+02,4.200000000000000000e+01,3.500000000000000000e+01
1.680080654677329779e+09,1.612000000000000000e+04,2.920000000000000000e+02,3.280000000000000000e+02,-6.390000000000000000e+02,3.800000000000000000e+01,2.800000000000000000e+01
1.680080654679549932e+09,1.622800000000000000e+04,3.680000000000000000e+02,4.480000000000000000e+02,-6.250000000000000000e+02,5.300000000000000000e+01,2.900000000000000000e+01
1.680080654680726767e+09,1.616800000000000000e+04,3.040000000000000000e+02,2.680000000000000000e+02,-6.310000000000000000e+02,5.900000000000000000e+01,3.400000000000000000e+01
1.680080654682886600e+09,1.614400000000000000e+04,3.680000000000000000e+02,3.600000000000000000e+02,-6.300000000000000000e+02,6.200000000000000000e+01,3.800000000000000000e+01
1.680080654684000731e+09,1.612800000000000000e+04,3.800000000000000000e+02,3.000000000000000000e+02,-6.190000000000000000e+02,5.100000000000000000e+01,4.000000000000000000e+01
1.680080654686164618e+09,1.626400000000000000e+04,3.800000000000000000e+02,2.520000000000000000e+02,-6.310000000000000000e+02,6.000000000000000000e+01,3.900000000000000000e+01
1.680080654687527418e+09,1.633200000000000000e+04,2.880000000000000000e+02,1.880000000000000000e+02,-6.100000000000000000e+02,4.700000000000000000e+01,2.600000000000000000e+01
1.680080654689690828e+09,1.626000000000000000e+04,4.080000000000000000e+02,2.440000000000000000e+02,-6.130000000000000000e+02,4.100000000000000000e+01,3.900000000000000000e+01
1.680080654691341400e+09,1.614800000000000000e+04,2.240000000000000000e+02,2.480000000000000000e+02,-6.230000000000000000e+02,8.100000000000000000e+01,4.100000000000000000e+01
1.680080654693635225e+09,1.616000000000000000e+04,3.720000000000000000e+02,3.680000000000000000e+02,-6.450000000000000000e+02,5.300000000000000000e+01,5.200000000000000000e+01
1.680080654694710255e+09,1.618400000000000000e+04,3.200000000000000000e+02,3.160000000000000000e+02,-6.510000000000000000e+02,4.800000000000000000e+01,5.400000000000000000e+01
1.680080654696993828e+09,1.620000000000000000e+04,3.040000000000000000e+02,2.480000000000000000e+02,-6.250000000000000000e+02,3.200000000000000000e+01,4.600000000000000000e+01
1.680080654698109150e+09,1.630400000000000000e+04,3.440000000000000000e+02,3.600000000000000000e+02,-6.330000000000000000e+02,1.800000000000000000e+01,5.500000000000000000e+01
1.680080654700273514e+09,1.616400000000000000e+04,2.800000000000000000e+02,3.000000000000000000e+02,-6.360000000000000000e+02,4.400000000000000000e+01,3.200000000000000000e+01
1.680080654701499224e+09,1.617600000000000000e+04,2.240000000000000000e+02,3.400000000000000000e+02,-6.420000000000000000e+02,4.500000000000000000e+01,5.000000000000000000e+01
1.680080654703748703e+09,1.618000000000000000e+04,3.240000000000000000e+02,2.840000000000000000e+02,-6.490000000000000000e+02,4.400000000000000000e+01,2.800000000000000000e+01
1.680080654705015182e+09,1.623200000000000000e+04,2.880000000000000000e+02,2.560000000000000000e+02,-6.310000000000000000e+02,6.300000000000000000e+01,3.400000000000000000e+01
1.680080654707286596e+09,1.622800000000000000e+04,3.280000000000000000e+02,2.160000000000000000e+02,-6.440000000000000000e+02,3.900000000000000000e+01,2.900000000000000000e+01
1.680080654708450079e+09,1.618800000000000000e+04,2.720000000000000000e+02,1.760000000000000000e+02,-6.340000000000000000e+02,4.400000000000000000e+01,4.900000000000000000e+01
1.680080654710620403e+09,1.623600000000000000e+04,2.440000000000000000e+02,2.920000000000000000e+02,-6.460000000000000000e+02,5.100000000000000000e+01,5.100000000000000000e+01
1.680080654711848974e+09,1.625600000000000000e+04,2.800000000000000000e+02,2.640000000000000000e+02,-6.380000000000000000e+02,4.600000000000000000e+01,3.200000000000000000e+01
1.680080654714086056e+09,1.622000000000000000e+04,3.280000000000000000e+02,2.200000000000000000e+02,-6.290000000000000000e+02,4.100000000000000000e+01,-3.000000000000000000e+00
1.680080654715417385e+09,1.622400000000000000e+04,1.800000000000000000e+02,2.960000000000000000e+02,-6.240000000000000000e+02,4.500000000000000000e+01,4.000000000000000000e+01
1.680080654717701912e+09,1.614000000000000000e+04,2.560000000000000000e+02,3.200000000000000000e+02,-6.260000000000000000e+02,5.700000000000000000e+01,3.300000000000000000e+01
1.680080654718923092e+09,1.614000000000000000e+04,1.840000000000000000e+02,3.480000000000000000e+02,-6.130000000000000000e+02,4.900000000000000000e+01,2.800000000000000000e+01
1.680080654721122265e+09,1.624000000000000000e+04,2.760000000000000000e+02,3.640000000000000000e+02,-6.310000000000000000e+02,6.000000000000000000e+01,4.900000000000000000e+01
1.680080654722340822e+09,1.623200000000000000e+04,2.440000000000000000e+02,2.360000000000000000e+02,-6.190000000000000000e+02,4.500000000000000000e+01,3.900000000000000000e+01
1.680080654724575281e+09,1.616800000000000000e+04,2.880000000000000000e+02,3.640000000000000000e+02,-6.260000000000000000e+02,7.100000000000000000e+01,2.500000000000000000e+01
1.680080654726032495e+09,1.616000000000000000e+04,1.840000000000000000e+02,2.840000000000000000e+02,-6.400000000000000000e+02,4.700000000000000000e+01,2.300000000000000000e+01
1.680080654728450298e+09,1.622000000000000000e+04,3.040000000000000000e+02,3.800000000000000000e+02,-6.190000000000000000e+02,2.600000000000000000e+01,3.900000000000000000e+01
1.680080654729917288e+09,1.614400000000000000e+04,3.760000000000000000e+02,3.120000000000000000e+02,-6.400000000000000000e+02,5.100000000000000000e+01,1.600000000000000000e+01
1.680080654732098103e+09,1.616800000000000000e+04,2.800000000000000000e+02,2.080000000000000000e+02,-6.350000000000000000e+02,7.100000000000000000e+01,3.600000000000000000e+01
1.680080654733341217e+09,1.617600000000000000e+04,3.560000000000000000e+02,3.120000000000000000e+02,-6.130000000000000000e+02,5.000000000000000000e+01,2.500000000000000000e+01
1.680080654736495972e+09,1.616400000000000000e+04,3.200000000000000000e+02,3.680000000000000000e+02,-6.420000000000000000e+02,4.600000000000000000e+01,4.200000000000000000e+01
1.680080654737876415e+09,1.620800000000000000e+04,2.800000000000000000e+02,3.960000000000000000e+02,-6.210000000000000000e+02,5.200000000000000000e+01,3.300000000000000000e+01
1.680080654740090847e+09,1.612800000000000000e+04,2.160000000000000000e+02,3.640000000000000000e+02,-6.420000000000000000e+02,6.300000000000000000e+01,3.600000000000000000e+01
1.680080654741402864e+09,1.618000000000000000e+04,2.080000000000000000e+02,3.160000000000000000e+02,-6.570000000000000000e+02,4.200000000000000000e+01,2.500000000000000000e+01
1.680080654743683338e+09,1.617200000000000000e+04,3.160000000000000000e+02,3.080000000000000000e+02,-6.320000000000000000e+02,4.400000000000000000e+01,2.900000000000000000e+01
1.680080654745169163e+09,1.626400000000000000e+04,2.840000000000000000e+02,4.560000000000000000e+02,-6.290000000000000000e+02,6.600000000000000000e+01,3.600000000000000000e+01
1.680080654747381449e+09,1.613200000000000000e+04,3.320000000000000000e+02,2.400000000000000000e+02,-6.300000000000000000e+02,3.800000000000000000e+01,2.100000000000000000e+01
1.680080654748539686e+09,1.614800000000000000e+04,3.520000000000000000e+02,1.800000000000000000e+02,-6.500000000000000000e+02,4.900000000000000000e+01,3.200000000000000000e+01
1.680080654750894547e+09,1.624800000000000000e+04,3.160000000000000000e+02,2.320000000000000000e+02,-6.260000000000000000e+02,5.100000000000000000e+01,3.800000000000000000e+01
1.680080654752164841e+09,1.618000000000000000e+04,2.240000000000000000e+02,2.480000000000000000e+02,-6.270000000000000000e+02,4.100000000000000000e+01,4.000000000000000000e+01
1.680080654754339933e+09,1.618800000000000000e+04,3.440000000000000000e+02,3.600000000000000000e+02,-6.170000000000000000e+02,5.500000000000000000e+01,4.600000000000000000e+01
1.680080654755608082e+09,1.622800000000000000e+04,3.680000000000000000e+02,4.120000000000000000e+02,-6.260000000000000000e+02,3.800000000000000000e+01,4.800000000000000000e+01
1.680080654757844687e+09,1.610400000000000000e+04,3.880000000000000000e+02,1.840000000000000000e+02,-6.320000000000000000e+02,4.400000000000000000e+01,2.700000000000000000e+01
1.680080654759299994e+09,1.617600000000000000e+04,3.680000000000000000e+02,3.120000000000000000e+02,-6.140000000000000000e+02,5.000000000000000000e+01,3.500000000000000000e+01
1.680080654761651278e+09,1.616800000000000000e+04,2.720000000000000000e+02,3.880000000000000000e+02,-6.390000000000000000e+02,6.300000000000000000e+01,3.000000000000000000e+01
1.680080654762978554e+09,1.628800000000000000e+04,3.560000000000000000e+02,3.520000000000000000e+02,-6.450000000000000000e+02,5.500000000000000000e+01,3.500000000000000000e+01
1.680080654765392780e+09,1.610000000000000000e+04,3.400000000000000000e+02,4.200000000000000000e+02,-6.290000000000000000e+02,4.600000000000000000e+01,3.200000000000000000e+01
1.680080654766542435e+09,1.610800000000000000e+04,3.800000000000000000e+02,3.080000000000000000e+02,-6.280000000000000000e+02,5.800000000000000000e+01,4.600000000000000000e+01
1.680080654768769026e+09,1.619200000000000000e+04,3.240000000000000000e+02,4.200000000000000000e+02,-6.310000000000000000e+02,4.200000000000000000e+01,3.800000000000000000e+01
1.680080654769914627e+09,1.614400000000000000e+04,3.840000000000000000e+02,3.240000000000000000e+02,-6.550000000000000000e+02,4.200000000000000000e+01,3.200000000000000000e+01
1.680080654772324562e+09,1.620000000000000000e+04,3.520000000000000000e+02,3.760000000000000000e+02,-6.400000000000000000e+02,7.900000000000000000e+01,8.000000000000000000e+00
1.680080654773722649e+09,1.625200000000000000e+04,3.880000000000000000e+02,3.840000000000000000e+02,-6.440000000000000000e+02,5.600000000000000000e+01,2.400000000000000000e+01
1.680080654775919437e+09,1.608400000000000000e+04,2.520000000000000000e+02,2.560000000000000000e+02,-6.350000000000000000e+02,3.600000000000000000e+01,3.800000000000000000e+01
1.680080654777190685e+09,1.626800000000000000e+04,2.680000000000000000e+02,3.880000000000000000e+02,-6.200000000000000000e+02,4.500000000000000000e+01,3.300000000000000000e+01
1.680080654779375553e+09,1.614000000000000000e+04,3.480000000000000000e+02,4.360000000000000000e+02,-6.560000000000000000e+02,3.400000000000000000e+01,2.200000000000000000e+01
1.680080654780587196e+09,1.613200000000000000e+04,2.720000000000000000e+02,4.480000000000000000e+02,-6.400000000000000000e+02,3.900000000000000000e+01,2.500000000000000000e+01
1.680080654783039808e+09,1.608400000000000000e+04,3.000000000000000000e+02,3.560000000000000000e+02,-6.360000000000000000e+02,5.000000000000000000e+01,1.100000000000000000e+01
1.680080654784460783e+09,1.610400000000000000e+04,3.400000000000000000e+02,3.920000000000000000e+02,-6.280000000000000000e+02,5.100000000000000000e+01,1.300000000000000000e+01
1.680080654787204027e+09,1.617600000000000000e+04,2.600000000000000000e+02,3.080000000000000000e+02,-6.400000000000000000e+02,3.300000000000000000e+01,2.300000000000000000e+01
1.680080654788582087e+09,1.624400000000000000e+04,3.000000000000000000e+02,2.640000000000000000e+02,-6.370000000000000000e+02,4.200000000000000000e+01,3.100000000000000000e+01
1.680080654790914774e+09,1.618000000000000000e+04,4.080000000000000000e+02,4.200000000000000000e+02,-6.490000000000000000e+02,5.300000000000000000e+01,2.800000000000000000e+01
1.680080654792264938e+09,1.620400000000000000e+04,3.560000000000000000e+02,3.560000000000000000e+02,-6.290000000000000000e+02,3.000000000000000000e+01,3.800000000000000000e+01
1.680080654794472456e+09,1.616400000000000000e+04,2.440000000000000000e+02,4.800000000000000000e+02,-6.190000000000000000e+02,4.400000000000000000e+01,1.500000000000000000e+01
1.680080654795660496e+09,1.621200000000000000e+04,2.000000000000000000e+02,3.840000000000000000e+02,-6.380000000000000000e+02,3.300000000000000000e+01,1.700000000000000000e+01
1.680080654797906876e+09,1.626800000000000000e+04,2.480000000000000000e+02,3.080000000000000000e+02,-6.390000000000000000e+02,5.400000000000000000e+01,3.200000000000000000e+01
1.680080654799449444e+09,1.619600000000000000e+04,3.160000000000000000e+02,3.520000000000000000e+02,-6.360000000000000000e+02,4.200000000000000000e+01,3.800000000000000000e+01
1.680080654801620483e+09,1.611200000000000000e+04,1.960000000000000000e+02,2.960000000000000000e+02,-6.400000000000000000e+02,5.700000000000000000e+01,3.900000000000000000e+01
1.680080654802988529e+09,1.620800000000000000e+04,2.800000000000000000e+02,2.240000000000000000e+02,-6.420000000000000000e+02,4.300000000000000000e+01,4.800000000000000000e+01
1.680080654805307388e+09,1.620000000000000000e+04,2.120000000000000000e+02,2.960000000000000000e+02,-6.430000000000000000e+02,4.900000000000000000e+01,3.100000000000000000e+01
1.680080654806592941e+09,1.620400000000000000e+04,3.000000000000000000e+02,3.760000000000000000e+02,-6.350000000000000000e+02,3.900000000000000000e+01,3.700000000000000000e+01
1.680080654808813810e+09,1.620800000000000000e+04,2.480000000000000000e+02,2.600000000000000000e+02,-6.350000000000000000e+02,1.900000000000000000e+01,2.000000000000000000e+01
1.680080654810032845e+09,1.621600000000000000e+04,2.560000000000000000e+02,2.680000000000000000e+02,-6.390000000000000000e+02,2.600000000000000000e+01,3.300000000000000000e+01
1.680080654812276125e+09,1.605600000000000000e+04,2.480000000000000000e+02,3.040000000000000000e+02,-6.340000000000000000e+02,5.900000000000000000e+01,4.600000000000000000e+01
1.680080654813757181e+09,1.613200000000000000e+04,2.520000000000000000e+02,2.800000000000000000e+02,-6.380000000000000000e+02,4.600000000000000000e+01,4.900000000000000000e+01
1.680080654815979481e+09,1.613600000000000000e+04,2.960000000000000000e+02,3.600000000000000000e+02,-6.350000000000000000e+02,5.700000000000000000e+01,3.700000000000000000e+01
1.680080654817403793e+09,1.617200000000000000e+04,3.320000000000000000e+02,3.240000000000000000e+02,-6.330000000000000000e+02,5.100000000000000000e+01,4.200000000000000000e+01
1.680080654819701910e+09,1.620400000000000000e+04,3.520000000000000000e+02,3.560000000000000000e+02,-6.460000000000000000e+02,3.600000000000000000e+01,3.900000000000000000e+01
1.680080654820931911e+09,1.620800000000000000e+04,3.880000000000000000e+02,2.360000000000000000e+02,-6.330000000000000000e+02,3.500000000000000000e+01,4.300000000000000000e+01
1.680080654823423147e+09,1.617600000000000000e+04,2.840000000000000000e+02,4.840000000000000000e+02,-6.200000000000000000e+02,4.000000000000000000e+01,4.600000000000000000e+01
1.680080654824591637e+09,1.618000000000000000e+04,3.520000000000000000e+02,3.440000000000000000e+02,-6.320000000000000000e+02,5.200000000000000000e+01,3.700000000000000000e+01
1.680080654826892376e+09,1.624400000000000000e+04,3.600000000000000000e+02,4.240000000000000000e+02,-6.380000000000000000e+02,5.200000000000000000e+01,3.700000000000000000e+01
1.680080654828245163e+09,1.616400000000000000e+04,2.840000000000000000e+02,3.640000000000000000e+02,-6.230000000000000000e+02,4.700000000000000000e+01,4.400000000000000000e+01
1.680080654830487490e+09,1.622400000000000000e+04,2.920000000000000000e+02,3.520000000000000000e+02,-6.200000000000000000e+02,5.800000000000000000e+01,3.200000000000000000e+01
1.680080654831754446e+09,1.619200000000000000e+04,2.840000000000000000e+02,2.080000000000000000e+02,-6.330000000000000000e+02,4.400000000000000000e+01,1.500000000000000000e+01
1.680080654834135771e+09,1.616400000000000000e+04,2.400000000000000000e+02,2.400000000000000000e+02,-6.410000000000000000e+02,4.200000000000000000e+01,2.800000000000000000e+01
1.680080654835514545e+09,1.619200000000000000e+04,2.560000000000000000e+02,2.440000000000000000e+02,-6.550000000000000000e+02,4.400000000000000000e+01,4.500000000000000000e+01
1.680080654837884426e+09,1.620400000000000000e+04,2.960000000000000000e+02,2.760000000000000000e+02,-6.320000000000000000e+02,6.100000000000000000e+01,3.100000000000000000e+01
1.680080654838954449e+09,1.620800000000000000e+04,2.880000000000000000e+02,2.480000000000000000e+02,-6.320000000000000000e+02,6.300000000000000000e+01,3.700000000000000000e+01
1.680080654841527462e+09,1.622800000000000000e+04,3.440000000000000000e+02,3.600000000000000000e+02,-6.330000000000000000e+02,5.000000000000000000e+01,6.300000000000000000e+01
1.680080654842704535e+09,1.624800000000000000e+04,3.240000000000000000e+02,2.400000000000000000e+02,-6.250000000000000000e+02,2.600000000000000000e+01,2.100000000000000000e+01
1.680080654845076799e+09,1.629200000000000000e+04,3.600000000000000000e+02,3.720000000000000000e+02,-6.380000000000000000e+02,4.500000000000000000e+01,7.000000000000000000e+00
1.680080654846435785e+09,1.624000000000000000e+04,3.520000000000000000e+02,4.480000000000000000e+02,-6.410000000000000000e+02,4.300000000000000000e+01,3.600000000000000000e+01
1.680080654848910332e+09,1.614400000000000000e+04,2.440000000000000000e+02,4.160000000000000000e+02,-6.380000000000000000e+02,4.800000000000000000e+01,3.900000000000000000e+01
1.680080654850343704e+09,1.617200000000000000e+04,3.840000000000000000e+02,2.760000000000000000e+02,-6.460000000000000000e+02,5.500000000000000000e+01,4.700000000000000000e+01
1.680080654852596998e+09,1.625600000000000000e+04,3.360000000000000000e+02,2.720000000000000000e+02,-6.310000000000000000e+02,4.700000000000000000e+01,1.400000000000000000e+01
1.680080654853802681e+09,1.636800000000000000e+04,2.520000000000000000e+02,3.200000000000000000e+02,-6.330000000000000000e+02,4.200000000000000000e+01,2.300000000000000000e+01
1.680080654856059313e+09,1.614400000000000000e+04,4.400000000000000000e+02,3.440000000000000000e+02,-6.670000000000000000e+02,3.800000000000000000e+01,3.600000000000000000e+01
1.680080654857333660e+09,1.615200000000000000e+04,4.720000000000000000e+02,3.680000000000000000e+02,-6.360000000000000000e+02,3.100000000000000000e+01,6.100000000000000000e+01
1.680080654859599590e+09,1.614000000000000000e+04,2.840000000000000000e+02,3.000000000000000000e+02,-6.300000000000000000e+02,2.900000000000000000e+01,1.800000000000000000e+01
1.680080654860876799e+09,1.617200000000000000e+04,2.760000000000000000e+02,4.000000000000000000e+02,-6.180000000000000000e+02,3.000000000000000000e+01,3.000000000000000000e+01
1.680080654863844395e+09,1.611600000000000000e+04,4.000000000000000000e+02,3.200000000000000000e+02,-6.180000000000000000e+02,4.900000000000000000e+01,1.700000000000000000e+01
1.680080654865078211e+09,1.615600000000000000e+04,4.000000000000000000e+02,3.400000000000000000e+02,-6.260000000000000000e+02,4.100000000000000000e+01,1.700000000000000000e+01
1.680080654867568731e+09,1.609200000000000000e+04,3.440000000000000000e+02,2.040000000000000000e+02,-6.520000000000000000e+02,5.400000000000000000e+01,4.500000000000000000e+01
1.680080654868799210e+09,1.620000000000000000e+04,3.200000000000000000e+02,3.000000000000000000e+02,-6.460000000000000000e+02,5.800000000000000000e+01,5.200000000000000000e+01
1.680080654870992422e+09,1.625600000000000000e+04,3.040000000000000000e+02,1.720000000000000000e+02,-6.480000000000000000e+02,3.800000000000000000e+01,3.800000000000000000e+01
1.680080654872431040e+09,1.621600000000000000e+04,2.360000000000000000e+02,3.200000000000000000e+02,-6.360000000000000000e+02,4.500000000000000000e+01,2.400000000000000000e+01
1.680080654874728918e+09,1.612000000000000000e+04,4.280000000000000000e+02,3.200000000000000000e+02,-6.520000000000000000e+02,7.300000000000000000e+01,4.900000000000000000e+01
1.680080654875975847e+09,1.619200000000000000e+04,3.880000000000000000e+02,1.640000000000000000e+02,-6.500000000000000000e+02,4.700000000000000000e+01,5.800000000000000000e+01
1.680080654878216982e+09,1.613200000000000000e+04,3.320000000000000000e+02,2.480000000000000000e+02,-6.210000000000000000e+02,4.000000000000000000e+01,3.700000000000000000e+01
1.680080654879583120e+09,1.616000000000000000e+04,3.320000000000000000e+02,3.720000000000000000e+02,-6.260000000000000000e+02,3.200000000000000000e+01,4.000000000000000000e+01
1.680080654881784439e+09,1.620800000000000000e+04,2.440000000000000000e+02,2.480000000000000000e+02,-6.260000000000000000e+02,1.600000000000000000e+01,5.200000000000000000e+01
1.680080654882984638e+09,1.626000000000000000e+04,3.560000000000000000e+02,1.800000000000000000e+02,-6.190000000000000000e+02,2.900000000000000000e+01,5.200000000000000000e+01
1.680080654885417461e+09,1.623600000000000000e+04,2.760000000000000000e+02,4.000000000000000000e+02,-6.370000000000000000e+02,5.600000000000000000e+01,4.300000000000000000e+01
1.680080654886548519e+09,1.626800000000000000e+04,3.440000000000000000e+02,3.200000000000000000e+02,-6.440000000000000000e+02,4.600000000000000000e+01,5.600000000000000000e+01
1.680080654888754368e+09,1.616400000000000000e+04,3.200000000000000000e+02,2.680000000000000000e+02,-6.370000000000000000e+02,4.200000000000000000e+01,4.500000000000000000e+01
1.680080654890041590e+09,1.615200000000000000e+04,2.720000000000000000e+02,2.200000000000000000e+02,-6.370000000000000000e+02,3.000000000000000000e+01,2.500000000000000000e+01
1.680080654892382383e+09,1.617600000000000000e+04,3.480000000000000000e+02,3.600000000000000000e+02,-6.630000000000000000e+02,3.300000000000000000e+01,3.900000000000000000e+01
1.680080654893882275e+09,1.619600000000000000e+04,2.760000000000000000e+02,2.920000000000000000e+02,-6.320000000000000000e+02,4.500000000000000000e+01,3.700000000000000000e+01
1.680080654896245241e+09,1.620800000000000000e+04,2.320000000000000000e+02,3.400000000000000000e+02,-6.070000000000000000e+02,4.300000000000000000e+01,4.900000000000000000e+01
1.680080654897446871e+09,1.619200000000000000e+04,2.880000000000000000e+02,2.720000000000000000e+02,-6.210000000000000000e+02,3.700000000000000000e+01,4.200000000000000000e+01
1.680080654899717331e+09,1.611600000000000000e+04,3.280000000000000000e+02,3.040000000000000000e+02,-6.470000000000000000e+02,4.800000000000000000e+01,3.200000000000000000e+01
1.680080654901109695e+09,1.612800000000000000e+04,3.560000000000000000e+02,3.560000000000000000e+02,-6.330000000000000000e+02,2.700000000000000000e+01,2.700000000000000000e+01
1.680080654903306961e+09,1.612800000000000000e+04,2.880000000000000000e+02,3.040000000000000000e+02,-6.270000000000000000e+02,2.900000000000000000e+01,1.700000000000000000e+01
1.680080654904439449e+09,1.610400000000000000e+04,2.200000000000000000e+02,3.000000000000000000e+02,-6.200000000000000000e+02,5.100000000000000000e+01,3.300000000000000000e+01
1.680080654906828642e+09,1.623600000000000000e+04,1.920000000000000000e+02,4.440000000000000000e+02,-6.440000000000000000e+02,3.600000000000000000e+01,3.000000000000000000e+01
1.680080654907933235e+09,1.620400000000000000e+04,2.400000000000000000e+02,3.600000000000000000e+02,-6.570000000000000000e+02,3.600000000000000000e+01,2.100000000000000000e+01
1.680080654910136461e+09,1.610400000000000000e+04,2.280000000000000000e+02,2.960000000000000000e+02,-6.510000000000000000e+02,4.800000000000000000e+01,4.600000000000000000e+01
1.680080654911398172e+09,1.620800000000000000e+04,3.440000000000000000e+02,2.760000000000000000e+02,-6.380000000000000000e+02,4.400000000000000000e+01,4.000000000000000000e+01
1.680080654913826704e+09,1.608800000000000000e+04,2.160000000000000000e+02,2.880000000000000000e+02,-6.410000000000000000e+02,6.400000000000000000e+01,3.800000000000000000e+01
1.680080654915051460e+09,1.616800000000000000e+04,2.520000000000000000e+02,4.360000000000000000e+02,-6.340000000000000000e+02,5.000000000000000000e+01,3.700000000000000000e+01
1.680080654917357206e+09,1.607600000000000000e+04,2.720000000000000000e+02,4.080000000000000000e+02,-6.470000000000000000e+02,5.100000000000000000e+01,4.500000000000000000e+01
1.680080654918479681e+09,1.620800000000000000e+04,2.840000000000000000e+02,3.320000000000000000e+02,-6.440000000000000000e+02,4.100000000000000000e+01,5.600000000000000000e+01
1.680080654920986891e+09,1.612400000000000000e+04,3.000000000000000000e+02,1.680000000000000000e+02,-6.420000000000000000e+02,3.800000000000000000e+01,2.000000000000000000e+01
1.680080654922214508e+09,1.618000000000000000e+04,2.800000000000000000e+02,4.240000000000000000e+02,-6.340000000000000000e+02,6.200000000000000000e+01,6.000000000000000000e+00
1.680080654924804688e+09,1.612800000000000000e+04,3.160000000000000000e+02,2.840000000000000000e+02,-6.300000000000000000e+02,2.800000000000000000e+01,2.500000000000000000e+01
1.680080654927108288e+09,1.620400000000000000e+04,3.080000000000000000e+02,3.320000000000000000e+02,-6.200000000000000000e+02,4.200000000000000000e+01,4.100000000000000000e+01
1.680080654929582596e+09,1.615600000000000000e+04,2.800000000000000000e+02,3.080000000000000000e+02,-6.390000000000000000e+02,6.100000000000000000e+01,2.200000000000000000e+01
1.680080654930747986e+09,1.623600000000000000e+04,3.520000000000000000e+02,2.600000000000000000e+02,-6.360000000000000000e+02,4.500000000000000000e+01,1.500000000000000000e+01
1.680080654931883812e+09,1.625200000000000000e+04,2.600000000000000000e+02,1.960000000000000000e+02,-6.380000000000000000e+02,5.700000000000000000e+01,1.400000000000000000e+01
1.680080654934477091e+09,1.617200000000000000e+04,3.440000000000000000e+02,3.800000000000000000e+02,-6.380000000000000000e+02,3.900000000000000000e+01,5.700000000000000000e+01
1.680080654935809851e+09,1.616400000000000000e+04,3.760000000000000000e+02,3.520000000000000000e+02,-6.290000000000000000e+02,5.400000000000000000e+01,3.300000000000000000e+01
1.680080654937031269e+09,1.610800000000000000e+04,3.840000000000000000e+02,2.080000000000000000e+02,-6.270000000000000000e+02,3.300000000000000000e+01,2.700000000000000000e+01
1.680080654939269066e+09,1.612000000000000000e+04,2.880000000000000000e+02,2.800000000000000000e+02,-6.310000000000000000e+02,4.500000000000000000e+01,9.000000000000000000e+00
1.680080654940350294e+09,1.616400000000000000e+04,3.040000000000000000e+02,2.840000000000000000e+02,-6.450000000000000000e+02,5.000000000000000000e+01,1.200000000000000000e+01
1.680080654941610575e+09,1.610400000000000000e+04,3.920000000000000000e+02,2.720000000000000000e+02,-6.340000000000000000e+02,3.600000000000000000e+01,2.100000000000000000e+01
1.680080654943785429e+09,1.622800000000000000e+04,4.080000000000000000e+02,3.600000000000000000e+02,-6.410000000000000000e+02,3.500000000000000000e+01,6.500000000000000000e+01
1.680080654945374489e+09,1.639200000000000000e+04,3.760000000000000000e+02,3.240000000000000000e+02,-6.330000000000000000e+02,4.100000000000000000e+01,3.200000000000000000e+01
1.680080654946753979e+09,1.620400000000000000e+04,3.120000000000000000e+02,2.960000000000000000e+02,-6.310000000000000000e+02,4.900000000000000000e+01,4.000000000000000000e+01
1.680080654949153900e+09,1.625200000000000000e+04,3.360000000000000000e+02,3.600000000000000000e+02,-6.290000000000000000e+02,2.000000000000000000e+01,1.000000000000000000e+01
1.680080654950405359e+09,1.620800000000000000e+04,3.080000000000000000e+02,3.600000000000000000e+02,-6.320000000000000000e+02,2.500000000000000000e+01,3.100000000000000000e+01
1.680080654951629639e+09,1.616800000000000000e+04,2.800000000000000000e+02,3.400000000000000000e+02,-6.380000000000000000e+02,5.500000000000000000e+01,3.800000000000000000e+01
1.680080654954034805e+09,1.622800000000000000e+04,2.800000000000000000e+02,2.640000000000000000e+02,-6.210000000000000000e+02,4.600000000000000000e+01,5.500000000000000000e+01
1.680080654955589533e+09,1.612800000000000000e+04,2.840000000000000000e+02,4.320000000000000000e+02,-6.360000000000000000e+02,5.200000000000000000e+01,9.000000000000000000e+00
1.680080654956747532e+09,1.614800000000000000e+04,3.080000000000000000e+02,4.520000000000000000e+02,-6.470000000000000000e+02,3.900000000000000000e+01,3.800000000000000000e+01
1.680080654959225416e+09,1.620000000000000000e+04,3.280000000000000000e+02,4.040000000000000000e+02,-6.360000000000000000e+02,5.200000000000000000e+01,4.200000000000000000e+01
1.680080654960338116e+09,1.614400000000000000e+04,2.960000000000000000e+02,4.240000000000000000e+02,-6.350000000000000000e+02,3.200000000000000000e+01,4.000000000000000000e+01
1.680080654961346388e+09,1.616800000000000000e+04,3.320000000000000000e+02,2.920000000000000000e+02,-6.240000000000000000e+02,3.600000000000000000e+01,4.500000000000000000e+01
1.680080654963651419e+09,1.605600000000000000e+04,3.760000000000000000e+02,2.920000000000000000e+02,-6.440000000000000000e+02,5.400000000000000000e+01,2.100000000000000000e+01
1.680080654964848042e+09,1.611200000000000000e+04,3.680000000000000000e+02,2.160000000000000000e+02,-6.310000000000000000e+02,4.700000000000000000e+01,3.000000000000000000e+01
1.680080654966032267e+09,1.620000000000000000e+04,3.040000000000000000e+02,3.000000000000000000e+02,-6.300000000000000000e+02,4.400000000000000000e+01,3.900000000000000000e+01
1.680080654968416214e+09,1.616000000000000000e+04,3.320000000000000000e+02,4.080000000000000000e+02,-6.540000000000000000e+02,3.600000000000000000e+01,4.500000000000000000e+01
1.680080654969814539e+09,1.630000000000000000e+04,3.600000000000000000e+02,2.520000000000000000e+02,-6.380000000000000000e+02,3.200000000000000000e+01,4.100000000000000000e+01
1.680080654970919371e+09,1.616400000000000000e+04,3.120000000000000000e+02,2.480000000000000000e+02,-6.280000000000000000e+02,4.900000000000000000e+01,3.300000000000000000e+01
1.680080654973098755e+09,1.615600000000000000e+04,3.160000000000000000e+02,2.840000000000000000e+02,-6.640000000000000000e+02,5.700000000000000000e+01,2.900000000000000000e+01
1.680080654974291563e+09,1.611200000000000000e+04,3.440000000000000000e+02,2.880000000000000000e+02,-6.500000000000000000e+02,5.200000000000000000e+01,3.500000000000000000e+01
1.680080654975449085e+09,1.622000000000000000e+04,3.280000000000000000e+02,3.800000000000000000e+02,-6.260000000000000000e+02,6.300000000000000000e+01,3.400000000000000000e+01
1.680080654977802038e+09,1.622000000000000000e+04,3.080000000000000000e+02,2.200000000000000000e+02,-6.240000000000000000e+02,4.600000000000000000e+01,-7.000000000000000000e+00
1.680080654979114294e+09,1.612400000000000000e+04,3.320000000000000000e+02,3.880000000000000000e+02,-6.230000000000000000e+02,4.200000000000000000e+01,2.200000000000000000e+01
1.680080654981454849e+09,1.622800000000000000e+04,2.600000000000000000e+02,3.680000000000000000e+02,-6.400000000000000000e+02,5.200000000000000000e+01,5.100000000000000000e+01
1.680080654982525110e+09,1.611200000000000000e+04,2.400000000000000000e+02,4.280000000000000000e+02,-6.240000000000000000e+02,4.000000000000000000e+01,5.200000000000000000e+01
1.680080654984958649e+09,1.612400000000000000e+04,2.360000000000000000e+02,2.560000000000000000e+02,-6.440000000000000000e+02,5.900000000000000000e+01,4.700000000000000000e+01
1.680080654986055851e+09,1.612800000000000000e+04,3.480000000000000000e+02,2.560000000000000000e+02,-6.440000000000000000e+02,4.600000000000000000e+01,3.800000000000000000e+01
1.680080654988447428e+09,1.617600000000000000e+04,2.640000000000000000e+02,2.600000000000000000e+02,-6.150000000000000000e+02,3.000000000000000000e+01,5.200000000000000000e+01
1.680080654989529848e+09,1.611200000000000000e+04,3.000000000000000000e+02,1.800000000000000000e+02,-6.240000000000000000e+02,2.000000000000000000e+01,5.000000000000000000e+01
1.680080654991847754e+09,1.614400000000000000e+04,3.000000000000000000e+02,2.680000000000000000e+02,-6.430000000000000000e+02,5.000000000000000000e+01,2.600000000000000000e+01
1.680080654993086100e+09,1.616400000000000000e+04,2.600000000000000000e+02,5.320000000000000000e+02,-6.380000000000000000e+02,3.800000000000000000e+01,4.100000000000000000e+01
1.680080654995327473e+09,1.624800000000000000e+04,3.360000000000000000e+02,4.160000000000000000e+02,-6.380000000000000000e+02,6.800000000000000000e+01,3.700000000000000000e+01
1.680080654996797800e+09,1.609600000000000000e+04,2.960000000000000000e+02,4.840000000000000000e+02,-6.600000000000000000e+02,2.900000000000000000e+01,3.200000000000000000e+01
1.680080654999326706e+09,1.613200000000000000e+04,3.640000000000000000e+02,2.880000000000000000e+02,-6.440000000000000000e+02,5.600000000000000000e+01,3.500000000000000000e+01
1.680080655000530243e+09,1.609200000000000000e+04,3.320000000000000000e+02,3.160000000000000000e+02,-6.460000000000000000e+02,5.400000000000000000e+01,8.000000000000000000e+00
1.680080655002905130e+09,1.618000000000000000e+04,2.720000000000000000e+02,3.800000000000000000e+02,-6.320000000000000000e+02,5.200000000000000000e+01,3.500000000000000000e+01
1.680080655004211903e+09,1.622800000000000000e+04,3.000000000000000000e+02,3.200000000000000000e+02,-6.380000000000000000e+02,3.800000000000000000e+01,4.400000000000000000e+01
1.680080655006575584e+09,1.617200000000000000e+04,2.640000000000000000e+02,3.560000000000000000e+02,-6.420000000000000000e+02,5.700000000000000000e+01,2.000000000000000000e+01
1.680080655008020401e+09,1.619200000000000000e+04,3.840000000000000000e+02,2.400000000000000000e+02,-6.100000000000000000e+02,5.800000000000000000e+01,2.100000000000000000e+01
1.680080655010348320e+09,1.616400000000000000e+04,2.520000000000000000e+02,3.840000000000000000e+02,-6.510000000000000000e+02,4.600000000000000000e+01,2.000000000000000000e+01
1.680080655011509180e+09,1.610800000000000000e+04,2.920000000000000000e+02,3.040000000000000000e+02,-6.480000000000000000e+02,4.300000000000000000e+01,1.400000000000000000e+01
1.680080655013937473e+09,1.616400000000000000e+04,2.000000000000000000e+02,2.240000000000000000e+02,-6.470000000000000000e+02,5.100000000000000000e+01,2.300000000000000000e+01
1.680080655015006304e+09,1.617600000000000000e+04,3.000000000000000000e+02,2.520000000000000000e+02,-6.260000000000000000e+02,4.800000000000000000e+01,2.100000000000000000e+01
1.680080655017385483e+09,1.618000000000000000e+04,3.240000000000000000e+02,3.800000000000000000e+02,-6.290000000000000000e+02,4.000000000000000000e+01,4.000000000000000000e+01
1.680080655018710852e+09,1.618000000000000000e+04,2.560000000000000000e+02,3.320000000000000000e+02,-6.370000000000000000e+02,7.100000000000000000e+01,3.100000000000000000e+01
1.680080655020969391e+09,1.622000000000000000e+04,3.800000000000000000e+02,2.760000000000000000e+02,-6.090000000000000000e+02,4.200000000000000000e+01,4.100000000000000000e+01
1.680080655022161961e+09,1.619600000000000000e+04,3.400000000000000000e+02,2.560000000000000000e+02,-6.170000000000000000e+02,6.000000000000000000e+01,4.200000000000000000e+01
1.680080655024485111e+09,1.625200000000000000e+04,2.960000000000000000e+02,3.000000000000000000e+02,-6.530000000000000000e+02,2.500000000000000000e+01,2.300000000000000000e+01
1.680080655025650024e+09,1.617600000000000000e+04,2.480000000000000000e+02,3.880000000000000000e+02,-6.400000000000000000e+02,4.600000000000000000e+01,1.100000000000000000e+01
1.680080655028032541e+09,1.610400000000000000e+04,3.080000000000000000e+02,3.320000000000000000e+02,-6.540000000000000000e+02,2.600000000000000000e+01,6.700000000000000000e+01
1.680080655029396534e+09,1.627200000000000000e+04,3.160000000000000000e+02,2.640000000000000000e+02,-6.530000000000000000e+02,3.900000000000000000e+01,3.900000000000000000e+01
1.680080655031629562e+09,1.624000000000000000e+04,3.880000000000000000e+02,2.760000000000000000e+02,-6.220000000000000000e+02,5.600000000000000000e+01,1.500000000000000000e+01
1.680080655033138514e+09,1.622800000000000000e+04,3.440000000000000000e+02,3.520000000000000000e+02,-6.220000000000000000e+02,4.000000000000000000e+01,2.600000000000000000e+01
1.680080655035290956e+09,1.620400000000000000e+04,3.880000000000000000e+02,3.840000000000000000e+02,-6.290000000000000000e+02,4.600000000000000000e+01,4.200000000000000000e+01
1.680080655036768913e+09,1.624400000000000000e+04,2.840000000000000000e+02,4.200000000000000000e+02,-6.260000000000000000e+02,4.500000000000000000e+01,4.100000000000000000e+01
1.680080655039072275e+09,1.620000000000000000e+04,3.360000000000000000e+02,3.640000000000000000e+02,-6.370000000000000000e+02,5.900000000000000000e+01,3.500000000000000000e+01
1.680080655040158987e+09,1.608800000000000000e+04,3.320000000000000000e+02,2.080000000000000000e+02,-6.340000000000000000e+02,5.100000000000000000e+01,4.900000000000000000e+01
1.680080655042458057e+09,1.612000000000000000e+04,3.440000000000000000e+02,2.920000000000000000e+02,-6.450000000000000000e+02,5.400000000000000000e+01,2.500000000000000000e+01
1.680080655044052362e+09,1.620000000000000000e+04,3.840000000000000000e+02,3.040000000000000000e+02,-6.500000000000000000e+02,2.100000000000000000e+01,4.800000000000000000e+01
1.680080655046412468e+09,1.617600000000000000e+04,2.960000000000000000e+02,3.640000000000000000e+02,-6.220000000000000000e+02,6.500000000000000000e+01,3.500000000000000000e+01
1.680080655047879457e+09,1.607200000000000000e+04,3.400000000000000000e+02,3.400000000000000000e+02,-6.200000000000000000e+02,5.600000000000000000e+01,3.100000000000000000e+01
1.680080655050215244e+09,1.616000000000000000e+04,3.480000000000000000e+02,3.040000000000000000e+02,-6.540000000000000000e+02,5.500000000000000000e+01,5.300000000000000000e+01
1.680080655051482677e+09,1.616800000000000000e+04,2.800000000000000000e+02,2.720000000000000000e+02,-6.410000000000000000e+02,4.700000000000000000e+01,3.100000000000000000e+01
1.680080655053872824e+09,1.622800000000000000e+04,4.000000000000000000e+02,3.360000000000000000e+02,-6.390000000000000000e+02,6.300000000000000000e+01,3.100000000000000000e+01
1.680080655055072069e+09,1.615600000000000000e+04,2.960000000000000000e+02,3.240000000000000000e+02,-6.450000000000000000e+02,5.800000000000000000e+01,4.500000000000000000e+01
1.680080655059661388e+09,1.609200000000000000e+04,3.240000000000000000e+02,2.840000000000000000e+02,-6.200000000000000000e+02,1.700000000000000000e+01,2.500000000000000000e+01
1.680080655061082125e+09,1.611600000000000000e+04,2.600000000000000000e+02,2.680000000000000000e+02,-6.250000000000000000e+02,4.000000000000000000e+01,3.400000000000000000e+01
1.680080655063334942e+09,1.618800000000000000e+04,2.680000000000000000e+02,3.480000000000000000e+02,-6.560000000000000000e+02,5.500000000000000000e+01,5.300000000000000000e+01
1.680080655064390659e+09,1.618400000000000000e+04,3.360000000000000000e+02,2.600000000000000000e+02,-6.410000000000000000e+02,5.400000000000000000e+01,3.900000000000000000e+01
1.680080655066605330e+09,1.621600000000000000e+04,2.920000000000000000e+02,2.840000000000000000e+02,-6.270000000000000000e+02,3.100000000000000000e+01,3.700000000000000000e+01
1.680080655068048716e+09,1.622400000000000000e+04,3.400000000000000000e+02,3.320000000000000000e+02,-6.330000000000000000e+02,4.000000000000000000e+01,4.200000000000000000e+01
1.680080655070296049e+09,1.620400000000000000e+04,3.120000000000000000e+02,4.280000000000000000e+02,-6.300000000000000000e+02,5.700000000000000000e+01,2.500000000000000000e+01
1.680080655071777821e+09,1.622800000000000000e+04,3.240000000000000000e+02,3.160000000000000000e+02,-6.440000000000000000e+02,3.300000000000000000e+01,3.900000000000000000e+01
1.680080655074115992e+09,1.616800000000000000e+04,2.320000000000000000e+02,2.520000000000000000e+02,-6.550000000000000000e+02,3.600000000000000000e+01,4.200000000000000000e+01
1.680080655075564623e+09,1.622000000000000000e+04,2.800000000000000000e+02,3.720000000000000000e+02,-6.570000000000000000e+02,6.500000000000000000e+01,4.600000000000000000e+01
1.680080655077868700e+09,1.610000000000000000e+04,2.720000000000000000e+02,3.720000000000000000e+02,-6.420000000000000000e+02,4.800000000000000000e+01,3.400000000000000000e+01
1.680080655079203606e+09,1.621200000000000000e+04,3.520000000000000000e+02,4.720000000000000000e+02,-6.470000000000000000e+02,4.300000000000000000e+01,4.000000000000000000e+01
1.680080655081379652e+09,1.620000000000000000e+04,2.320000000000000000e+02,2.440000000000000000e+02,-6.430000000000000000e+02,5.000000000000000000e+01,3.200000000000000000e+01
1.680080655082832575e+09,1.621600000000000000e+04,3.320000000000000000e+02,3.560000000000000000e+02,-6.300000000000000000e+02,3.300000000000000000e+01,3.200000000000000000e+01
1.680080655085241318e+09,1.620800000000000000e+04,3.840000000000000000e+02,2.720000000000000000e+02,-6.500000000000000000e+02,3.400000000000000000e+01,2.600000000000000000e+01
1.680080655086788654e+09,1.620000000000000000e+04,3.280000000000000000e+02,3.400000000000000000e+02,-6.500000000000000000e+02,3.900000000000000000e+01,3.700000000000000000e+01
1.680080655089138508e+09,1.620000000000000000e+04,2.760000000000000000e+02,4.200000000000000000e+02,-6.400000000000000000e+02,5.400000000000000000e+01,1.900000000000000000e+01
1.680080655090245724e+09,1.630000000000000000e+04,1.840000000000000000e+02,3.880000000000000000e+02,-6.570000000000000000e+02,4.400000000000000000e+01,4.600000000000000000e+01
1.680080655092725992e+09,1.610400000000000000e+04,2.480000000000000000e+02,3.840000000000000000e+02,-6.410000000000000000e+02,5.900000000000000000e+01,2.700000000000000000e+01
1.680080655094472647e+09,1.608400000000000000e+04,1.880000000000000000e+02,3.840000000000000000e+02,-6.410000000000000000e+02,5.400000000000000000e+01,-3.000000000000000000e+00
1.680080655096889496e+09,1.628800000000000000e+04,2.600000000000000000e+02,3.640000000000000000e+02,-6.540000000000000000e+02,3.500000000000000000e+01,4.600000000000000000e+01
1.680080655098266602e+09,1.621200000000000000e+04,2.200000000000000000e+02,2.880000000000000000e+02,-6.110000000000000000e+02,2.900000000000000000e+01,4.400000000000000000e+01
1.680080655100565672e+09,1.614800000000000000e+04,2.960000000000000000e+02,2.360000000000000000e+02,-6.590000000000000000e+02,5.700000000000000000e+01,3.000000000000000000e+01
1.680080655102189302e+09,1.621200000000000000e+04,3.280000000000000000e+02,2.520000000000000000e+02,-6.420000000000000000e+02,4.500000000000000000e+01,3.700000000000000000e+01
1.680080655104406357e+09,1.610000000000000000e+04,3.080000000000000000e+02,4.320000000000000000e+02,-6.550000000000000000e+02,4.700000000000000000e+01,5.400000000000000000e+01
1.680080655105867624e+09,1.617600000000000000e+04,2.520000000000000000e+02,3.320000000000000000e+02,-6.500000000000000000e+02,2.700000000000000000e+01,2.100000000000000000e+01
1.680080655108304024e+09,1.625200000000000000e+04,3.520000000000000000e+02,3.520000000000000000e+02,-6.260000000000000000e+02,6.100000000000000000e+01,1.900000000000000000e+01
1.680080655109868050e+09,1.619600000000000000e+04,1.680000000000000000e+02,3.680000000000000000e+02,-6.270000000000000000e+02,3.400000000000000000e+01,2.300000000000000000e+01
1.680080655112312794e+09,1.618400000000000000e+04,2.080000000000000000e+02,3.120000000000000000e+02,-6.310000000000000000e+02,2.900000000000000000e+01,4.500000000000000000e+01
1.680080655113543272e+09,1.612800000000000000e+04,2.920000000000000000e+02,3.200000000000000000e+02,-6.340000000000000000e+02,5.500000000000000000e+01,3.800000000000000000e+01
1.680080655115740776e+09,1.612000000000000000e+04,2.800000000000000000e+02,3.560000000000000000e+02,-6.440000000000000000e+02,5.200000000000000000e+01,4.500000000000000000e+01
1.680080655117038012e+09,1.618400000000000000e+04,2.760000000000000000e+02,3.040000000000000000e+02,-6.220000000000000000e+02,4.100000000000000000e+01,3.300000000000000000e+01
1.680080655119424820e+09,1.622000000000000000e+04,2.280000000000000000e+02,4.040000000000000000e+02,-6.310000000000000000e+02,4.500000000000000000e+01,3.700000000000000000e+01
1.680080655120830774e+09,1.626000000000000000e+04,2.800000000000000000e+02,4.040000000000000000e+02,-6.100000000000000000e+02,6.900000000000000000e+01,3.900000000000000000e+01
1.680080655123120308e+09,1.618000000000000000e+04,3.120000000000000000e+02,3.520000000000000000e+02,-6.340000000000000000e+02,2.700000000000000000e+01,3.200000000000000000e+01
1.680080655124558687e+09,1.622000000000000000e+04,3.000000000000000000e+02,3.000000000000000000e+02,-6.320000000000000000e+02,4.000000000000000000e+01,5.000000000000000000e+01
1.680080655127101421e+09,1.623600000000000000e+04,2.920000000000000000e+02,1.960000000000000000e+02,-6.340000000000000000e+02,4.700000000000000000e+01,2.300000000000000000e+01
1.680080655128623247e+09,1.620400000000000000e+04,3.320000000000000000e+02,3.240000000000000000e+02,-6.380000000000000000e+02,4.400000000000000000e+01,1.300000000000000000e+01
1.680080655130951405e+09,1.616800000000000000e+04,2.200000000000000000e+02,2.600000000000000000e+02,-6.300000000000000000e+02,6.000000000000000000e+01,4.200000000000000000e+01
1.680080655132326603e+09,1.621600000000000000e+04,3.080000000000000000e+02,3.840000000000000000e+02,-6.380000000000000000e+02,4.600000000000000000e+01,3.600000000000000000e+01
1.680080655134680986e+09,1.621200000000000000e+04,3.000000000000000000e+02,3.040000000000000000e+02,-6.310000000000000000e+02,2.700000000000000000e+01,3.800000000000000000e+01
1.680080655135951281e+09,1.616400000000000000e+04,3.280000000000000000e+02,2.280000000000000000e+02,-6.460000000000000000e+02,3.700000000000000000e+01,3.500000000000000000e+01
1.680080655138480663e+09,1.616800000000000000e+04,2.720000000000000000e+02,3.600000000000000000e+02,-6.270000000000000000e+02,4.100000000000000000e+01,3.800000000000000000e+01
1.680080655139821529e+09,1.630800000000000000e+04,1.760000000000000000e+02,4.520000000000000000e+02,-6.130000000000000000e+02,5.200000000000000000e+01,2.300000000000000000e+01
1.680080655142159939e+09,1.612800000000000000e+04,3.480000000000000000e+02,2.920000000000000000e+02,-6.490000000000000000e+02,4.600000000000000000e+01,3.500000000000000000e+01
1.680080655143324614e+09,1.624000000000000000e+04,3.000000000000000000e+02,4.880000000000000000e+02,-6.390000000000000000e+02,3.000000000000000000e+01,3.600000000000000000e+01
1.680080655145659685e+09,1.619600000000000000e+04,2.760000000000000000e+02,3.880000000000000000e+02,-6.440000000000000000e+02,4.900000000000000000e+01,5.200000000000000000e+01
1.680080655147055626e+09,1.615600000000000000e+04,2.360000000000000000e+02,4.440000000000000000e+02,-6.400000000000000000e+02,5.300000000000000000e+01,4.000000000000000000e+01
1.680080655149263620e+09,1.619200000000000000e+04,2.960000000000000000e+02,3.640000000000000000e+02,-6.230000000000000000e+02,2.500000000000000000e+01,1.600000000000000000e+01
1.680080655150774240e+09,1.616000000000000000e+04,2.600000000000000000e+02,4.040000000000000000e+02,-6.510000000000000000e+02,6.200000000000000000e+01,4.200000000000000000e+01
1.680080655153269529e+09,1.616000000000000000e+04,4.000000000000000000e+02,3.080000000000000000e+02,-6.530000000000000000e+02,3.800000000000000000e+01,3.100000000000000000e+01
1.680080655154736280e+09,1.617200000000000000e+04,3.600000000000000000e+02,3.320000000000000000e+02,-6.430000000000000000e+02,3.700000000000000000e+01,3.400000000000000000e+01
1.680080655156983614e+09,1.621600000000000000e+04,4.200000000000000000e+02,3.640000000000000000e+02,-6.330000000000000000e+02,6.900000000000000000e+01,3.400000000000000000e+01
1.680080655158377171e+09,1.622400000000000000e+04,3.760000000000000000e+02,3.720000000000000000e+02,-6.240000000000000000e+02,5.800000000000000000e+01,3.000000000000000000e+01
1.680080655160603046e+09,1.615200000000000000e+04,3.240000000000000000e+02,3.800000000000000000e+02,-6.320000000000000000e+02,4.300000000000000000e+01,2.200000000000000000e+01
1.680080655162086964e+09,1.614000000000000000e+04,2.400000000000000000e+02,3.040000000000000000e+02,-6.430000000000000000e+02,3.600000000000000000e+01,2.900000000000000000e+01
1.680080655164474249e+09,1.618800000000000000e+04,3.360000000000000000e+02,3.600000000000000000e+02,-6.410000000000000000e+02,5.100000000000000000e+01,4.100000000000000000e+01
1.680080655165563822e+09,1.615200000000000000e+04,3.080000000000000000e+02,2.920000000000000000e+02,-6.170000000000000000e+02,5.300000000000000000e+01,2.900000000000000000e+01
1.680080655167859316e+09,1.615200000000000000e+04,2.800000000000000000e+02,2.520000000000000000e+02,-6.410000000000000000e+02,4.600000000000000000e+01,3.900000000000000000e+01
1.680080655169250250e+09,1.622800000000000000e+04,2.640000000000000000e+02,3.320000000000000000e+02,-6.350000000000000000e+02,5.200000000000000000e+01,2.200000000000000000e+01
1.680080655171696186e+09,1.623600000000000000e+04,3.000000000000000000e+02,3.240000000000000000e+02,-6.400000000000000000e+02,5.900000000000000000e+01,3.900000000000000000e+01
1.680080655173217297e+09,1.614800000000000000e+04,2.600000000000000000e+02,4.200000000000000000e+02,-6.330000000000000000e+02,3.900000000000000000e+01,4.900000000000000000e+01
1.680080655175663948e+09,1.622400000000000000e+04,3.480000000000000000e+02,4.000000000000000000e+02,-6.510000000000000000e+02,5.800000000000000000e+01,2.500000000000000000e+01
1.680080655176991224e+09,1.618800000000000000e+04,3.480000000000000000e+02,2.640000000000000000e+02,-6.460000000000000000e+02,4.200000000000000000e+01,2.200000000000000000e+01
1.680080655179263592e+09,1.614400000000000000e+04,3.040000000000000000e+02,3.640000000000000000e+02,-6.300000000000000000e+02,4.800000000000000000e+01,3.600000000000000000e+01
1.680080655180757999e+09,1.614000000000000000e+04,3.960000000000000000e+02,2.640000000000000000e+02,-6.490000000000000000e+02,5.300000000000000000e+01,4.200000000000000000e+01
1.680080655183193684e+09,1.612000000000000000e+04,3.040000000000000000e+02,2.640000000000000000e+02,-6.350000000000000000e+02,5.200000000000000000e+01,1.800000000000000000e+01
1.680080655184561491e+09,1.615200000000000000e+04,2.720000000000000000e+02,1.680000000000000000e+02,-6.170000000000000000e+02,5.500000000000000000e+01,3.100000000000000000e+01
1.680080655187053204e+09,1.614400000000000000e+04,2.480000000000000000e+02,2.440000000000000000e+02,-6.460000000000000000e+02,2.800000000000000000e+01,4.700000000000000000e+01
1.680080655188145399e+09,1.629200000000000000e+04,3.440000000000000000e+02,3.320000000000000000e+02,-6.650000000000000000e+02,1.600000000000000000e+01,4.800000000000000000e+01
1.680080655190413713e+09,1.612000000000000000e+04,4.160000000000000000e+02,2.240000000000000000e+02,-6.530000000000000000e+02,6.100000000000000000e+01,3.300000000000000000e+01
1.680080655191939116e+09,1.624400000000000000e+04,2.840000000000000000e+02,3.200000000000000000e+02,-6.170000000000000000e+02,4.500000000000000000e+01,3.900000000000000000e+01
1.680080655194529057e+09,1.617600000000000000e+04,3.080000000000000000e+02,3.360000000000000000e+02,-6.630000000000000000e+02,4.700000000000000000e+01,3.700000000000000000e+01
1.680080655195767403e+09,1.614400000000000000e+04,2.480000000000000000e+02,2.560000000000000000e+02,-6.690000000000000000e+02,4.100000000000000000e+01,3.000000000000000000e+01
1.680080655198057175e+09,1.613200000000000000e+04,3.280000000000000000e+02,2.480000000000000000e+02,-6.380000000000000000e+02,5.000000000000000000e+01,1.700000000000000000e+01
1.680080655199452639e+09,1.615200000000000000e+04,3.400000000000000000e+02,4.680000000000000000e+02,-6.110000000000000000e+02,5.500000000000000000e+01,3.600000000000000000e+01
1.680080655202252150e+09,1.619600000000000000e+04,2.960000000000000000e+02,3.000000000000000000e+02,-6.630000000000000000e+02,4.700000000000000000e+01,3.100000000000000000e+01
1.680080655203526258e+09,1.618800000000000000e+04,3.760000000000000000e+02,3.160000000000000000e+02,-6.400000000000000000e+02,4.000000000000000000e+01,2.200000000000000000e+01
1.680080655206133604e+09,1.626000000000000000e+04,2.440000000000000000e+02,2.520000000000000000e+02,-6.320000000000000000e+02,2.400000000000000000e+01,2.100000000000000000e+01
1.680080655208139420e+09,1.616400000000000000e+04,4.160000000000000000e+02,2.480000000000000000e+02,-6.270000000000000000e+02,4.600000000000000000e+01,3.500000000000000000e+01
1.680080655210562706e+09,1.620400000000000000e+04,3.000000000000000000e+02,3.640000000000000000e+02,-6.550000000000000000e+02,4.100000000000000000e+01,3.800000000000000000e+01
1.680080655211735249e+09,1.614400000000000000e+04,3.480000000000000000e+02,3.040000000000000000e+02,-6.330000000000000000e+02,5.800000000000000000e+01,4.900000000000000000e+01
1.680080655214077711e+09,1.611600000000000000e+04,3.080000000000000000e+02,2.640000000000000000e+02,-6.460000000000000000e+02,4.000000000000000000e+01,2.100000000000000000e+01
1.680080655215257883e+09,1.623200000000000000e+04,2.880000000000000000e+02,3.640000000000000000e+02,-6.480000000000000000e+02,5.700000000000000000e+01,1.000000000000000000e+01
1.680080655217718363e+09,1.621600000000000000e+04,2.520000000000000000e+02,3.600000000000000000e+02,-6.520000000000000000e+02,2.300000000000000000e+01,3.200000000000000000e+01
1.680080655219179153e+09,1.610800000000000000e+04,2.960000000000000000e+02,4.200000000000000000e+02,-6.390000000000000000e+02,5.700000000000000000e+01,1.800000000000000000e+01
1.680080655221673965e+09,1.613600000000000000e+04,2.880000000000000000e+02,4.040000000000000000e+02,-6.540000000000000000e+02,6.900000000000000000e+01,2.700000000000000000e+01
1.680080655222774506e+09,1.622800000000000000e+04,2.760000000000000000e+02,3.160000000000000000e+02,-6.260000000000000000e+02,4.500000000000000000e+01,1.900000000000000000e+01
1.680080655225362539e+09,1.616800000000000000e+04,3.400000000000000000e+02,2.400000000000000000e+02,-6.240000000000000000e+02,5.000000000000000000e+01,3.600000000000000000e+01
1.680080655226782322e+09,1.620800000000000000e+04,3.600000000000000000e+02,2.960000000000000000e+02,-6.320000000000000000e+02,4.600000000000000000e+01,3.300000000000000000e+01
1.680080655229125977e+09,1.618000000000000000e+04,3.440000000000000000e+02,3.960000000000000000e+02,-6.250000000000000000e+02,4.200000000000000000e+01,2.200000000000000000e+01
1.680080655230593443e+09,1.618000000000000000e+04,3.080000000000000000e+02,3.520000000000000000e+02,-6.280000000000000000e+02,3.500000000000000000e+01,3.300000000000000000e+01
1.680080655233035326e+09,1.617200000000000000e+04,2.520000000000000000e+02,2.160000000000000000e+02,-6.390000000000000000e+02,3.600000000000000000e+01,2.300000000000000000e+01
1.680080655234121799e+09,1.619600000000000000e+04,3.080000000000000000e+02,2.800000000000000000e+02,-6.420000000000000000e+02,4.200000000000000000e+01,2.700000000000000000e+01
1.680080655236580849e+09,1.620000000000000000e+04,2.960000000000000000e+02,3.760000000000000000e+02,-6.260000000000000000e+02,5.000000000000000000e+01,3.200000000000000000e+01
1.680080655237700701e+09,1.622400000000000000e+04,2.840000000000000000e+02,3.440000000000000000e+02,-6.280000000000000000e+02,5.200000000000000000e+01,1.600000000000000000e+01
1.680080655240158558e+09,1.617600000000000000e+04,3.760000000000000000e+02,2.800000000000000000e+02,-6.340000000000000000e+02,3.600000000000000000e+01,4.800000000000000000e+01
1.680080655241499662e+09,1.626400000000000000e+04,2.680000000000000000e+02,3.880000000000000000e+02,-6.390000000000000000e+02,4.900000000000000000e+01,3.200000000000000000e+01
1.680080655244013548e+09,1.624400000000000000e+04,3.560000000000000000e+02,2.760000000000000000e+02,-6.610000000000000000e+02,6.500000000000000000e+01,4.100000000000000000e+01
1.680080655245257378e+09,1.611200000000000000e+04,3.760000000000000000e+02,3.160000000000000000e+02,-6.580000000000000000e+02,5.200000000000000000e+01,3.200000000000000000e+01
1.680080655247825861e+09,1.616000000000000000e+04,2.320000000000000000e+02,3.120000000000000000e+02,-6.500000000000000000e+02,3.300000000000000000e+01,3.400000000000000000e+01
1.680080655249074936e+09,1.622000000000000000e+04,3.160000000000000000e+02,3.120000000000000000e+02,-6.630000000000000000e+02,3.400000000000000000e+01,1.800000000000000000e+01
1.680080655251429081e+09,1.623200000000000000e+04,3.840000000000000000e+02,2.600000000000000000e+02,-6.140000000000000000e+02,5.400000000000000000e+01,1.700000000000000000e+01
1.680080655252710104e+09,1.619200000000000000e+04,3.680000000000000000e+02,3.360000000000000000e+02,-6.340000000000000000e+02,5.300000000000000000e+01,1.700000000000000000e+01
1.680080655255288363e+09,1.616400000000000000e+04,3.200000000000000000e+02,3.600000000000000000e+02,-6.160000000000000000e+02,3.900000000000000000e+01,4.500000000000000000e+01
1.680080655256500244e+09,1.620400000000000000e+04,2.680000000000000000e+02,3.280000000000000000e+02,-6.150000000000000000e+02,6.100000000000000000e+01,4.500000000000000000e+01
1.680080655258844376e+09,1.614000000000000000e+04,3.040000000000000000e+02,4.160000000000000000e+02,-6.420000000000000000e+02,5.100000000000000000e+01,1.300000000000000000e+01
1.680080655260188580e+09,1.611600000000000000e+04,3.800000000000000000e+02,3.800000000000000000e+02,-6.330000000000000000e+02,6.700000000000000000e+01,1.800000000000000000e+01
1.680080655262794971e+09,1.613600000000000000e+04,2.600000000000000000e+02,4.920000000000000000e+02,-6.500000000000000000e+02,5.800000000000000000e+01,4.000000000000000000e+01
1.680080655264124870e+09,1.614800000000000000e+04,2.360000000000000000e+02,2.360000000000000000e+02,-6.320000000000000000e+02,6.200000000000000000e+01,3.800000000000000000e+01
1.680080655266630411e+09,1.610800000000000000e+04,2.880000000000000000e+02,1.760000000000000000e+02,-6.430000000000000000e+02,2.000000000000000000e+01,2.400000000000000000e+01
1.680080655267756701e+09,1.606800000000000000e+04,2.600000000000000000e+02,2.920000000000000000e+02,-6.480000000000000000e+02,3.500000000000000000e+01,2.900000000000000000e+01
1.680080655270116568e+09,1.618800000000000000e+04,2.400000000000000000e+02,2.880000000000000000e+02,-6.320000000000000000e+02,4.900000000000000000e+01,3.400000000000000000e+01
1.680080655271469116e+09,1.612000000000000000e+04,2.840000000000000000e+02,1.600000000000000000e+02,-6.350000000000000000e+02,3.600000000000000000e+01,2.700000000000000000e+01
1.680080655273993492e+09,1.622800000000000000e+04,3.800000000000000000e+02,3.160000000000000000e+02,-6.320000000000000000e+02,6.300000000000000000e+01,6.000000000000000000e+01
1.680080655275456905e+09,1.624000000000000000e+04,3.160000000000000000e+02,2.320000000000000000e+02,-6.300000000000000000e+02,5.200000000000000000e+01,2.700000000000000000e+01
1.680080655277965307e+09,1.620800000000000000e+04,2.880000000000000000e+02,3.440000000000000000e+02,-6.590000000000000000e+02,5.300000000000000000e+01,4.500000000000000000e+01
1.680080655279134750e+09,1.622800000000000000e+04,3.200000000000000000e+02,3.320000000000000000e+02,-6.500000000000000000e+02,3.100000000000000000e+01,3.100000000000000000e+01
1.680080655281484127e+09,1.616800000000000000e+04,3.160000000000000000e+02,2.840000000000000000e+02,-6.460000000000000000e+02,5.500000000000000000e+01,4.200000000000000000e+01
1.680080655282670498e+09,1.618800000000000000e+04,2.400000000000000000e+02,4.600000000000000000e+02,-6.560000000000000000e+02,5.800000000000000000e+01,4.000000000000000000e+01
1.680080655284953117e+09,1.617200000000000000e+04,2.000000000000000000e+02,2.120000000000000000e+02,-6.240000000000000000e+02,4.800000000000000000e+01,3.200000000000000000e+01
1.680080655286605120e+09,1.613600000000000000e+04,2.120000000000000000e+02,3.400000000000000000e+02,-6.220000000000000000e+02,4.400000000000000000e+01,1.100000000000000000e+01
1.680080655289015532e+09,1.613200000000000000e+04,2.360000000000000000e+02,3.040000000000000000e+02,-6.380000000000000000e+02,3.400000000000000000e+01,1.600000000000000000e+01
1.680080655290228367e+09,1.615200000000000000e+04,2.280000000000000000e+02,3.480000000000000000e+02,-6.170000000000000000e+02,4.800000000000000000e+01,1.800000000000000000e+01
1.680080655292623043e+09,1.618800000000000000e+04,1.920000000000000000e+02,3.480000000000000000e+02,-6.480000000000000000e+02,4.500000000000000000e+01,5.600000000000000000e+01
1.680080655293876886e+09,1.622400000000000000e+04,2.000000000000000000e+02,2.440000000000000000e+02,-6.320000000000000000e+02,4.200000000000000000e+01,3.500000000000000000e+01
1.680080655296318531e+09,1.618800000000000000e+04,2.440000000000000000e+02,3.400000000000000000e+02,-6.650000000000000000e+02,4.700000000000000000e+01,5.200000000000000000e+01
1.680080655297598839e+09,1.617600000000000000e+04,2.840000000000000000e+02,3.520000000000000000e+02,-6.560000000000000000e+02,4.500000000000000000e+01,2.200000000000000000e+01
1.680080655299966097e+09,1.618800000000000000e+04,3.360000000000000000e+02,2.960000000000000000e+02,-6.460000000000000000e+02,5.800000000000000000e+01,1.600000000000000000e+01
1.680080655301187038e+09,1.621200000000000000e+04,2.600000000000000000e+02,3.760000000000000000e+02,-6.450000000000000000e+02,6.100000000000000000e+01,2.800000000000000000e+01
1.680080655303466797e+09,1.618400000000000000e+04,2.640000000000000000e+02,3.400000000000000000e+02,-6.330000000000000000e+02,6.000000000000000000e+01,1.300000000000000000e+01
1.680080655304720879e+09,1.622000000000000000e+04,3.160000000000000000e+02,2.240000000000000000e+02,-6.300000000000000000e+02,5.000000000000000000e+01,3.300000000000000000e+01
1.680080655307172060e+09,1.624000000000000000e+04,2.240000000000000000e+02,2.600000000000000000e+02,-6.340000000000000000e+02,4.800000000000000000e+01,3.200000000000000000e+01
1.680080655308316708e+09,1.610800000000000000e+04,2.800000000000000000e+02,3.520000000000000000e+02,-6.410000000000000000e+02,2.700000000000000000e+01,2.100000000000000000e+01
1.680080655310553551e+09,1.617200000000000000e+04,2.520000000000000000e+02,3.080000000000000000e+02,-6.230000000000000000e+02,3.200000000000000000e+01,3.800000000000000000e+01
1.680080655311809778e+09,1.618400000000000000e+04,2.480000000000000000e+02,3.880000000000000000e+02,-6.140000000000000000e+02,4.100000000000000000e+01,2.300000000000000000e+01
1.680080655314095974e+09,1.620000000000000000e+04,2.040000000000000000e+02,3.640000000000000000e+02,-6.530000000000000000e+02,5.400000000000000000e+01,3.400000000000000000e+01
1.680080655315603733e+09,1.621600000000000000e+04,2.920000000000000000e+02,3.920000000000000000e+02,-6.300000000000000000e+02,2.600000000000000000e+01,2.800000000000000000e+01
1.680080655318035126e+09,1.620400000000000000e+04,3.560000000000000000e+02,2.760000000000000000e+02,-6.400000000000000000e+02,4.900000000000000000e+01,2.100000000000000000e+01
1.680080655319353104e+09,1.610400000000000000e+04,3.560000000000000000e+02,3.400000000000000000e+02,-6.360000000000000000e+02,6.200000000000000000e+01,2.000000000000000000e+01
1.680080655322010517e+09,1.626000000000000000e+04,2.640000000000000000e+02,3.400000000000000000e+02,-6.480000000000000000e+02,4.300000000000000000e+01,-1.000000000000000000e+00
1.680080655323223352e+09,1.619600000000000000e+04,2.640000000000000000e+02,1.160000000000000000e+02,-6.380000000000000000e+02,4.700000000000000000e+01,2.100000000000000000e+01
1.680080655325461864e+09,1.620000000000000000e+04,2.560000000000000000e+02,2.480000000000000000e+02,-6.440000000000000000e+02,4.000000000000000000e+01,4.800000000000000000e+01
1.680080655326945543e+09,1.624400000000000000e+04,3.520000000000000000e+02,3.880000000000000000e+02,-6.170000000000000000e+02,4.700000000000000000e+01,3.200000000000000000e+01
1.680080655329262733e+09,1.622400000000000000e+04,3.520000000000000000e+02,4.040000000000000000e+02,-6.100000000000000000e+02,4.600000000000000000e+01,3.000000000000000000e+00
1.680080655330573797e+09,1.621600000000000000e+04,3.520000000000000000e+02,3.200000000000000000e+02,-6.260000000000000000e+02,8.100000000000000000e+01,5.500000000000000000e+01
1.680080655332904816e+09,1.620400000000000000e+04,2.440000000000000000e+02,2.000000000000000000e+02,-6.470000000000000000e+02,3.700000000000000000e+01,4.200000000000000000e+01
1.680080655334177971e+09,1.616400000000000000e+04,3.480000000000000000e+02,3.200000000000000000e+02,-6.270000000000000000e+02,4.000000000000000000e+01,2.100000000000000000e+01
1.680080655336537838e+09,1.618800000000000000e+04,3.600000000000000000e+02,3.320000000000000000e+02,-6.420000000000000000e+02,1.800000000000000000e+01,4.400000000000000000e+01
1.680080655337808847e+09,1.611200000000000000e+04,3.640000000000000000e+02,4.760000000000000000e+02,-5.740000000000000000e+02,4.100000000000000000e+01,3.300000000000000000e+01
1.680080655340048552e+09,1.610400000000000000e+04,3.440000000000000000e+02,4.040000000000000000e+02,-6.740000000000000000e+02,7.100000000000000000e+01,4.000000000000000000e+00
1.680080655341356993e+09,1.616000000000000000e+04,4.120000000000000000e+02,3.400000000000000000e+02,-6.620000000000000000e+02,4.400000000000000000e+01,2.200000000000000000e+01
1.680080655343754530e+09,1.607600000000000000e+04,2.960000000000000000e+02,2.000000000000000000e+02,-6.520000000000000000e+02,4.600000000000000000e+01,4.100000000000000000e+01
1.680080655345401525e+09,1.615200000000000000e+04,3.280000000000000000e+02,3.400000000000000000e+02,-6.290000000000000000e+02,4.900000000000000000e+01,3.700000000000000000e+01
1.680080655347870350e+09,1.618800000000000000e+04,3.760000000000000000e+02,3.640000000000000000e+02,-6.300000000000000000e+02,6.700000000000000000e+01,2.800000000000000000e+01
1.680080655349062443e+09,1.616400000000000000e+04,3.560000000000000000e+02,4.680000000000000000e+02,-6.350000000000000000e+02,4.100000000000000000e+01,2.500000000000000000e+01
1.680080655351544380e+09,1.625200000000000000e+04,2.600000000000000000e+02,4.160000000000000000e+02,-6.460000000000000000e+02,2.400000000000000000e+01,1.700000000000000000e+01
1.680080655353114605e+09,1.622000000000000000e+04,2.960000000000000000e+02,2.960000000000000000e+02,-6.050000000000000000e+02,2.300000000000000000e+01,2.600000000000000000e+01
1.680080655355781794e+09,1.616800000000000000e+04,3.200000000000000000e+02,2.600000000000000000e+02,-6.650000000000000000e+02,4.400000000000000000e+01,2.900000000000000000e+01
1.680080655357212305e+09,1.619200000000000000e+04,3.400000000000000000e+02,2.320000000000000000e+02,-6.480000000000000000e+02,6.000000000000000000e+01,3.600000000000000000e+01
1.680080655359573841e+09,1.615200000000000000e+04,3.520000000000000000e+02,4.800000000000000000e+02,-6.200000000000000000e+02,3.800000000000000000e+01,2.500000000000000000e+01
1.680080655360714436e+09,1.618800000000000000e+04,3.000000000000000000e+02,4.320000000000000000e+02,-6.200000000000000000e+02,5.200000000000000000e+01,3.600000000000000000e+01
1.680080655362986565e+09,1.609600000000000000e+04,2.880000000000000000e+02,3.920000000000000000e+02,-6.380000000000000000e+02,1.200000000000000000e+01,3.000000000000000000e+01
1.680080655364423275e+09,1.625600000000000000e+04,4.320000000000000000e+02,2.160000000000000000e+02,-6.170000000000000000e+02,7.600000000000000000e+01,1.900000000000000000e+01
1.680080655366863012e+09,1.622800000000000000e+04,3.440000000000000000e+02,3.880000000000000000e+02,-6.470000000000000000e+02,6.100000000000000000e+01,3.700000000000000000e+01
1.680080655368267536e+09,1.612000000000000000e+04,2.880000000000000000e+02,3.040000000000000000e+02,-6.230000000000000000e+02,5.900000000000000000e+01,3.400000000000000000e+01
1.680080655370650053e+09,1.616400000000000000e+04,2.640000000000000000e+02,3.240000000000000000e+02,-6.310000000000000000e+02,4.600000000000000000e+01,3.000000000000000000e+01
1.680080655371909857e+09,1.623200000000000000e+04,2.240000000000000000e+02,2.720000000000000000e+02,-6.440000000000000000e+02,5.700000000000000000e+01,9.000000000000000000e+00
1.680080655374350071e+09,1.620000000000000000e+04,3.080000000000000000e+02,3.080000000000000000e+02,-6.500000000000000000e+02,4.800000000000000000e+01,3.600000000000000000e+01
1.680080655375727177e+09,1.614000000000000000e+04,2.760000000000000000e+02,2.640000000000000000e+02,-6.520000000000000000e+02,1.000000000000000000e+01,6.400000000000000000e+01
1.680080655378159761e+09,1.616800000000000000e+04,2.640000000000000000e+02,2.280000000000000000e+02,-6.580000000000000000e+02,7.900000000000000000e+01,3.400000000000000000e+01
1.680080655379568338e+09,1.612400000000000000e+04,2.320000000000000000e+02,1.920000000000000000e+02,-6.200000000000000000e+02,5.900000000000000000e+01,4.000000000000000000e+00
1.680080655381835222e+09,1.618800000000000000e+04,3.120000000000000000e+02,2.520000000000000000e+02,-6.520000000000000000e+02,4.100000000000000000e+01,4.700000000000000000e+01
1.680080655383362532e+09,1.607600000000000000e+04,2.480000000000000000e+02,3.920000000000000000e+02,-6.180000000000000000e+02,7.400000000000000000e+01,2.600000000000000000e+01
1.680080655385723352e+09,1.624000000000000000e+04,3.960000000000000000e+02,2.440000000000000000e+02,-6.550000000000000000e+02,6.100000000000000000e+01,1.100000000000000000e+01
1.680080655387306929e+09,1.616000000000000000e+04,2.680000000000000000e+02,3.400000000000000000e+02,-6.670000000000000000e+02,4.500000000000000000e+01,2.600000000000000000e+01
1.680080655389736414e+09,1.612400000000000000e+04,3.160000000000000000e+02,3.080000000000000000e+02,-6.010000000000000000e+02,4.600000000000000000e+01,2.900000000000000000e+01
1.680080655391034603e+09,1.614000000000000000e+04,3.200000000000000000e+02,1.760000000000000000e+02,-6.370000000000000000e+02,4.900000000000000000e+01,5.100000000000000000e+01
1.680080655393435240e+09,1.615600000000000000e+04,1.680000000000000000e+02,3.960000000000000000e+02,-6.060000000000000000e+02,2.900000000000000000e+01,3.100000000000000000e+01
1.680080655394606590e+09,1.611600000000000000e+04,8.000000000000000000e+01,3.040000000000000000e+02,-6.030000000000000000e+02,5.100000000000000000e+01,2.400000000000000000e+01
1.680080655396949530e+09,1.625200000000000000e+04,2.440000000000000000e+02,4.080000000000000000e+02,-6.670000000000000000e+02,4.100000000000000000e+01,2.600000000000000000e+01
1.680080655398256063e+09,1.620000000000000000e+04,2.840000000000000000e+02,3.960000000000000000e+02,-6.330000000000000000e+02,5.100000000000000000e+01,4.200000000000000000e+01
1.680080655400639534e+09,1.621600000000000000e+04,3.720000000000000000e+02,3.160000000000000000e+02,-6.660000000000000000e+02,5.300000000000000000e+01,3.000000000000000000e+01
1.680080655401939392e+09,1.617600000000000000e+04,4.080000000000000000e+02,4.040000000000000000e+02,-6.210000000000000000e+02,4.600000000000000000e+01,2.900000000000000000e+01
1.680080655404319048e+09,1.620800000000000000e+04,3.920000000000000000e+02,3.400000000000000000e+02,-6.330000000000000000e+02,8.000000000000000000e+00,3.100000000000000000e+01
1.680080655405407906e+09,1.626000000000000000e+04,3.880000000000000000e+02,3.280000000000000000e+02,-6.100000000000000000e+02,4.300000000000000000e+01,2.800000000000000000e+01
1.680080655408072233e+09,1.617600000000000000e+04,3.320000000000000000e+02,4.440000000000000000e+02,-6.540000000000000000e+02,6.700000000000000000e+01,3.400000000000000000e+01
1.680080655409450769e+09,1.624000000000000000e+04,3.640000000000000000e+02,3.040000000000000000e+02,-6.270000000000000000e+02,5.000000000000000000e+01,2.500000000000000000e+01
1.680080655411738396e+09,1.618400000000000000e+04,3.120000000000000000e+02,2.320000000000000000e+02,-6.240000000000000000e+02,2.700000000000000000e+01,3.300000000000000000e+01
1.680080655413129807e+09,1.618800000000000000e+04,3.040000000000000000e+02,3.640000000000000000e+02,-6.300000000000000000e+02,5.300000000000000000e+01,3.600000000000000000e+01
1.680080655415478468e+09,1.628800000000000000e+04,3.280000000000000000e+02,3.480000000000000000e+02,-6.760000000000000000e+02,3.500000000000000000e+01,3.700000000000000000e+01
1.680080655416804552e+09,1.620800000000000000e+04,3.720000000000000000e+02,3.400000000000000000e+02,-6.390000000000000000e+02,5.000000000000000000e+01,4.400000000000000000e+01
1.680080655419133902e+09,1.615600000000000000e+04,2.400000000000000000e+02,3.200000000000000000e+02,-6.310000000000000000e+02,2.700000000000000000e+01,2.400000000000000000e+01
1.680080655420579672e+09,1.619600000000000000e+04,3.640000000000000000e+02,3.320000000000000000e+02,-6.210000000000000000e+02,3.700000000000000000e+01,2.000000000000000000e+00
1.680080655423010826e+09,1.622800000000000000e+04,3.200000000000000000e+02,3.320000000000000000e+02,-6.120000000000000000e+02,3.900000000000000000e+01,3.300000000000000000e+01
1.680080655424327135e+09,1.613200000000000000e+04,2.320000000000000000e+02,3.080000000000000000e+02,-6.290000000000000000e+02,7.100000000000000000e+01,4.600000000000000000e+01
1.680080655426878452e+09,1.612400000000000000e+04,3.920000000000000000e+02,3.000000000000000000e+02,-6.310000000000000000e+02,3.700000000000000000e+01,4.000000000000000000e+00
1.680080655428265810e+09,1.612400000000000000e+04,4.200000000000000000e+02,2.920000000000000000e+02,-6.230000000000000000e+02,2.300000000000000000e+01,1.400000000000000000e+01
1.680080655430597544e+09,1.616800000000000000e+04,4.480000000000000000e+02,3.920000000000000000e+02,-6.540000000000000000e+02,4.800000000000000000e+01,2.400000000000000000e+01
1.680080655431776762e+09,1.617200000000000000e+04,3.040000000000000000e+02,3.240000000000000000e+02,-6.080000000000000000e+02,6.000000000000000000e+01,3.100000000000000000e+01
1.680080655434321165e+09,1.612000000000000000e+04,3.400000000000000000e+02,3.400000000000000000e+02,-6.400000000000000000e+02,5.900000000000000000e+01,5.600000000000000000e+01
1.680080655435690641e+09,1.612400000000000000e+04,2.440000000000000000e+02,2.920000000000000000e+02,-6.340000000000000000e+02,5.200000000000000000e+01,5.700000000000000000e+01
1.680080655438239574e+09,1.622800000000000000e+04,2.800000000000000000e+02,2.800000000000000000e+02,-6.180000000000000000e+02,6.000000000000000000e+01,1.600000000000000000e+01
1.680080655439459324e+09,1.626800000000000000e+04,2.800000000000000000e+02,3.800000000000000000e+02,-6.370000000000000000e+02,2.400000000000000000e+01,6.000000000000000000e+00
1.680080655441740036e+09,1.611600000000000000e+04,3.240000000000000000e+02,1.840000000000000000e+02,-6.020000000000000000e+02,4.900000000000000000e+01,3.000000000000000000e+01
1.680080655443326473e+09,1.614000000000000000e+04,2.840000000000000000e+02,3.080000000000000000e+02,-6.790000000000000000e+02,6.200000000000000000e+01,2.300000000000000000e+01
1.680080655445700407e+09,1.619600000000000000e+04,3.280000000000000000e+02,2.640000000000000000e+02,-6.160000000000000000e+02,7.400000000000000000e+01,2.800000000000000000e+01
1.680080655446863174e+09,1.614400000000000000e+04,3.360000000000000000e+02,2.960000000000000000e+02,-6.460000000000000000e+02,6.700000000000000000e+01,5.100000000000000000e+01
1.680080655449189901e+09,1.611600000000000000e+04,3.280000000000000000e+02,3.120000000000000000e+02,-6.520000000000000000e+02,4.000000000000000000e+01,4.300000000000000000e+01
1.680080655450487852e+09,1.617600000000000000e+04,3.800000000000000000e+02,2.000000000000000000e+02,-6.370000000000000000e+02,6.000000000000000000e+01,3.100000000000000000e+01
1.680080655452834606e+09,1.621200000000000000e+04,3.200000000000000000e+02,3.600000000000000000e+02,-6.400000000000000000e+02,4.600000000000000000e+01,5.000000000000000000e+00
1.680080655454156399e+09,1.618000000000000000e+04,3.640000000000000000e+02,2.880000000000000000e+02,-6.260000000000000000e+02,6.000000000000000000e+01,5.000000000000000000e+01
1.680080655456764221e+09,1.616400000000000000e+04,3.480000000000000000e+02,1.520000000000000000e+02,-6.610000000000000000e+02,4.700000000000000000e+01,1.000000000000000000e+00
1.680080655458036423e+09,1.605600000000000000e+04,3.880000000000000000e+02,2.960000000000000000e+02,-6.290000000000000000e+02,3.700000000000000000e+01,-1.600000000000000000e+01
1.680080655460410357e+09,1.614400000000000000e+04,3.760000000000000000e+02,2.280000000000000000e+02,-6.360000000000000000e+02,3.200000000000000000e+01,3.300000000000000000e+01
1.680080655462033987e+09,1.621200000000000000e+04,2.440000000000000000e+02,4.320000000000000000e+02,-6.380000000000000000e+02,5.700000000000000000e+01,5.200000000000000000e+01
1.680080655464388609e+09,1.613200000000000000e+04,3.440000000000000000e+02,3.520000000000000000e+02,-6.170000000000000000e+02,5.800000000000000000e+01,2.400000000000000000e+01
1.680080655465615988e+09,1.620800000000000000e+04,3.120000000000000000e+02,4.280000000000000000e+02,-6.350000000000000000e+02,7.700000000000000000e+01,2.900000000000000000e+01
1.680080655468005657e+09,1.628000000000000000e+04,2.640000000000000000e+02,3.520000000000000000e+02,-6.110000000000000000e+02,6.400000000000000000e+01,2.700000000000000000e+01
1.680080655469328880e+09,1.621200000000000000e+04,3.440000000000000000e+02,2.880000000000000000e+02,-6.430000000000000000e+02,4.300000000000000000e+01,2.300000000000000000e+01
1.680080655471813917e+09,1.620000000000000000e+04,3.040000000000000000e+02,3.280000000000000000e+02,-6.390000000000000000e+02,2.600000000000000000e+01,1.300000000000000000e+01
1.680080655474328279e+09,1.616000000000000000e+04,2.920000000000000000e+02,2.600000000000000000e+02,-6.090000000000000000e+02,5.400000000000000000e+01,5.000000000000000000e+01
1.680080655476707697e+09,1.618400000000000000e+04,3.840000000000000000e+02,3.200000000000000000e+02,-6.250000000000000000e+02,4.800000000000000000e+01,4.800000000000000000e+01
1.680080655477932453e+09,1.618800000000000000e+04,3.680000000000000000e+02,3.720000000000000000e+02,-6.270000000000000000e+02,4.200000000000000000e+01,2.600000000000000000e+01
1.680080655480326891e+09,1.616800000000000000e+04,2.560000000000000000e+02,3.800000000000000000e+02,-5.800000000000000000e+02,2.900000000000000000e+01,6.700000000000000000e+01
1.680080655481615305e+09,1.624000000000000000e+04,3.000000000000000000e+02,2.280000000000000000e+02,-6.150000000000000000e+02,5.600000000000000000e+01,6.400000000000000000e+01
1.680080655484091282e+09,1.613200000000000000e+04,1.840000000000000000e+02,3.440000000000000000e+02,-6.350000000000000000e+02,1.400000000000000000e+01,1.800000000000000000e+01
1.680080655485378504e+09,1.616800000000000000e+04,1.880000000000000000e+02,1.640000000000000000e+02,-6.130000000000000000e+02,6.100000000000000000e+01,0.000000000000000000e+00
1.680080655487796307e+09,1.616400000000000000e+04,2.640000000000000000e+02,2.120000000000000000e+02,-6.640000000000000000e+02,3.900000000000000000e+01,4.300000000000000000e+01
1.680080655489041328e+09,1.609600000000000000e+04,3.800000000000000000e+02,3.800000000000000000e+02,-6.060000000000000000e+02,4.600000000000000000e+01,4.000000000000000000e+01
1.680080655491682768e+09,1.616400000000000000e+04,2.800000000000000000e+02,3.520000000000000000e+02,-6.600000000000000000e+02,8.000000000000000000e+00,2.100000000000000000e+01
1.680080655492927074e+09,1.608400000000000000e+04,3.320000000000000000e+02,3.880000000000000000e+02,-6.100000000000000000e+02,2.800000000000000000e+01,1.700000000000000000e+01
1.680080655495342493e+09,1.612000000000000000e+04,2.600000000000000000e+02,3.080000000000000000e+02,-6.610000000000000000e+02,3.800000000000000000e+01,2.800000000000000000e+01
1.680080655496499062e+09,1.618000000000000000e+04,3.280000000000000000e+02,4.720000000000000000e+02,-6.540000000000000000e+02,6.400000000000000000e+01,4.100000000000000000e+01
1.680080655498868465e+09,1.618400000000000000e+04,2.840000000000000000e+02,3.560000000000000000e+02,-6.440000000000000000e+02,8.000000000000000000e+01,2.600000000000000000e+01
1.680080655500175714e+09,1.615600000000000000e+04,2.960000000000000000e+02,3.520000000000000000e+02,-6.260000000000000000e+02,7.500000000000000000e+01,2.500000000000000000e+01
1.680080655502458811e+09,1.620400000000000000e+04,2.560000000000000000e+02,3.600000000000000000e+02,-6.420000000000000000e+02,4.300000000000000000e+01,2.000000000000000000e+01
1.680080655503792048e+09,1.626800000000000000e+04,1.920000000000000000e+02,3.760000000000000000e+02,-6.080000000000000000e+02,5.900000000000000000e+01,5.300000000000000000e+01
1.680080655506206751e+09,1.624400000000000000e+04,2.160000000000000000e+02,2.520000000000000000e+02,-6.690000000000000000e+02,2.700000000000000000e+01,1.600000000000000000e+01
1.680080655507505894e+09,1.620800000000000000e+04,3.280000000000000000e+02,3.680000000000000000e+02,-6.420000000000000000e+02,6.300000000000000000e+01,2.800000000000000000e+01
1.680080655510030031e+09,1.625600000000000000e+04,2.560000000000000000e+02,3.800000000000000000e+02,-6.240000000000000000e+02,5.600000000000000000e+01,2.300000000000000000e+01
1.680080655511255741e+09,1.626000000000000000e+04,2.440000000000000000e+02,2.960000000000000000e+02,-6.100000000000000000e+02,6.800000000000000000e+01,5.200000000000000000e+01
1.680080655513665676e+09,1.622800000000000000e+04,2.280000000000000000e+02,2.040000000000000000e+02,-6.400000000000000000e+02,3.000000000000000000e+01,3.100000000000000000e+01
1.680080655514805794e+09,1.608000000000000000e+04,2.480000000000000000e+02,4.800000000000000000e+02,-5.980000000000000000e+02,7.800000000000000000e+01,5.400000000000000000e+01
1.680080655517242193e+09,1.620800000000000000e+04,2.400000000000000000e+02,3.200000000000000000e+02,-6.590000000000000000e+02,2.200000000000000000e+01,3.700000000000000000e+01
1.680080655518506527e+09,1.618000000000000000e+04,2.160000000000000000e+02,2.760000000000000000e+02,-6.020000000000000000e+02,4.000000000000000000e+01,5.000000000000000000e+01
1.680080655520903111e+09,1.616000000000000000e+04,3.720000000000000000e+02,2.120000000000000000e+02,-6.530000000000000000e+02,1.200000000000000000e+01,3.400000000000000000e+01
1.680080655522363663e+09,1.623600000000000000e+04,2.480000000000000000e+02,2.520000000000000000e+02,-6.070000000000000000e+02,2.700000000000000000e+01,3.300000000000000000e+01
1.680080655524681807e+09,1.624000000000000000e+04,2.760000000000000000e+02,3.640000000000000000e+02,-6.400000000000000000e+02,5.900000000000000000e+01,5.400000000000000000e+01
1.680080655525873423e+09,1.620000000000000000e+04,2.680000000000000000e+02,3.720000000000000000e+02,-6.540000000000000000e+02,4.000000000000000000e+00,3.300000000000000000e+01
1.680080655528340340e+09,1.607200000000000000e+04,2.720000000000000000e+02,2.720000000000000000e+02,-6.190000000000000000e+02,7.000000000000000000e+01,3.400000000000000000e+01
1.680080655529778004e+09,1.616400000000000000e+04,2.080000000000000000e+02,3.160000000000000000e+02,-6.510000000000000000e+02,4.200000000000000000e+01,1.900000000000000000e+01
1.680080655532146215e+09,1.610800000000000000e+04,2.560000000000000000e+02,3.880000000000000000e+02,-6.300000000000000000e+02,3.000000000000000000e+01,2.700000000000000000e+01
1.680080655533450127e+09,1.611600000000000000e+04,2.200000000000000000e+02,3.560000000000000000e+02,-6.160000000000000000e+02,3.800000000000000000e+01,3.600000000000000000e+01
1.680080655536053181e+09,1.626800000000000000e+04,2.320000000000000000e+02,3.920000000000000000e+02,-6.460000000000000000e+02,3.600000000000000000e+01,1.400000000000000000e+01
1.680080655537464142e+09,1.618000000000000000e+04,3.120000000000000000e+02,2.920000000000000000e+02,-6.330000000000000000e+02,5.400000000000000000e+01,2.300000000000000000e+01
1.680080655539890528e+09,1.623600000000000000e+04,2.560000000000000000e+02,4.120000000000000000e+02,-6.370000000000000000e+02,4.000000000000000000e+01,3.700000000000000000e+01
1.680080655541109085e+09,1.621600000000000000e+04,2.520000000000000000e+02,3.760000000000000000e+02,-6.600000000000000000e+02,3.400000000000000000e+01,5.300000000000000000e+01
1.680080655543569088e+09,1.613200000000000000e+04,3.040000000000000000e+02,3.080000000000000000e+02,-6.070000000000000000e+02,5.900000000000000000e+01,4.900000000000000000e+01
1.680080655545006990e+09,1.618800000000000000e+04,2.800000000000000000e+02,2.240000000000000000e+02,-6.760000000000000000e+02,4.700000000000000000e+01,3.300000000000000000e+01
1.680080655547445059e+09,1.615600000000000000e+04,3.320000000000000000e+02,3.280000000000000000e+02,-6.080000000000000000e+02,3.100000000000000000e+01,2.100000000000000000e+01
1.680080655549266100e+09,1.617200000000000000e+04,3.520000000000000000e+02,3.080000000000000000e+02,-6.220000000000000000e+02,6.100000000000000000e+01,3.400000000000000000e+01
1.680080655552055120e+09,1.625200000000000000e+04,3.040000000000000000e+02,4.800000000000000000e+02,-6.240000000000000000e+02,7.100000000000000000e+01,3.200000000000000000e+01
1.680080655553282976e+09,1.613200000000000000e+04,3.600000000000000000e+02,2.640000000000000000e+02,-6.560000000000000000e+02,6.900000000000000000e+01,4.700000000000000000e+01
1.680080655555719852e+09,1.618800000000000000e+04,4.240000000000000000e+02,3.520000000000000000e+02,-6.010000000000000000e+02,4.600000000000000000e+01,4.300000000000000000e+01
1.680080655557306051e+09,1.616000000000000000e+04,3.160000000000000000e+02,2.360000000000000000e+02,-6.140000000000000000e+02,5.000000000000000000e+01,3.500000000000000000e+01
1.680080655559762239e+09,1.621600000000000000e+04,2.800000000000000000e+02,3.240000000000000000e+02,-6.260000000000000000e+02,6.500000000000000000e+01,4.200000000000000000e+01
1.680080655560864925e+09,1.622400000000000000e+04,3.120000000000000000e+02,2.160000000000000000e+02,-6.430000000000000000e+02,5.800000000000000000e+01,4.900000000000000000e+01
1.680080655563614368e+09,1.614400000000000000e+04,2.600000000000000000e+02,3.120000000000000000e+02,-6.550000000000000000e+02,4.000000000000000000e+01,3.100000000000000000e+01
1.680080655564880610e+09,1.625200000000000000e+04,2.480000000000000000e+02,3.920000000000000000e+02,-6.170000000000000000e+02,3.000000000000000000e+01,4.000000000000000000e+01
1.680080655567207575e+09,1.626000000000000000e+04,3.960000000000000000e+02,4.320000000000000000e+02,-6.200000000000000000e+02,3.900000000000000000e+01,2.200000000000000000e+01
1.680080655568489552e+09,1.623600000000000000e+04,3.000000000000000000e+02,4.640000000000000000e+02,-6.630000000000000000e+02,1.600000000000000000e+01,3.100000000000000000e+01
1.680080655570854187e+09,1.610800000000000000e+04,3.040000000000000000e+02,3.600000000000000000e+02,-6.250000000000000000e+02,5.000000000000000000e+01,7.300000000000000000e+01
1.680080655572077513e+09,1.610400000000000000e+04,3.000000000000000000e+02,2.880000000000000000e+02,-6.650000000000000000e+02,4.300000000000000000e+01,2.600000000000000000e+01
1.680080655574465990e+09,1.616800000000000000e+04,2.800000000000000000e+02,4.960000000000000000e+02,-6.430000000000000000e+02,5.200000000000000000e+01,3.800000000000000000e+01
1.680080655575603485e+09,1.620800000000000000e+04,2.480000000000000000e+02,3.280000000000000000e+02,-6.380000000000000000e+02,3.600000000000000000e+01,5.200000000000000000e+01
1.680080655578133583e+09,1.612800000000000000e+04,3.520000000000000000e+02,2.720000000000000000e+02,-6.530000000000000000e+02,4.100000000000000000e+01,2.900000000000000000e+01
1.680080655579491138e+09,1.613600000000000000e+04,3.400000000000000000e+02,4.120000000000000000e+02,-5.920000000000000000e+02,4.900000000000000000e+01,3.300000000000000000e+01
1.680080655581898928e+09,1.608000000000000000e+04,2.800000000000000000e+02,2.600000000000000000e+02,-6.440000000000000000e+02,6.700000000000000000e+01,4.700000000000000000e+01
1.680080655583218336e+09,1.606000000000000000e+04,2.960000000000000000e+02,2.640000000000000000e+02,-6.410000000000000000e+02,1.900000000000000000e+01,4.400000000000000000e+01
1.680080655585911036e+09,1.624000000000000000e+04,2.200000000000000000e+02,3.080000000000000000e+02,-6.540000000000000000e+02,6.000000000000000000e+01,2.600000000000000000e+01
1.680080655587234259e+09,1.616000000000000000e+04,2.240000000000000000e+02,2.400000000000000000e+02,-6.690000000000000000e+02,3.400000000000000000e+01,1.100000000000000000e+01
1.680080655589626074e+09,1.626400000000000000e+04,3.320000000000000000e+02,3.400000000000000000e+02,-6.520000000000000000e+02,4.800000000000000000e+01,2.500000000000000000e+01
1.680080655590972662e+09,1.628400000000000000e+04,3.840000000000000000e+02,3.160000000000000000e+02,-6.170000000000000000e+02,6.000000000000000000e+01,4.400000000000000000e+01
1.680080655593193769e+09,1.615600000000000000e+04,3.280000000000000000e+02,3.200000000000000000e+02,-6.370000000000000000e+02,3.100000000000000000e+01,3.500000000000000000e+01
1.680080655594522953e+09,1.618800000000000000e+04,3.160000000000000000e+02,3.000000000000000000e+02,-6.160000000000000000e+02,7.000000000000000000e+01,4.500000000000000000e+01
1.680080655596997261e+09,1.615600000000000000e+04,3.120000000000000000e+02,3.760000000000000000e+02,-6.580000000000000000e+02,5.100000000000000000e+01,8.000000000000000000e+00
1.680080655598244190e+09,1.613600000000000000e+04,3.440000000000000000e+02,3.760000000000000000e+02,-6.090000000000000000e+02,4.600000000000000000e+01,2.400000000000000000e+01
1.680080655600807428e+09,1.622400000000000000e+04,3.400000000000000000e+02,2.840000000000000000e+02,-6.580000000000000000e+02,4.800000000000000000e+01,4.900000000000000000e+01
1.680080655602073908e+09,1.623200000000000000e+04,2.600000000000000000e+02,2.960000000000000000e+02,-6.310000000000000000e+02,1.400000000000000000e+01,3.500000000000000000e+01
1.680080655604585409e+09,1.608400000000000000e+04,4.280000000000000000e+02,2.880000000000000000e+02,-6.430000000000000000e+02,5.400000000000000000e+01,1.800000000000000000e+01
1.680080655605725288e+09,1.604400000000000000e+04,3.760000000000000000e+02,3.000000000000000000e+02,-6.330000000000000000e+02,5.100000000000000000e+01,3.900000000000000000e+01
1.680080655608285904e+09,1.623600000000000000e+04,3.200000000000000000e+02,2.600000000000000000e+02,-6.350000000000000000e+02,5.300000000000000000e+01,4.500000000000000000e+01
1.680080655609646082e+09,1.621600000000000000e+04,3.640000000000000000e+02,2.720000000000000000e+02,-6.620000000000000000e+02,2.700000000000000000e+01,3.700000000000000000e+01
1.680080655611998320e+09,1.623200000000000000e+04,3.920000000000000000e+02,2.520000000000000000e+02,-6.500000000000000000e+02,5.600000000000000000e+01,4.600000000000000000e+01
1.680080655613125324e+09,1.619600000000000000e+04,4.080000000000000000e+02,1.880000000000000000e+02,-6.250000000000000000e+02,4.800000000000000000e+01,3.900000000000000000e+01
1.680080655615630627e+09,1.618800000000000000e+04,3.120000000000000000e+02,2.280000000000000000e+02,-6.330000000000000000e+02,5.700000000000000000e+01,3.100000000000000000e+01
1.680080655616982460e+09,1.618000000000000000e+04,3.520000000000000000e+02,2.160000000000000000e+02,-6.320000000000000000e+02,7.800000000000000000e+01,1.400000000000000000e+01
1.680080655619334698e+09,1.618800000000000000e+04,3.960000000000000000e+02,2.880000000000000000e+02,-6.320000000000000000e+02,3.600000000000000000e+01,3.100000000000000000e+01
1.680080655620870113e+09,1.623600000000000000e+04,3.960000000000000000e+02,3.160000000000000000e+02,-6.500000000000000000e+02,2.700000000000000000e+01,4.800000000000000000e+01
1.680080655623418093e+09,1.621200000000000000e+04,3.480000000000000000e+02,2.720000000000000000e+02,-5.920000000000000000e+02,4.800000000000000000e+01,2.800000000000000000e+01
1.680080655624610901e+09,1.620800000000000000e+04,3.040000000000000000e+02,3.520000000000000000e+02,-6.520000000000000000e+02,4.800000000000000000e+01,1.900000000000000000e+01
1.680080655627049446e+09,1.611200000000000000e+04,3.680000000000000000e+02,2.800000000000000000e+02,-6.130000000000000000e+02,3.700000000000000000e+01,3.700000000000000000e+01
1.680080655628201962e+09,1.611200000000000000e+04,3.960000000000000000e+02,3.160000000000000000e+02,-6.100000000000000000e+02,5.900000000000000000e+01,4.600000000000000000e+01
1.680080655630578279e+09,1.621600000000000000e+04,4.000000000000000000e+02,2.480000000000000000e+02,-6.390000000000000000e+02,4.500000000000000000e+01,3.700000000000000000e+01
1.680080655631757736e+09,1.620800000000000000e+04,3.800000000000000000e+02,2.200000000000000000e+02,-6.250000000000000000e+02,3.400000000000000000e+01,1.500000000000000000e+01
1.680080655634160757e+09,1.614400000000000000e+04,3.080000000000000000e+02,3.240000000000000000e+02,-6.240000000000000000e+02,5.000000000000000000e+01,4.900000000000000000e+01
1.680080655635606050e+09,1.624400000000000000e+04,3.000000000000000000e+02,2.480000000000000000e+02,-6.590000000000000000e+02,3.800000000000000000e+01,2.800000000000000000e+01
1.680080655638019323e+09,1.616800000000000000e+04,3.360000000000000000e+02,3.240000000000000000e+02,-6.230000000000000000e+02,5.600000000000000000e+01,3.600000000000000000e+01
1.680080655639091969e+09,1.619600000000000000e+04,2.760000000000000000e+02,3.280000000000000000e+02,-6.260000000000000000e+02,3.900000000000000000e+01,3.300000000000000000e+01
1.680080655641724825e+09,1.621600000000000000e+04,2.920000000000000000e+02,3.440000000000000000e+02,-6.680000000000000000e+02,2.700000000000000000e+01,2.500000000000000000e+01
1.680080655643136263e+09,1.616400000000000000e+04,2.640000000000000000e+02,2.280000000000000000e+02,-6.390000000000000000e+02,3.700000000000000000e+01,2.200000000000000000e+01
1.680080655645496130e+09,1.619600000000000000e+04,3.320000000000000000e+02,3.320000000000000000e+02,-6.260000000000000000e+02,2.400000000000000000e+01,1.000000000000000000e+01
1.680080655646889925e+09,1.629200000000000000e+04,3.480000000000000000e+02,2.680000000000000000e+02,-6.260000000000000000e+02,3.800000000000000000e+01,4.000000000000000000e+00
1.680080655649503469e+09,1.608400000000000000e+04,2.680000000000000000e+02,2.800000000000000000e+02,-6.830000000000000000e+02,3.200000000000000000e+01,3.600000000000000000e+01
1.680080655650928497e+09,1.611600000000000000e+04,3.080000000000000000e+02,2.400000000000000000e+02,-6.100000000000000000e+02,3.400000000000000000e+01,3.900000000000000000e+01
1.680080655653396368e+09,1.610000000000000000e+04,2.160000000000000000e+02,3.160000000000000000e+02,-6.690000000000000000e+02,3.100000000000000000e+01,1.300000000000000000e+01
1.680080655654597282e+09,1.616400000000000000e+04,2.640000000000000000e+02,3.320000000000000000e+02,-6.060000000000000000e+02,5.000000000000000000e+01,2.900000000000000000e+01
1.680080655657377005e+09,1.618800000000000000e+04,2.920000000000000000e+02,3.280000000000000000e+02,-6.530000000000000000e+02,2.300000000000000000e+01,4.200000000000000000e+01
1.680080655658581018e+09,1.621600000000000000e+04,2.800000000000000000e+02,3.360000000000000000e+02,-6.160000000000000000e+02,1.300000000000000000e+01,3.400000000000000000e+01
1.680080655661442757e+09,1.616000000000000000e+04,2.720000000000000000e+02,3.800000000000000000e+02,-6.700000000000000000e+02,3.600000000000000000e+01,2.000000000000000000e+01
1.680080655662814140e+09,1.619600000000000000e+04,2.800000000000000000e+02,3.560000000000000000e+02,-6.260000000000000000e+02,1.400000000000000000e+01,5.500000000000000000e+01
1.680080655666367769e+09,1.612000000000000000e+04,2.760000000000000000e+02,3.760000000000000000e+02,-6.070000000000000000e+02,2.500000000000000000e+01,4.000000000000000000e+01
1.680080655667690277e+09,1.606800000000000000e+04,3.680000000000000000e+02,2.440000000000000000e+02,-5.630000000000000000e+02,3.900000000000000000e+01,2.500000000000000000e+01
1.680080655670300484e+09,1.620800000000000000e+04,2.000000000000000000e+02,3.200000000000000000e+02,-6.520000000000000000e+02,4.000000000000000000e+01,3.600000000000000000e+01
1.680080655671774864e+09,1.616800000000000000e+04,1.840000000000000000e+02,3.960000000000000000e+02,-6.200000000000000000e+02,4.800000000000000000e+01,4.000000000000000000e+01
1.680080655674088478e+09,1.623600000000000000e+04,1.880000000000000000e+02,3.640000000000000000e+02,-6.490000000000000000e+02,7.300000000000000000e+01,4.000000000000000000e+01
1.680080655675401688e+09,1.615200000000000000e+04,3.120000000000000000e+02,3.680000000000000000e+02,-6.550000000000000000e+02,4.900000000000000000e+01,1.700000000000000000e+01
1.680080655677752256e+09,1.623600000000000000e+04,2.680000000000000000e+02,3.080000000000000000e+02,-6.190000000000000000e+02,6.000000000000000000e+01,4.500000000000000000e+01
1.680080655679011106e+09,1.619200000000000000e+04,3.160000000000000000e+02,3.320000000000000000e+02,-6.580000000000000000e+02,4.400000000000000000e+01,3.500000000000000000e+01
1.680080655681288719e+09,1.618800000000000000e+04,2.480000000000000000e+02,2.960000000000000000e+02,-6.400000000000000000e+02,4.900000000000000000e+01,3.400000000000000000e+01
1.680080655682747364e+09,1.622800000000000000e+04,2.480000000000000000e+02,2.960000000000000000e+02,-6.680000000000000000e+02,6.400000000000000000e+01,3.300000000000000000e+01
1.680080655685167789e+09,1.625600000000000000e+04,3.040000000000000000e+02,3.520000000000000000e+02,-6.310000000000000000e+02,4.300000000000000000e+01,8.000000000000000000e+00
1.680080655686575413e+09,1.618400000000000000e+04,2.920000000000000000e+02,2.240000000000000000e+02,-6.050000000000000000e+02,6.000000000000000000e+01,2.600000000000000000e+01
1.680080655689158201e+09,1.616400000000000000e+04,2.280000000000000000e+02,3.640000000000000000e+02,-6.340000000000000000e+02,5.700000000000000000e+01,5.100000000000000000e+01
1.680080655690341234e+09,1.627200000000000000e+04,2.600000000000000000e+02,3.680000000000000000e+02,-6.240000000000000000e+02,6.300000000000000000e+01,3.900000000000000000e+01
1.680080655692719698e+09,1.621200000000000000e+04,2.240000000000000000e+02,3.920000000000000000e+02,-6.330000000000000000e+02,3.600000000000000000e+01,2.200000000000000000e+01
1.680080655693855762e+09,1.616000000000000000e+04,2.680000000000000000e+02,3.240000000000000000e+02,-6.430000000000000000e+02,3.700000000000000000e+01,4.100000000000000000e+01
1.680080655696392775e+09,1.620800000000000000e+04,1.960000000000000000e+02,3.520000000000000000e+02,-6.390000000000000000e+02,5.400000000000000000e+01,2.200000000000000000e+01
1.680080655697578669e+09,1.624800000000000000e+04,2.480000000000000000e+02,4.080000000000000000e+02,-6.280000000000000000e+02,5.900000000000000000e+01,3.200000000000000000e+01
1.680080655700180054e+09,1.624800000000000000e+04,2.920000000000000000e+02,2.600000000000000000e+02,-6.590000000000000000e+02,4.000000000000000000e+01,2.000000000000000000e+01
1.680080655701294184e+09,1.624800000000000000e+04,1.640000000000000000e+02,2.840000000000000000e+02,-6.300000000000000000e+02,6.000000000000000000e+01,2.800000000000000000e+01
1.680080655703881502e+09,1.621600000000000000e+04,2.320000000000000000e+02,4.200000000000000000e+02,-6.340000000000000000e+02,1.700000000000000000e+01,3.100000000000000000e+01
1.680080655705104828e+09,1.624800000000000000e+04,2.560000000000000000e+02,2.000000000000000000e+02,-6.050000000000000000e+02,5.600000000000000000e+01,1.400000000000000000e+01
1.680080655707494974e+09,1.611200000000000000e+04,2.720000000000000000e+02,3.320000000000000000e+02,-6.820000000000000000e+02,4.600000000000000000e+01,1.200000000000000000e+01
1.680080655708871603e+09,1.617200000000000000e+04,2.280000000000000000e+02,2.520000000000000000e+02,-6.270000000000000000e+02,3.300000000000000000e+01,2.700000000000000000e+01
1.680080655711815119e+09,1.616400000000000000e+04,2.600000000000000000e+02,3.560000000000000000e+02,-6.240000000000000000e+02,2.600000000000000000e+01,4.100000000000000000e+01
1.680080655713057041e+09,1.611200000000000000e+04,2.920000000000000000e+02,2.600000000000000000e+02,-6.600000000000000000e+02,2.700000000000000000e+01,3.600000000000000000e+01
1.680080655715560198e+09,1.616000000000000000e+04,2.480000000000000000e+02,3.160000000000000000e+02,-6.490000000000000000e+02,5.500000000000000000e+01,3.300000000000000000e+01
1.680080655716816425e+09,1.614800000000000000e+04,2.720000000000000000e+02,3.360000000000000000e+02,-6.330000000000000000e+02,2.300000000000000000e+01,3.000000000000000000e+01
1.680080655719562292e+09,1.618800000000000000e+04,3.240000000000000000e+02,2.880000000000000000e+02,-6.350000000000000000e+02,5.400000000000000000e+01,1.000000000000000000e+01
1.680080655720665932e+09,1.621600000000000000e+04,1.920000000000000000e+02,4.600000000000000000e+02,-6.370000000000000000e+02,6.000000000000000000e+01,3.600000000000000000e+01
1.680080655723443508e+09,1.626800000000000000e+04,3.000000000000000000e+02,3.400000000000000000e+02,-6.510000000000000000e+02,3.200000000000000000e+01,2.500000000000000000e+01
1.680080655724720955e+09,1.623600000000000000e+04,3.320000000000000000e+02,3.640000000000000000e+02,-6.380000000000000000e+02,5.400000000000000000e+01,2.500000000000000000e+01
1.680080655727059603e+09,1.630400000000000000e+04,3.960000000000000000e+02,3.440000000000000000e+02,-6.560000000000000000e+02,3.600000000000000000e+01,3.300000000000000000e+01
1.680080655728351831e+09,1.623200000000000000e+04,3.240000000000000000e+02,2.600000000000000000e+02,-6.300000000000000000e+02,3.000000000000000000e+01,3.600000000000000000e+01
1.680080655730926514e+09,1.623600000000000000e+04,3.400000000000000000e+02,2.440000000000000000e+02,-6.330000000000000000e+02,2.400000000000000000e+01,3.300000000000000000e+01
1.680080655732298613e+09,1.617200000000000000e+04,3.680000000000000000e+02,3.840000000000000000e+02,-6.490000000000000000e+02,6.100000000000000000e+01,3.400000000000000000e+01
1.680080655735066652e+09,1.628400000000000000e+04,2.280000000000000000e+02,2.040000000000000000e+02,-5.920000000000000000e+02,3.600000000000000000e+01,6.000000000000000000e+01
1.680080655736151218e+09,1.618800000000000000e+04,2.960000000000000000e+02,3.720000000000000000e+02,-6.110000000000000000e+02,5.900000000000000000e+01,5.100000000000000000e+01
1.680080655739344597e+09,1.614800000000000000e+04,2.760000000000000000e+02,3.200000000000000000e+02,-6.350000000000000000e+02,2.300000000000000000e+01,2.500000000000000000e+01
1.680080655740714073e+09,1.611200000000000000e+04,3.000000000000000000e+02,3.280000000000000000e+02,-6.450000000000000000e+02,3.800000000000000000e+01,5.300000000000000000e+01
1.680080655743075609e+09,1.624000000000000000e+04,3.040000000000000000e+02,2.800000000000000000e+02,-6.530000000000000000e+02,4.300000000000000000e+01,2.900000000000000000e+01
1.680080655744502068e+09,1.622800000000000000e+04,3.360000000000000000e+02,2.440000000000000000e+02,-6.360000000000000000e+02,3.700000000000000000e+01,2.700000000000000000e+01
1.680080655747187853e+09,1.617200000000000000e+04,2.160000000000000000e+02,3.440000000000000000e+02,-6.470000000000000000e+02,5.000000000000000000e+01,4.100000000000000000e+01
1.680080655748380423e+09,1.616000000000000000e+04,2.600000000000000000e+02,3.240000000000000000e+02,-6.430000000000000000e+02,5.100000000000000000e+01,3.000000000000000000e+01
1.680080655750957012e+09,1.612400000000000000e+04,3.480000000000000000e+02,2.480000000000000000e+02,-6.180000000000000000e+02,5.300000000000000000e+01,4.200000000000000000e+01
1.680080655752140284e+09,1.610000000000000000e+04,2.760000000000000000e+02,2.360000000000000000e+02,-6.370000000000000000e+02,6.200000000000000000e+01,2.300000000000000000e+01
1.680080655754511118e+09,1.606400000000000000e+04,2.640000000000000000e+02,3.480000000000000000e+02,-6.380000000000000000e+02,6.100000000000000000e+01,2.800000000000000000e+01
1.680080655755803585e+09,1.608800000000000000e+04,2.840000000000000000e+02,3.480000000000000000e+02,-6.320000000000000000e+02,4.800000000000000000e+01,2.700000000000000000e+01
1.680080655758365393e+09,1.616000000000000000e+04,2.320000000000000000e+02,2.800000000000000000e+02,-6.230000000000000000e+02,5.400000000000000000e+01,3.400000000000000000e+01
1.680080655759689331e+09,1.616400000000000000e+04,2.480000000000000000e+02,1.920000000000000000e+02,-6.280000000000000000e+02,5.200000000000000000e+01,1.600000000000000000e+01
1.680080655762531757e+09,1.596400000000000000e+04,2.560000000000000000e+02,2.720000000000000000e+02,-6.530000000000000000e+02,5.700000000000000000e+01,2.900000000000000000e+01
1.680080655763720036e+09,1.606400000000000000e+04,2.720000000000000000e+02,2.720000000000000000e+02,-6.360000000000000000e+02,4.700000000000000000e+01,-7.000000000000000000e+00
1.680080655766151667e+09,1.610800000000000000e+04,2.680000000000000000e+02,2.640000000000000000e+02,-6.180000000000000000e+02,5.500000000000000000e+01,-4.000000000000000000e+00
1.680080655767559528e+09,1.601600000000000000e+04,1.800000000000000000e+02,3.040000000000000000e+02,-6.340000000000000000e+02,6.500000000000000000e+01,8.000000000000000000e+00
1.680080655769895315e+09,1.591200000000000000e+04,1.680000000000000000e+02,2.560000000000000000e+02,-6.170000000000000000e+02,4.000000000000000000e+01,-7.000000000000000000e+00
1.680080655770998955e+09,1.613600000000000000e+04,1.440000000000000000e+02,1.640000000000000000e+02,-6.350000000000000000e+02,5.700000000000000000e+01,-1.600000000000000000e+01
1.680080655773415565e+09,1.610400000000000000e+04,1.920000000000000000e+02,1.320000000000000000e+02,-5.820000000000000000e+02,5.500000000000000000e+01,5.000000000000000000e+00
1.680080655774613142e+09,1.622800000000000000e+04,2.360000000000000000e+02,2.320000000000000000e+02,-6.080000000000000000e+02,7.800000000000000000e+01,1.500000000000000000e+01
1.680080655777003050e+09,1.640400000000000000e+04,2.480000000000000000e+02,3.640000000000000000e+02,-6.130000000000000000e+02,3.700000000000000000e+01,7.000000000000000000e+00
1.680080655778332233e+09,1.637200000000000000e+04,2.960000000000000000e+02,2.960000000000000000e+02,-6.020000000000000000e+02,8.800000000000000000e+01,1.100000000000000000e+01
1.680080655780700207e+09,1.643200000000000000e+04,3.320000000000000000e+02,2.000000000000000000e+02,-6.440000000000000000e+02,5.400000000000000000e+01,2.400000000000000000e+01
1.680080655782107115e+09,1.649600000000000000e+04,4.360000000000000000e+02,1.360000000000000000e+02,-6.440000000000000000e+02,7.400000000000000000e+01,3.900000000000000000e+01
1.680080655784584761e+09,1.650000000000000000e+04,4.640000000000000000e+02,2.800000000000000000e+02,-6.040000000000000000e+02,4.500000000000000000e+01,3.500000000000000000e+01
1.680080655785940409e+09,1.636400000000000000e+04,3.000000000000000000e+02,3.160000000000000000e+02,-6.440000000000000000e+02,1.100000000000000000e+01,3.900000000000000000e+01
1.680080655788522959e+09,1.620800000000000000e+04,4.960000000000000000e+02,4.240000000000000000e+02,-5.960000000000000000e+02,4.800000000000000000e+01,2.100000000000000000e+01
1.680080655790014267e+09,1.626800000000000000e+04,5.040000000000000000e+02,3.160000000000000000e+02,-6.270000000000000000e+02,1.900000000000000000e+01,3.200000000000000000e+01
1.680080655792304277e+09,1.620000000000000000e+04,4.640000000000000000e+02,4.320000000000000000e+02,-6.160000000000000000e+02,4.800000000000000000e+01,2.600000000000000000e+01
1.680080655793543577e+09,1.627600000000000000e+04,4.920000000000000000e+02,4.880000000000000000e+02,-6.270000000000000000e+02,6.900000000000000000e+01,2.800000000000000000e+01
1.680080655795948982e+09,1.612000000000000000e+04,5.520000000000000000e+02,2.760000000000000000e+02,-6.550000000000000000e+02,4.300000000000000000e+01,4.000000000000000000e+00
1.680080655797443390e+09,1.628000000000000000e+04,5.920000000000000000e+02,2.400000000000000000e+02,-6.280000000000000000e+02,4.300000000000000000e+01,2.900000000000000000e+01
1.680080655800012589e+09,1.617600000000000000e+04,5.480000000000000000e+02,4.440000000000000000e+02,-5.970000000000000000e+02,5.600000000000000000e+01,2.000000000000000000e+01
1.680080655801188469e+09,1.618400000000000000e+04,5.160000000000000000e+02,4.000000000000000000e+02,-6.520000000000000000e+02,7.900000000000000000e+01,9.000000000000000000e+00
1.680080655803578377e+09,1.620000000000000000e+04,4.400000000000000000e+02,3.360000000000000000e+02,-6.710000000000000000e+02,6.900000000000000000e+01,3.500000000000000000e+01
1.680080655804919481e+09,1.620000000000000000e+04,4.160000000000000000e+02,4.680000000000000000e+02,-6.660000000000000000e+02,5.900000000000000000e+01,4.000000000000000000e+01
1.680080655807246447e+09,1.626400000000000000e+04,4.680000000000000000e+02,3.880000000000000000e+02,-6.380000000000000000e+02,3.900000000000000000e+01,3.900000000000000000e+01
1.680080655808599949e+09,1.605600000000000000e+04,4.320000000000000000e+02,4.120000000000000000e+02,-6.690000000000000000e+02,2.900000000000000000e+01,2.200000000000000000e+01
1.680080655811012268e+09,1.608400000000000000e+04,4.080000000000000000e+02,4.360000000000000000e+02,-6.390000000000000000e+02,5.400000000000000000e+01,3.900000000000000000e+01
1.680080655812239408e+09,1.593600000000000000e+04,3.640000000000000000e+02,5.320000000000000000e+02,-6.070000000000000000e+02,5.100000000000000000e+01,4.300000000000000000e+01
1.680080655814779997e+09,1.600800000000000000e+04,4.320000000000000000e+02,4.120000000000000000e+02,-6.890000000000000000e+02,3.300000000000000000e+01,6.400000000000000000e+01
1.680080655815899611e+09,1.607600000000000000e+04,4.440000000000000000e+02,3.280000000000000000e+02,-6.650000000000000000e+02,4.000000000000000000e+01,6.300000000000000000e+01
1.680080655818583488e+09,1.614000000000000000e+04,3.440000000000000000e+02,2.760000000000000000e+02,-6.450000000000000000e+02,5.100000000000000000e+01,5.500000000000000000e+01
1.680080655819687366e+09,1.625200000000000000e+04,3.440000000000000000e+02,4.920000000000000000e+02,-6.670000000000000000e+02,4.000000000000000000e+01,4.900000000000000000e+01
1.680080655822395563e+09,1.624400000000000000e+04,2.560000000000000000e+02,2.640000000000000000e+02,-6.460000000000000000e+02,4.400000000000000000e+01,6.600000000000000000e+01
1.680080655823733330e+09,1.629600000000000000e+04,2.280000000000000000e+02,4.720000000000000000e+02,-6.560000000000000000e+02,6.500000000000000000e+01,4.400000000000000000e+01
1.680080655826078892e+09,1.629200000000000000e+04,2.480000000000000000e+02,3.520000000000000000e+02,-6.730000000000000000e+02,4.100000000000000000e+01,2.900000000000000000e+01
1.680080655827302217e+09,1.612800000000000000e+04,2.400000000000000000e+02,3.760000000000000000e+02,-6.450000000000000000e+02,5.100000000000000000e+01,3.000000000000000000e+01
1.680080655829690456e+09,1.622800000000000000e+04,2.560000000000000000e+02,3.760000000000000000e+02,-6.200000000000000000e+02,4.200000000000000000e+01,1.800000000000000000e+01
1.680080655831169367e+09,1.624800000000000000e+04,1.440000000000000000e+02,3.040000000000000000e+02,-6.430000000000000000e+02,3.500000000000000000e+01,2.000000000000000000e+00
1.680080655833564758e+09,1.612800000000000000e+04,1.000000000000000000e+02,3.040000000000000000e+02,-6.330000000000000000e+02,3.700000000000000000e+01,4.300000000000000000e+01
1.680080655834805250e+09,1.610400000000000000e+04,1.600000000000000000e+02,1.400000000000000000e+02,-6.430000000000000000e+02,3.500000000000000000e+01,3.400000000000000000e+01
1.680080655837399721e+09,1.598800000000000000e+04,1.200000000000000000e+02,3.440000000000000000e+02,-6.330000000000000000e+02,5.100000000000000000e+01,4.900000000000000000e+01
1.680080655838769674e+09,1.600000000000000000e+04,9.200000000000000000e+01,2.520000000000000000e+02,-6.360000000000000000e+02,4.100000000000000000e+01,2.400000000000000000e+01
1.680080655841336489e+09,1.615200000000000000e+04,6.800000000000000000e+01,3.840000000000000000e+02,-6.330000000000000000e+02,2.700000000000000000e+01,4.200000000000000000e+01
1.680080655842578173e+09,1.603600000000000000e+04,8.000000000000000000e+01,3.640000000000000000e+02,-6.110000000000000000e+02,2.900000000000000000e+01,6.500000000000000000e+01
1.680080655844928741e+09,1.607200000000000000e+04,1.920000000000000000e+02,5.400000000000000000e+02,-6.460000000000000000e+02,2.300000000000000000e+01,1.900000000000000000e+01
1.680080655846137047e+09,1.611200000000000000e+04,1.800000000000000000e+02,3.840000000000000000e+02,-5.910000000000000000e+02,3.300000000000000000e+01,1.800000000000000000e+01
1.680080655848623514e+09,1.602000000000000000e+04,1.720000000000000000e+02,2.600000000000000000e+02,-6.450000000000000000e+02,5.100000000000000000e+01,3.100000000000000000e+01
1.680080655849992514e+09,1.610000000000000000e+04,1.480000000000000000e+02,3.800000000000000000e+02,-6.050000000000000000e+02,4.600000000000000000e+01,4.100000000000000000e+01
1.680080655852378607e+09,1.611600000000000000e+04,1.120000000000000000e+02,3.000000000000000000e+02,-6.290000000000000000e+02,2.800000000000000000e+01,2.600000000000000000e+01
1.680080655853989363e+09,1.599200000000000000e+04,1.240000000000000000e+02,2.240000000000000000e+02,-6.190000000000000000e+02,6.400000000000000000e+01,3.600000000000000000e+01
1.680080655856435537e+09,1.602400000000000000e+04,1.920000000000000000e+02,3.080000000000000000e+02,-5.840000000000000000e+02,4.000000000000000000e+01,4.700000000000000000e+01
1.680080655857785940e+09,1.596000000000000000e+04,1.800000000000000000e+02,3.160000000000000000e+02,-6.210000000000000000e+02,5.300000000000000000e+01,1.200000000000000000e+01
1.680080655860302925e+09,1.619600000000000000e+04,1.920000000000000000e+02,3.280000000000000000e+02,-6.100000000000000000e+02,3.700000000000000000e+01,2.200000000000000000e+01
1.680080655861821175e+09,1.618800000000000000e+04,1.520000000000000000e+02,4.040000000000000000e+02,-6.110000000000000000e+02,7.300000000000000000e+01,2.300000000000000000e+01
1.680080655865252972e+09,1.622400000000000000e+04,2.880000000000000000e+02,3.040000000000000000e+02,-5.970000000000000000e+02,3.400000000000000000e+01,1.400000000000000000e+01
1.680080655866675138e+09,1.622800000000000000e+04,2.560000000000000000e+02,1.360000000000000000e+02,-6.410000000000000000e+02,4.200000000000000000e+01,2.900000000000000000e+01
1.680080655869100571e+09,1.625200000000000000e+04,3.040000000000000000e+02,2.400000000000000000e+02,-5.970000000000000000e+02,1.500000000000000000e+01,2.100000000000000000e+01
1.680080655870313406e+09,1.628800000000000000e+04,2.920000000000000000e+02,3.040000000000000000e+02,-6.160000000000000000e+02,4.900000000000000000e+01,1.300000000000000000e+01
1.680080655873198509e+09,1.622800000000000000e+04,3.440000000000000000e+02,2.520000000000000000e+02,-6.280000000000000000e+02,4.800000000000000000e+01,2.200000000000000000e+01
1.680080655876168013e+09,1.614400000000000000e+04,3.960000000000000000e+02,2.040000000000000000e+02,-6.110000000000000000e+02,4.400000000000000000e+01,3.600000000000000000e+01
1.680080655878999949e+09,1.606400000000000000e+04,4.240000000000000000e+02,4.480000000000000000e+02,-6.330000000000000000e+02,2.900000000000000000e+01,2.700000000000000000e+01
1.680080655880306244e+09,1.615200000000000000e+04,2.800000000000000000e+02,1.360000000000000000e+02,-6.550000000000000000e+02,5.300000000000000000e+01,2.500000000000000000e+01
1.680080655882730246e+09,1.614800000000000000e+04,3.640000000000000000e+02,3.160000000000000000e+02,-6.460000000000000000e+02,6.000000000000000000e+01,2.600000000000000000e+01
1.680080655883853912e+09,1.611200000000000000e+04,3.520000000000000000e+02,3.440000000000000000e+02,-6.490000000000000000e+02,3.200000000000000000e+01,2.700000000000000000e+01
1.680080655886281252e+09,1.619600000000000000e+04,5.040000000000000000e+02,3.160000000000000000e+02,-6.500000000000000000e+02,5.400000000000000000e+01,9.000000000000000000e+00
1.680080655887781382e+09,1.615200000000000000e+04,3.400000000000000000e+02,3.200000000000000000e+02,-6.280000000000000000e+02,3.000000000000000000e+01,7.000000000000000000e+00
1.680080655890202284e+09,1.616000000000000000e+04,3.280000000000000000e+02,3.880000000000000000e+02,-6.440000000000000000e+02,2.100000000000000000e+01,2.900000000000000000e+01
1.680080655891916513e+09,1.628000000000000000e+04,3.080000000000000000e+02,3.160000000000000000e+02,-6.120000000000000000e+02,2.800000000000000000e+01,3.300000000000000000e+01
1.680080655894439459e+09,1.616400000000000000e+04,3.720000000000000000e+02,3.720000000000000000e+02,-6.820000000000000000e+02,3.400000000000000000e+01,3.400000000000000000e+01
1.680080655895665884e+09,1.630800000000000000e+04,4.880000000000000000e+02,2.560000000000000000e+02,-6.490000000000000000e+02,5.200000000000000000e+01,6.600000000000000000e+01
1.680080655898196220e+09,1.617200000000000000e+04,4.200000000000000000e+02,4.000000000000000000e+02,-6.530000000000000000e+02,1.900000000000000000e+01,2.900000000000000000e+01
1.680080655899480820e+09,1.629200000000000000e+04,4.560000000000000000e+02,3.080000000000000000e+02,-6.750000000000000000e+02,-4.000000000000000000e+00,1.500000000000000000e+01
1.680080655901962280e+09,1.616400000000000000e+04,3.640000000000000000e+02,3.560000000000000000e+02,-6.510000000000000000e+02,5.000000000000000000e+01,2.500000000000000000e+01
1.680080655903352022e+09,1.625200000000000000e+04,2.800000000000000000e+02,2.440000000000000000e+02,-6.800000000000000000e+02,3.600000000000000000e+01,3.700000000000000000e+01
1.680080655905951023e+09,1.623200000000000000e+04,2.960000000000000000e+02,3.280000000000000000e+02,-6.550000000000000000e+02,5.200000000000000000e+01,4.900000000000000000e+01
1.680080655907301188e+09,1.626000000000000000e+04,3.800000000000000000e+02,4.160000000000000000e+02,-6.800000000000000000e+02,3.900000000000000000e+01,1.100000000000000000e+01
1.680080655909732580e+09,1.617200000000000000e+04,3.320000000000000000e+02,4.400000000000000000e+02,-6.670000000000000000e+02,3.700000000000000000e+01,1.500000000000000000e+01
1.680080655911041498e+09,1.623600000000000000e+04,3.200000000000000000e+02,2.880000000000000000e+02,-6.430000000000000000e+02,3.500000000000000000e+01,2.000000000000000000e+01
1.680080655913601637e+09,1.619200000000000000e+04,3.120000000000000000e+02,4.560000000000000000e+02,-6.440000000000000000e+02,3.600000000000000000e+01,2.600000000000000000e+01
1.680080655914978027e+09,1.607600000000000000e+04,3.160000000000000000e+02,4.120000000000000000e+02,-6.540000000000000000e+02,2.500000000000000000e+01,2.100000000000000000e+01
1.680080655917445660e+09,1.610000000000000000e+04,3.040000000000000000e+02,3.920000000000000000e+02,-6.500000000000000000e+02,4.000000000000000000e+01,4.400000000000000000e+01
1.680080655918706656e+09,1.609600000000000000e+04,3.120000000000000000e+02,2.120000000000000000e+02,-6.850000000000000000e+02,3.200000000000000000e+01,5.200000000000000000e+01
1.680080655921271324e+09,1.612000000000000000e+04,2.640000000000000000e+02,3.160000000000000000e+02,-6.730000000000000000e+02,5.200000000000000000e+01,3.900000000000000000e+01
1.680080655922623158e+09,1.610400000000000000e+04,2.880000000000000000e+02,2.600000000000000000e+02,-6.450000000000000000e+02,3.400000000000000000e+01,1.400000000000000000e+01
1.680080655925192595e+09,1.620400000000000000e+04,3.000000000000000000e+02,3.520000000000000000e+02,-6.570000000000000000e+02,2.400000000000000000e+01,3.300000000000000000e+01
1.680080655926455498e+09,1.615600000000000000e+04,2.720000000000000000e+02,4.080000000000000000e+02,-5.980000000000000000e+02,4.400000000000000000e+01,3.800000000000000000e+01
1.680080655929047823e+09,1.625600000000000000e+04,2.600000000000000000e+02,2.960000000000000000e+02,-6.790000000000000000e+02,3.000000000000000000e+01,4.400000000000000000e+01
1.680080655930156946e+09,1.613200000000000000e+04,2.440000000000000000e+02,2.320000000000000000e+02,-6.310000000000000000e+02,4.000000000000000000e+01,3.200000000000000000e+01
1.680080655932567596e+09,1.618400000000000000e+04,3.120000000000000000e+02,2.160000000000000000e+02,-6.830000000000000000e+02,6.100000000000000000e+01,3.700000000000000000e+01
1.680080655933978319e+09,1.620800000000000000e+04,2.640000000000000000e+02,2.240000000000000000e+02,-6.600000000000000000e+02,4.400000000000000000e+01,1.900000000000000000e+01
1.680080655936403751e+09,1.620800000000000000e+04,2.600000000000000000e+02,4.040000000000000000e+02,-6.570000000000000000e+02,4.800000000000000000e+01,6.000000000000000000e+01
1.680080655937817097e+09,1.615600000000000000e+04,2.720000000000000000e+02,3.640000000000000000e+02,-6.400000000000000000e+02,4.600000000000000000e+01,4.200000000000000000e+01
1.680080655940211296e+09,1.608800000000000000e+04,3.040000000000000000e+02,2.640000000000000000e+02,-6.030000000000000000e+02,5.600000000000000000e+01,2.800000000000000000e+01
1.680080655941714287e+09,1.612800000000000000e+04,2.920000000000000000e+02,3.120000000000000000e+02,-6.430000000000000000e+02,5.600000000000000000e+01,4.400000000000000000e+01
1.680080655944577217e+09,1.611200000000000000e+04,3.400000000000000000e+02,2.360000000000000000e+02,-6.290000000000000000e+02,3.300000000000000000e+01,1.000000000000000000e+01
1.680080655946547508e+09,1.617600000000000000e+04,2.720000000000000000e+02,2.760000000000000000e+02,-6.240000000000000000e+02,3.000000000000000000e+01,8.000000000000000000e+00
1.680080655949706554e+09,1.608000000000000000e+04,2.400000000000000000e+02,3.240000000000000000e+02,-6.580000000000000000e+02,4.000000000000000000e+01,1.000000000000000000e+01
1.680080655951058865e+09,1.609200000000000000e+04,3.080000000000000000e+02,4.040000000000000000e+02,-6.280000000000000000e+02,2.400000000000000000e+01,1.400000000000000000e+01
1.680080655954234362e+09,1.624800000000000000e+04,2.960000000000000000e+02,3.880000000000000000e+02,-6.450000000000000000e+02,5.900000000000000000e+01,2.600000000000000000e+01
1.680080655955707073e+09,1.618800000000000000e+04,2.640000000000000000e+02,2.760000000000000000e+02,-6.130000000000000000e+02,3.900000000000000000e+01,3.800000000000000000e+01
1.680080655958360910e+09,1.621600000000000000e+04,3.880000000000000000e+02,3.480000000000000000e+02,-6.570000000000000000e+02,2.600000000000000000e+01,5.000000000000000000e+00
1.680080655959550858e+09,1.621600000000000000e+04,3.160000000000000000e+02,3.240000000000000000e+02,-6.080000000000000000e+02,5.500000000000000000e+01,2.800000000000000000e+01
1.680080655962155104e+09,1.601600000000000000e+04,4.080000000000000000e+02,1.120000000000000000e+02,-6.540000000000000000e+02,5.900000000000000000e+01,3.300000000000000000e+01
1.680080655963597775e+09,1.610000000000000000e+04,4.040000000000000000e+02,1.960000000000000000e+02,-6.060000000000000000e+02,3.800000000000000000e+01,3.800000000000000000e+01
1.680080655965990067e+09,1.605200000000000000e+04,3.320000000000000000e+02,4.040000000000000000e+02,-6.260000000000000000e+02,4.900000000000000000e+01,3.800000000000000000e+01
1.680080655967307806e+09,1.612000000000000000e+04,3.680000000000000000e+02,4.520000000000000000e+02,-6.270000000000000000e+02,6.900000000000000000e+01,2.200000000000000000e+01
1.680080655969714165e+09,1.616400000000000000e+04,4.000000000000000000e+02,4.520000000000000000e+02,-6.080000000000000000e+02,3.600000000000000000e+01,4.700000000000000000e+01
1.680080655971069098e+09,1.629600000000000000e+04,2.880000000000000000e+02,4.040000000000000000e+02,-6.080000000000000000e+02,5.600000000000000000e+01,4.500000000000000000e+01
1.680080655973611832e+09,1.629200000000000000e+04,4.400000000000000000e+02,2.880000000000000000e+02,-6.250000000000000000e+02,3.900000000000000000e+01,3.800000000000000000e+01
1.680080655974879980e+09,1.622800000000000000e+04,5.000000000000000000e+02,4.280000000000000000e+02,-6.360000000000000000e+02,2.600000000000000000e+01,2.900000000000000000e+01
1.680080655977355957e+09,1.610400000000000000e+04,4.480000000000000000e+02,3.680000000000000000e+02,-6.240000000000000000e+02,7.500000000000000000e+01,4.400000000000000000e+01
1.680080655978821278e+09,1.616000000000000000e+04,3.960000000000000000e+02,3.280000000000000000e+02,-6.150000000000000000e+02,5.500000000000000000e+01,4.200000000000000000e+01
1.680080655981454372e+09,1.618800000000000000e+04,4.480000000000000000e+02,2.480000000000000000e+02,-6.450000000000000000e+02,2.200000000000000000e+01,3.500000000000000000e+01
1.680080655982782125e+09,1.621600000000000000e+04,4.600000000000000000e+02,3.480000000000000000e+02,-6.320000000000000000e+02,6.600000000000000000e+01,4.600000000000000000e+01
1.680080655985250235e+09,1.614800000000000000e+04,4.520000000000000000e+02,3.440000000000000000e+02,-6.190000000000000000e+02,4.900000000000000000e+01,4.600000000000000000e+01
1.680080655986856461e+09,1.624400000000000000e+04,4.040000000000000000e+02,4.360000000000000000e+02,-6.430000000000000000e+02,5.800000000000000000e+01,1.300000000000000000e+01
1.680080655989305019e+09,1.618800000000000000e+04,4.400000000000000000e+02,3.440000000000000000e+02,-6.010000000000000000e+02,6.800000000000000000e+01,3.900000000000000000e+01
1.680080655990546942e+09,1.626000000000000000e+04,3.920000000000000000e+02,2.840000000000000000e+02,-6.550000000000000000e+02,4.700000000000000000e+01,3.700000000000000000e+01
1.680080655993269444e+09,1.620800000000000000e+04,3.840000000000000000e+02,1.320000000000000000e+02,-6.530000000000000000e+02,4.500000000000000000e+01,4.200000000000000000e+01
1.680080655994665146e+09,1.613600000000000000e+04,4.240000000000000000e+02,2.440000000000000000e+02,-6.330000000000000000e+02,5.700000000000000000e+01,3.800000000000000000e+01
1.680080655997555494e+09,1.623600000000000000e+04,4.200000000000000000e+02,2.440000000000000000e+02,-6.290000000000000000e+02,4.100000000000000000e+01,3.800000000000000000e+01
1.680080655998873949e+09,1.629600000000000000e+04,4.000000000000000000e+02,2.720000000000000000e+02,-6.500000000000000000e+02,2.200000000000000000e+01,3.500000000000000000e+01
1.680080656001453400e+09,1.615600000000000000e+04,3.720000000000000000e+02,1.600000000000000000e+02,-6.420000000000000000e+02,6.000000000000000000e+01,3.500000000000000000e+01
1.680080656002838135e+09,1.615200000000000000e+04,4.160000000000000000e+02,2.360000000000000000e+02,-6.920000000000000000e+02,2.500000000000000000e+01,4.400000000000000000e+01
1.680080656005384922e+09,1.616400000000000000e+04,4.120000000000000000e+02,3.320000000000000000e+02,-6.330000000000000000e+02,5.100000000000000000e+01,5.300000000000000000e+01
1.680080656006652832e+09,1.618400000000000000e+04,3.640000000000000000e+02,2.920000000000000000e+02,-6.630000000000000000e+02,3.600000000000000000e+01,3.500000000000000000e+01
1.680080656009112835e+09,1.614800000000000000e+04,3.360000000000000000e+02,2.320000000000000000e+02,-6.480000000000000000e+02,3.400000000000000000e+01,3.400000000000000000e+01
1.680080656010291338e+09,1.622400000000000000e+04,4.200000000000000000e+02,1.800000000000000000e+02,-6.530000000000000000e+02,3.500000000000000000e+01,2.600000000000000000e+01
1.680080656012687683e+09,1.612400000000000000e+04,3.280000000000000000e+02,4.560000000000000000e+02,-6.330000000000000000e+02,3.900000000000000000e+01,4.100000000000000000e+01
1.680080656014324188e+09,1.610000000000000000e+04,3.400000000000000000e+02,4.120000000000000000e+02,-6.580000000000000000e+02,3.900000000000000000e+01,5.900000000000000000e+01
1.680080656016764402e+09,1.624000000000000000e+04,2.960000000000000000e+02,8.800000000000000000e+01,-6.660000000000000000e+02,4.400000000000000000e+01,3.800000000000000000e+01
1.680080656018095970e+09,1.618000000000000000e+04,3.240000000000000000e+02,1.920000000000000000e+02,-6.410000000000000000e+02,5.000000000000000000e+01,4.100000000000000000e+01
1.680080656020464659e+09,1.625200000000000000e+04,3.000000000000000000e+02,1.240000000000000000e+02,-6.410000000000000000e+02,4.100000000000000000e+01,4.100000000000000000e+01
1.680080656021738052e+09,1.610400000000000000e+04,3.480000000000000000e+02,2.120000000000000000e+02,-6.660000000000000000e+02,2.500000000000000000e+01,5.100000000000000000e+01
1.680080656024394989e+09,1.624400000000000000e+04,3.400000000000000000e+02,1.920000000000000000e+02,-6.350000000000000000e+02,6.500000000000000000e+01,3.500000000000000000e+01
1.680080656025666714e+09,1.615600000000000000e+04,2.240000000000000000e+02,1.080000000000000000e+02,-6.880000000000000000e+02,5.800000000000000000e+01,2.800000000000000000e+01
1.680080656028070450e+09,1.624000000000000000e+04,3.040000000000000000e+02,2.200000000000000000e+02,-6.310000000000000000e+02,6.400000000000000000e+01,4.300000000000000000e+01
1.680080656029343843e+09,1.623200000000000000e+04,2.520000000000000000e+02,8.800000000000000000e+01,-6.500000000000000000e+02,4.700000000000000000e+01,2.800000000000000000e+01
1.680080656031871557e+09,1.617600000000000000e+04,2.880000000000000000e+02,3.040000000000000000e+02,-6.620000000000000000e+02,4.300000000000000000e+01,5.100000000000000000e+01
1.680080656033116817e+09,1.612400000000000000e+04,3.040000000000000000e+02,2.320000000000000000e+02,-6.650000000000000000e+02,1.800000000000000000e+01,5.000000000000000000e+01
1.680080656035459042e+09,1.619600000000000000e+04,2.520000000000000000e+02,3.320000000000000000e+02,-6.470000000000000000e+02,6.100000000000000000e+01,4.800000000000000000e+01
1.680080656036951065e+09,1.618000000000000000e+04,1.760000000000000000e+02,1.600000000000000000e+02,-6.840000000000000000e+02,3.700000000000000000e+01,4.200000000000000000e+01
1.680080656039844751e+09,1.608400000000000000e+04,2.280000000000000000e+02,2.840000000000000000e+02,-6.260000000000000000e+02,4.700000000000000000e+01,3.100000000000000000e+01
1.680080656041189671e+09,1.614000000000000000e+04,2.400000000000000000e+02,2.680000000000000000e+02,-6.590000000000000000e+02,3.200000000000000000e+01,2.100000000000000000e+01
1.680080656043716669e+09,1.616400000000000000e+04,2.960000000000000000e+02,1.800000000000000000e+02,-6.430000000000000000e+02,3.300000000000000000e+01,4.200000000000000000e+01
1.680080656045046329e+09,1.616400000000000000e+04,1.920000000000000000e+02,1.720000000000000000e+02,-6.440000000000000000e+02,4.100000000000000000e+01,3.600000000000000000e+01
1.680080656047580004e+09,1.606000000000000000e+04,8.400000000000000000e+01,3.000000000000000000e+02,-6.500000000000000000e+02,2.400000000000000000e+01,8.000000000000000000e+00
1.680080656049093008e+09,1.614400000000000000e+04,1.840000000000000000e+02,3.640000000000000000e+02,-6.490000000000000000e+02,2.000000000000000000e+01,2.500000000000000000e+01
1.680080656051570892e+09,1.620800000000000000e+04,2.280000000000000000e+02,2.920000000000000000e+02,-6.180000000000000000e+02,4.000000000000000000e+01,2.200000000000000000e+01
1.680080656052817106e+09,1.608400000000000000e+04,1.840000000000000000e+02,4.240000000000000000e+02,-6.290000000000000000e+02,3.800000000000000000e+01,2.100000000000000000e+01
1.680080656055366755e+09,1.614000000000000000e+04,1.680000000000000000e+02,2.520000000000000000e+02,-6.430000000000000000e+02,5.900000000000000000e+01,2.100000000000000000e+01
1.680080656056599140e+09,1.616000000000000000e+04,2.040000000000000000e+02,3.560000000000000000e+02,-6.170000000000000000e+02,1.800000000000000000e+01,3.700000000000000000e+01
1.680080656059069872e+09,1.608800000000000000e+04,2.400000000000000000e+02,3.680000000000000000e+02,-6.440000000000000000e+02,5.800000000000000000e+01,2.300000000000000000e+01
1.680080656060748100e+09,1.626800000000000000e+04,2.840000000000000000e+02,1.800000000000000000e+02,-6.370000000000000000e+02,3.800000000000000000e+01,4.000000000000000000e+01
1.680080656063258171e+09,1.630400000000000000e+04,1.600000000000000000e+02,2.840000000000000000e+02,-5.730000000000000000e+02,8.100000000000000000e+01,2.100000000000000000e+01
1.680080656064480305e+09,1.620800000000000000e+04,2.120000000000000000e+02,3.240000000000000000e+02,-6.290000000000000000e+02,7.600000000000000000e+01,2.400000000000000000e+01
1.680080656066936016e+09,1.614400000000000000e+04,2.240000000000000000e+02,3.640000000000000000e+02,-6.350000000000000000e+02,4.800000000000000000e+01,1.100000000000000000e+01
1.680080656068320751e+09,1.619600000000000000e+04,1.920000000000000000e+02,2.440000000000000000e+02,-6.310000000000000000e+02,3.800000000000000000e+01,3.700000000000000000e+01
1.680080656070726156e+09,1.616000000000000000e+04,3.120000000000000000e+02,3.280000000000000000e+02,-6.390000000000000000e+02,5.500000000000000000e+01,2.800000000000000000e+01
1.680080656072143316e+09,1.618800000000000000e+04,2.800000000000000000e+02,3.960000000000000000e+02,-6.520000000000000000e+02,4.900000000000000000e+01,4.000000000000000000e+00
1.680080656074535370e+09,1.616800000000000000e+04,2.120000000000000000e+02,4.320000000000000000e+02,-6.450000000000000000e+02,3.800000000000000000e+01,1.900000000000000000e+01
1.680080656075809717e+09,1.618800000000000000e+04,2.000000000000000000e+02,4.320000000000000000e+02,-6.280000000000000000e+02,4.400000000000000000e+01,1.800000000000000000e+01
1.680080656078479528e+09,1.613600000000000000e+04,2.840000000000000000e+02,3.880000000000000000e+02,-5.880000000000000000e+02,6.200000000000000000e+01,4.300000000000000000e+01
1.680080656079783201e+09,1.615200000000000000e+04,2.560000000000000000e+02,3.680000000000000000e+02,-6.280000000000000000e+02,7.100000000000000000e+01,1.700000000000000000e+01
1.680080656082364559e+09,1.611600000000000000e+04,3.040000000000000000e+02,5.080000000000000000e+02,-6.190000000000000000e+02,3.000000000000000000e+01,1.900000000000000000e+01
1.680080656083818913e+09,1.619600000000000000e+04,3.240000000000000000e+02,5.560000000000000000e+02,-6.460000000000000000e+02,0.000000000000000000e+00,1.700000000000000000e+01
1.680080656086560726e+09,1.628000000000000000e+04,2.960000000000000000e+02,5.280000000000000000e+02,-6.130000000000000000e+02,5.300000000000000000e+01,3.500000000000000000e+01
1.680080656087897301e+09,1.633600000000000000e+04,2.880000000000000000e+02,5.120000000000000000e+02,-6.790000000000000000e+02,4.400000000000000000e+01,3.100000000000000000e+01
1.680080656090257883e+09,1.626800000000000000e+04,4.120000000000000000e+02,3.560000000000000000e+02,-6.380000000000000000e+02,5.700000000000000000e+01,6.500000000000000000e+01
1.680080656091638565e+09,1.616400000000000000e+04,4.640000000000000000e+02,3.320000000000000000e+02,-6.380000000000000000e+02,3.300000000000000000e+01,5.000000000000000000e+01
1.680080656093961000e+09,1.620000000000000000e+04,3.680000000000000000e+02,3.560000000000000000e+02,-6.590000000000000000e+02,2.200000000000000000e+01,3.300000000000000000e+01
1.680080656095438242e+09,1.624800000000000000e+04,3.400000000000000000e+02,3.880000000000000000e+02,-6.170000000000000000e+02,4.600000000000000000e+01,3.400000000000000000e+01
1.680080656097999096e+09,1.624400000000000000e+04,3.360000000000000000e+02,4.840000000000000000e+02,-6.800000000000000000e+02,4.100000000000000000e+01,3.300000000000000000e+01
1.680080656099179983e+09,1.625200000000000000e+04,3.280000000000000000e+02,4.600000000000000000e+02,-6.260000000000000000e+02,3.800000000000000000e+01,4.100000000000000000e+01
1.680080656101929903e+09,1.622400000000000000e+04,3.480000000000000000e+02,4.040000000000000000e+02,-6.310000000000000000e+02,6.300000000000000000e+01,3.800000000000000000e+01
1.680080656103407145e+09,1.610400000000000000e+04,3.280000000000000000e+02,4.000000000000000000e+02,-6.470000000000000000e+02,2.900000000000000000e+01,2.400000000000000000e+01
1.680080656106011629e+09,1.620800000000000000e+04,3.240000000000000000e+02,3.880000000000000000e+02,-6.360000000000000000e+02,5.500000000000000000e+01,5.700000000000000000e+01
1.680080656107367516e+09,1.610000000000000000e+04,3.760000000000000000e+02,3.880000000000000000e+02,-6.260000000000000000e+02,5.300000000000000000e+01,4.900000000000000000e+01
1.680080656109885454e+09,1.618000000000000000e+04,3.160000000000000000e+02,3.440000000000000000e+02,-6.560000000000000000e+02,1.000000000000000000e+00,6.100000000000000000e+01
1.680080656111264944e+09,1.622800000000000000e+04,2.640000000000000000e+02,4.400000000000000000e+02,-6.230000000000000000e+02,2.800000000000000000e+01,4.700000000000000000e+01
1.680080656114110231e+09,1.624800000000000000e+04,2.600000000000000000e+02,3.360000000000000000e+02,-6.840000000000000000e+02,5.300000000000000000e+01,3.000000000000000000e+01
1.680080656115540266e+09,1.619600000000000000e+04,2.960000000000000000e+02,4.040000000000000000e+02,-6.610000000000000000e+02,5.500000000000000000e+01,2.700000000000000000e+01
1.680080656118149996e+09,1.612000000000000000e+04,3.640000000000000000e+02,3.920000000000000000e+02,-6.680000000000000000e+02,4.500000000000000000e+01,7.000000000000000000e+00
1.680080656119385481e+09,1.612400000000000000e+04,3.280000000000000000e+02,2.920000000000000000e+02,-6.330000000000000000e+02,6.500000000000000000e+01,2.200000000000000000e+01
1.680080656121714592e+09,1.619600000000000000e+04,3.040000000000000000e+02,2.640000000000000000e+02,-6.600000000000000000e+02,1.900000000000000000e+01,3.400000000000000000e+01
1.680080656122910023e+09,1.616800000000000000e+04,3.080000000000000000e+02,3.360000000000000000e+02,-6.320000000000000000e+02,6.000000000000000000e+00,4.000000000000000000e+01
1.680080656125534058e+09,1.613200000000000000e+04,3.320000000000000000e+02,4.040000000000000000e+02,-6.900000000000000000e+02,5.900000000000000000e+01,6.400000000000000000e+01
1.680080656126913071e+09,1.618000000000000000e+04,2.760000000000000000e+02,2.240000000000000000e+02,-6.690000000000000000e+02,3.700000000000000000e+01,2.400000000000000000e+01
1.680080656129580975e+09,1.617200000000000000e+04,2.400000000000000000e+02,4.600000000000000000e+02,-6.530000000000000000e+02,4.000000000000000000e+01,3.500000000000000000e+01
1.680080656131135941e+09,1.609600000000000000e+04,2.720000000000000000e+02,3.200000000000000000e+02,-6.110000000000000000e+02,4.200000000000000000e+01,3.500000000000000000e+01
1.680080656133596182e+09,1.609600000000000000e+04,2.080000000000000000e+02,2.400000000000000000e+02,-6.440000000000000000e+02,7.500000000000000000e+01,3.800000000000000000e+01
1.680080656134843588e+09,1.612000000000000000e+04,2.120000000000000000e+02,1.880000000000000000e+02,-6.420000000000000000e+02,4.500000000000000000e+01,2.900000000000000000e+01
1.680080656137552738e+09,1.623600000000000000e+04,2.200000000000000000e+02,3.440000000000000000e+02,-6.280000000000000000e+02,4.600000000000000000e+01,3.000000000000000000e+01
1.680080656138946056e+09,1.626400000000000000e+04,2.320000000000000000e+02,2.720000000000000000e+02,-6.780000000000000000e+02,1.600000000000000000e+01,4.500000000000000000e+01
1.680080656141355991e+09,1.620800000000000000e+04,2.920000000000000000e+02,2.960000000000000000e+02,-6.040000000000000000e+02,4.000000000000000000e+01,1.600000000000000000e+01
1.680080656142644644e+09,1.629600000000000000e+04,1.880000000000000000e+02,2.040000000000000000e+02,-6.680000000000000000e+02,6.100000000000000000e+01,2.900000000000000000e+01
1.680080656145205498e+09,1.624000000000000000e+04,2.240000000000000000e+02,3.600000000000000000e+02,-6.300000000000000000e+02,6.900000000000000000e+01,2.400000000000000000e+01
1.680080656146534681e+09,1.622800000000000000e+04,2.560000000000000000e+02,3.680000000000000000e+02,-6.480000000000000000e+02,3.900000000000000000e+01,3.100000000000000000e+01
1.680080656148893595e+09,1.609600000000000000e+04,2.960000000000000000e+02,3.560000000000000000e+02,-6.210000000000000000e+02,6.300000000000000000e+01,4.900000000000000000e+01
1.680080656150057316e+09,1.616800000000000000e+04,3.080000000000000000e+02,1.880000000000000000e+02,-6.420000000000000000e+02,7.200000000000000000e+01,3.000000000000000000e+01
1.680080656152498245e+09,1.619200000000000000e+04,2.320000000000000000e+02,1.560000000000000000e+02,-6.220000000000000000e+02,3.900000000000000000e+01,2.200000000000000000e+01
1.680080656153798342e+09,1.616000000000000000e+04,2.320000000000000000e+02,4.600000000000000000e+02,-6.110000000000000000e+02,4.500000000000000000e+01,1.200000000000000000e+01
1.680080656156307936e+09,1.614400000000000000e+04,1.760000000000000000e+02,3.520000000000000000e+02,-6.180000000000000000e+02,5.900000000000000000e+01,5.300000000000000000e+01
1.680080656157704592e+09,1.610000000000000000e+04,2.720000000000000000e+02,3.000000000000000000e+02,-6.220000000000000000e+02,7.100000000000000000e+01,3.900000000000000000e+01
1.680080656160142660e+09,1.619600000000000000e+04,2.760000000000000000e+02,2.160000000000000000e+02,-6.560000000000000000e+02,1.700000000000000000e+01,8.000000000000000000e+00
1.680080656161505699e+09,1.626000000000000000e+04,3.360000000000000000e+02,1.880000000000000000e+02,-5.920000000000000000e+02,3.600000000000000000e+01,3.700000000000000000e+01
1.680080656163984060e+09,1.625200000000000000e+04,2.680000000000000000e+02,1.120000000000000000e+02,-6.540000000000000000e+02,3.400000000000000000e+01,2.400000000000000000e+01
1.680080656165267706e+09,1.619600000000000000e+04,3.240000000000000000e+02,1.640000000000000000e+02,-6.030000000000000000e+02,4.600000000000000000e+01,1.900000000000000000e+01
1.680080656167930365e+09,1.619200000000000000e+04,3.160000000000000000e+02,3.240000000000000000e+02,-6.580000000000000000e+02,6.200000000000000000e+01,6.000000000000000000e+00
1.680080656169219017e+09,1.622400000000000000e+04,3.200000000000000000e+02,2.680000000000000000e+02,-6.360000000000000000e+02,5.600000000000000000e+01,1.600000000000000000e+01
1.680080656171617270e+09,1.616800000000000000e+04,2.960000000000000000e+02,1.840000000000000000e+02,-6.270000000000000000e+02,2.100000000000000000e+01,1.800000000000000000e+01
1.680080656172815084e+09,1.619200000000000000e+04,3.240000000000000000e+02,1.320000000000000000e+02,-6.020000000000000000e+02,5.100000000000000000e+01,3.200000000000000000e+01
1.680080656175710917e+09,1.610400000000000000e+04,3.000000000000000000e+02,2.720000000000000000e+02,-6.160000000000000000e+02,5.400000000000000000e+01,3.100000000000000000e+01
1.680080656177200556e+09,1.609600000000000000e+04,4.240000000000000000e+02,2.720000000000000000e+02,-6.460000000000000000e+02,4.100000000000000000e+01,2.900000000000000000e+01
1.680080656179640770e+09,1.624000000000000000e+04,3.400000000000000000e+02,2.040000000000000000e+02,-6.460000000000000000e+02,5.600000000000000000e+01,1.700000000000000000e+01
1.680080656181041718e+09,1.613600000000000000e+04,3.960000000000000000e+02,2.000000000000000000e+02,-6.150000000000000000e+02,4.300000000000000000e+01,2.200000000000000000e+01
1.680080656183457375e+09,1.609200000000000000e+04,3.640000000000000000e+02,2.280000000000000000e+02,-6.470000000000000000e+02,2.300000000000000000e+01,4.900000000000000000e+01
1.680080656185015202e+09,1.616400000000000000e+04,3.760000000000000000e+02,1.760000000000000000e+02,-5.860000000000000000e+02,7.600000000000000000e+01,3.600000000000000000e+01
1.680080656187934399e+09,1.615600000000000000e+04,4.160000000000000000e+02,2.400000000000000000e+02,-6.520000000000000000e+02,0.000000000000000000e+00,2.800000000000000000e+01
1.680080656189131498e+09,1.614400000000000000e+04,3.120000000000000000e+02,2.880000000000000000e+02,-5.980000000000000000e+02,3.400000000000000000e+01,1.900000000000000000e+01
1.680080656191622257e+09,1.625200000000000000e+04,3.280000000000000000e+02,3.160000000000000000e+02,-6.650000000000000000e+02,4.100000000000000000e+01,1.900000000000000000e+01
1.680080656193003893e+09,1.620000000000000000e+04,3.440000000000000000e+02,2.680000000000000000e+02,-6.410000000000000000e+02,3.500000000000000000e+01,2.200000000000000000e+01
1.680080656195676565e+09,1.612800000000000000e+04,3.600000000000000000e+02,3.080000000000000000e+02,-6.430000000000000000e+02,4.300000000000000000e+01,3.700000000000000000e+01
1.680080656197017670e+09,1.615600000000000000e+04,3.080000000000000000e+02,2.920000000000000000e+02,-6.040000000000000000e+02,5.500000000000000000e+01,4.300000000000000000e+01
1.680080656199380159e+09,1.620400000000000000e+04,3.760000000000000000e+02,2.960000000000000000e+02,-6.620000000000000000e+02,2.400000000000000000e+01,2.400000000000000000e+01
1.680080656201017380e+09,1.617200000000000000e+04,3.880000000000000000e+02,3.680000000000000000e+02,-6.300000000000000000e+02,4.300000000000000000e+01,2.900000000000000000e+01
1.680080656203438282e+09,1.612000000000000000e+04,4.680000000000000000e+02,2.960000000000000000e+02,-6.210000000000000000e+02,4.600000000000000000e+01,3.800000000000000000e+01
1.680080656204907179e+09,1.614800000000000000e+04,4.360000000000000000e+02,3.360000000000000000e+02,-6.340000000000000000e+02,4.100000000000000000e+01,3.100000000000000000e+01
1.680080656207717657e+09,1.627200000000000000e+04,3.560000000000000000e+02,2.560000000000000000e+02,-6.330000000000000000e+02,4.800000000000000000e+01,5.000000000000000000e+00
1.680080656209077358e+09,1.619600000000000000e+04,3.240000000000000000e+02,2.720000000000000000e+02,-6.470000000000000000e+02,4.800000000000000000e+01,2.900000000000000000e+01
1.680080656211536646e+09,1.618400000000000000e+04,4.800000000000000000e+02,2.600000000000000000e+02,-6.550000000000000000e+02,3.700000000000000000e+01,2.100000000000000000e+01
1.680080656212913990e+09,1.610000000000000000e+04,4.200000000000000000e+02,2.320000000000000000e+02,-6.340000000000000000e+02,4.500000000000000000e+01,3.100000000000000000e+01
1.680080656215535402e+09,1.624000000000000000e+04,2.720000000000000000e+02,2.920000000000000000e+02,-6.420000000000000000e+02,3.600000000000000000e+01,2.300000000000000000e+01
1.680080656217117548e+09,1.625200000000000000e+04,3.200000000000000000e+02,4.400000000000000000e+02,-6.490000000000000000e+02,5.100000000000000000e+01,3.000000000000000000e+00
1.680080656219674349e+09,1.623200000000000000e+04,3.000000000000000000e+02,2.640000000000000000e+02,-5.940000000000000000e+02,5.000000000000000000e+01,4.600000000000000000e+01
1.680080656221017599e+09,1.624400000000000000e+04,3.040000000000000000e+02,1.440000000000000000e+02,-6.500000000000000000e+02,4.400000000000000000e+01,4.100000000000000000e+01
1.680080656223611355e+09,1.623600000000000000e+04,3.240000000000000000e+02,4.360000000000000000e+02,-6.400000000000000000e+02,4.600000000000000000e+01,4.400000000000000000e+01
1.680080656224755049e+09,1.612400000000000000e+04,2.760000000000000000e+02,3.640000000000000000e+02,-6.620000000000000000e+02,5.500000000000000000e+01,4.800000000000000000e+01
1.680080656227257013e+09,1.616400000000000000e+04,2.840000000000000000e+02,3.080000000000000000e+02,-6.320000000000000000e+02,4.900000000000000000e+01,2.800000000000000000e+01
1.680080656228603840e+09,1.620400000000000000e+04,2.760000000000000000e+02,3.160000000000000000e+02,-6.630000000000000000e+02,5.700000000000000000e+01,4.100000000000000000e+01
1.680080656231017113e+09,1.615200000000000000e+04,2.920000000000000000e+02,3.200000000000000000e+02,-6.230000000000000000e+02,3.800000000000000000e+01,1.800000000000000000e+01
1.680080656232373714e+09,1.614400000000000000e+04,2.960000000000000000e+02,3.200000000000000000e+02,-6.460000000000000000e+02,3.000000000000000000e+01,4.500000000000000000e+01
1.680080656235063076e+09,1.616400000000000000e+04,2.080000000000000000e+02,2.640000000000000000e+02,-6.310000000000000000e+02,2.800000000000000000e+01,3.700000000000000000e+01
1.680080656236236334e+09,1.618000000000000000e+04,3.080000000000000000e+02,2.360000000000000000e+02,-6.410000000000000000e+02,4.400000000000000000e+01,3.900000000000000000e+01
1.680080656238738537e+09,1.618000000000000000e+04,2.920000000000000000e+02,3.320000000000000000e+02,-6.520000000000000000e+02,4.600000000000000000e+01,1.600000000000000000e+01
1.680080656240304232e+09,1.612800000000000000e+04,2.400000000000000000e+02,2.960000000000000000e+02,-6.180000000000000000e+02,4.800000000000000000e+01,3.000000000000000000e+01
1.680080656242845535e+09,1.617600000000000000e+04,1.640000000000000000e+02,3.840000000000000000e+02,-6.250000000000000000e+02,4.000000000000000000e+00,3.600000000000000000e+01
1.680080656244151354e+09,1.616000000000000000e+04,1.840000000000000000e+02,3.760000000000000000e+02,-6.180000000000000000e+02,6.400000000000000000e+01,2.300000000000000000e+01
1.680080656246609211e+09,1.620400000000000000e+04,1.560000000000000000e+02,2.800000000000000000e+02,-6.670000000000000000e+02,1.900000000000000000e+01,1.100000000000000000e+01
1.680080656247776270e+09,1.613600000000000000e+04,1.320000000000000000e+02,3.200000000000000000e+02,-5.990000000000000000e+02,3.400000000000000000e+01,4.900000000000000000e+01
1.680080656250357866e+09,1.613600000000000000e+04,1.520000000000000000e+02,3.880000000000000000e+02,-6.890000000000000000e+02,6.800000000000000000e+01,2.500000000000000000e+01
1.680080656251810789e+09,1.619200000000000000e+04,8.400000000000000000e+01,3.200000000000000000e+02,-6.210000000000000000e+02,6.800000000000000000e+01,1.300000000000000000e+01
1.680080656254220963e+09,1.622000000000000000e+04,2.920000000000000000e+02,3.440000000000000000e+02,-6.120000000000000000e+02,3.900000000000000000e+01,5.100000000000000000e+01
1.680080656255465031e+09,1.614000000000000000e+04,2.680000000000000000e+02,3.480000000000000000e+02,-6.350000000000000000e+02,6.600000000000000000e+01,5.400000000000000000e+01
1.680080656258107185e+09,1.624800000000000000e+04,1.800000000000000000e+02,2.880000000000000000e+02,-6.050000000000000000e+02,2.700000000000000000e+01,2.300000000000000000e+01
1.680080656259349108e+09,1.622800000000000000e+04,2.280000000000000000e+02,3.680000000000000000e+02,-6.410000000000000000e+02,4.400000000000000000e+01,1.700000000000000000e+01
1.680080656261941195e+09,1.617600000000000000e+04,2.320000000000000000e+02,1.760000000000000000e+02,-6.510000000000000000e+02,3.000000000000000000e+01,3.100000000000000000e+01
1.680080656263128042e+09,1.610400000000000000e+04,1.720000000000000000e+02,2.040000000000000000e+02,-6.290000000000000000e+02,4.500000000000000000e+01,4.600000000000000000e+01
1.680080656265653849e+09,1.622400000000000000e+04,1.920000000000000000e+02,4.360000000000000000e+02,-6.380000000000000000e+02,4.200000000000000000e+01,2.600000000000000000e+01
1.680080656267096996e+09,1.621200000000000000e+04,3.160000000000000000e+02,4.000000000000000000e+02,-6.470000000000000000e+02,4.400000000000000000e+01,3.700000000000000000e+01
1.680080656269812107e+09,1.616400000000000000e+04,2.720000000000000000e+02,3.600000000000000000e+02,-6.020000000000000000e+02,8.200000000000000000e+01,2.100000000000000000e+01
1.680080656271114588e+09,1.622000000000000000e+04,2.640000000000000000e+02,2.840000000000000000e+02,-6.420000000000000000e+02,7.500000000000000000e+01,2.400000000000000000e+01
1.680080656273569584e+09,1.620800000000000000e+04,3.560000000000000000e+02,4.200000000000000000e+02,-6.400000000000000000e+02,5.000000000000000000e+01,4.100000000000000000e+01
1.680080656274971962e+09,1.618800000000000000e+04,3.480000000000000000e+02,2.440000000000000000e+02,-6.520000000000000000e+02,3.000000000000000000e+01,4.400000000000000000e+01
1.680080656277444601e+09,1.616800000000000000e+04,3.680000000000000000e+02,3.040000000000000000e+02,-6.600000000000000000e+02,2.700000000000000000e+01,1.600000000000000000e+01
1.680080656278850079e+09,1.614400000000000000e+04,3.680000000000000000e+02,2.560000000000000000e+02,-6.220000000000000000e+02,3.700000000000000000e+01,4.000000000000000000e+01
1.680080656281373262e+09,1.614800000000000000e+04,3.520000000000000000e+02,2.160000000000000000e+02,-6.310000000000000000e+02,6.500000000000000000e+01,2.400000000000000000e+01
1.680080656282775640e+09,1.609600000000000000e+04,4.000000000000000000e+02,2.720000000000000000e+02,-6.410000000000000000e+02,2.900000000000000000e+01,2.500000000000000000e+01
1.680080656285696983e+09,1.620000000000000000e+04,3.240000000000000000e+02,3.400000000000000000e+02,-6.450000000000000000e+02,5.900000000000000000e+01,3.300000000000000000e+01
1.680080656286906004e+09,1.622000000000000000e+04,3.640000000000000000e+02,2.760000000000000000e+02,-6.280000000000000000e+02,5.500000000000000000e+01,3.800000000000000000e+01
1.680080656289456606e+09,1.620000000000000000e+04,3.960000000000000000e+02,2.640000000000000000e+02,-6.400000000000000000e+02,4.000000000000000000e+01,2.700000000000000000e+01
1.680080656290786505e+09,1.620400000000000000e+04,3.960000000000000000e+02,3.040000000000000000e+02,-6.350000000000000000e+02,6.100000000000000000e+01,2.900000000000000000e+01
1.680080656293267250e+09,1.616400000000000000e+04,4.600000000000000000e+02,2.640000000000000000e+02,-6.400000000000000000e+02,3.000000000000000000e+01,2.500000000000000000e+01
1.680080656294370651e+09,1.612000000000000000e+04,4.120000000000000000e+02,3.080000000000000000e+02,-6.350000000000000000e+02,3.500000000000000000e+01,3.300000000000000000e+01
1.680080656297211885e+09,1.617600000000000000e+04,3.760000000000000000e+02,2.000000000000000000e+02,-6.360000000000000000e+02,5.200000000000000000e+01,1.300000000000000000e+01
1.680080656298464537e+09,1.614000000000000000e+04,5.160000000000000000e+02,3.360000000000000000e+02,-6.580000000000000000e+02,4.200000000000000000e+01,1.500000000000000000e+01
1.680080656301186323e+09,1.617200000000000000e+04,3.560000000000000000e+02,2.400000000000000000e+02,-6.150000000000000000e+02,3.800000000000000000e+01,4.400000000000000000e+01
1.680080656302596331e+09,1.618800000000000000e+04,3.960000000000000000e+02,1.760000000000000000e+02,-6.690000000000000000e+02,4.800000000000000000e+01,4.700000000000000000e+01
1.680080656305050611e+09,1.620800000000000000e+04,3.640000000000000000e+02,4.280000000000000000e+02,-6.230000000000000000e+02,5.200000000000000000e+01,3.300000000000000000e+01
1.680080656306425333e+09,1.630800000000000000e+04,3.840000000000000000e+02,3.880000000000000000e+02,-6.680000000000000000e+02,5.900000000000000000e+01,5.800000000000000000e+01
1.680080656309120178e+09,1.621200000000000000e+04,4.400000000000000000e+02,2.360000000000000000e+02,-6.560000000000000000e+02,4.200000000000000000e+01,3.600000000000000000e+01
1.680080656310230017e+09,1.620800000000000000e+04,3.440000000000000000e+02,3.080000000000000000e+02,-6.660000000000000000e+02,3.200000000000000000e+01,2.200000000000000000e+01
1.680080656312687635e+09,1.616800000000000000e+04,4.320000000000000000e+02,4.400000000000000000e+02,-6.500000000000000000e+02,6.700000000000000000e+01,2.400000000000000000e+01
1.680080656314070225e+09,1.618400000000000000e+04,4.840000000000000000e+02,4.080000000000000000e+02,-6.590000000000000000e+02,5.000000000000000000e+01,5.800000000000000000e+01
1.680080656316587210e+09,1.615200000000000000e+04,4.160000000000000000e+02,3.120000000000000000e+02,-6.520000000000000000e+02,3.600000000000000000e+01,1.700000000000000000e+01
1.680080656317871571e+09,1.616800000000000000e+04,3.960000000000000000e+02,3.080000000000000000e+02,-6.460000000000000000e+02,4.900000000000000000e+01,2.400000000000000000e+01
1.680080656320310354e+09,1.602800000000000000e+04,4.280000000000000000e+02,3.320000000000000000e+02,-6.350000000000000000e+02,6.100000000000000000e+01,5.000000000000000000e+01
1.680080656321856737e+09,1.611200000000000000e+04,3.520000000000000000e+02,2.360000000000000000e+02,-6.610000000000000000e+02,3.800000000000000000e+01,3.700000000000000000e+01
1.680080656324765444e+09,1.620800000000000000e+04,3.720000000000000000e+02,2.200000000000000000e+02,-6.770000000000000000e+02,3.400000000000000000e+01,4.100000000000000000e+01
1.680080656325922012e+09,1.621200000000000000e+04,3.680000000000000000e+02,2.880000000000000000e+02,-6.250000000000000000e+02,4.000000000000000000e+01,2.300000000000000000e+01
1.680080656328501463e+09,1.617200000000000000e+04,3.840000000000000000e+02,2.560000000000000000e+02,-6.520000000000000000e+02,5.700000000000000000e+01,3.100000000000000000e+01
1.680080656329820395e+09,1.617600000000000000e+04,2.680000000000000000e+02,2.920000000000000000e+02,-6.640000000000000000e+02,5.100000000000000000e+01,3.600000000000000000e+01
1.680080656332273722e+09,1.613600000000000000e+04,4.480000000000000000e+02,4.040000000000000000e+02,-6.330000000000000000e+02,2.400000000000000000e+01,3.900000000000000000e+01
1.680080656333535194e+09,1.617200000000000000e+04,3.960000000000000000e+02,1.920000000000000000e+02,-6.260000000000000000e+02,2.800000000000000000e+01,2.200000000000000000e+01
1.680080656336084366e+09,1.617600000000000000e+04,3.320000000000000000e+02,2.680000000000000000e+02,-6.440000000000000000e+02,3.900000000000000000e+01,1.800000000000000000e+01
1.680080656337550402e+09,1.616400000000000000e+04,3.280000000000000000e+02,3.200000000000000000e+02,-6.410000000000000000e+02,5.200000000000000000e+01,5.000000000000000000e+01
1.680080656339979410e+09,1.622000000000000000e+04,2.960000000000000000e+02,2.640000000000000000e+02,-6.440000000000000000e+02,5.200000000000000000e+01,2.300000000000000000e+01
1.680080656341467857e+09,1.616800000000000000e+04,3.120000000000000000e+02,3.560000000000000000e+02,-6.330000000000000000e+02,4.000000000000000000e+01,-3.000000000000000000e+00
1.680080656343940973e+09,1.606000000000000000e+04,3.120000000000000000e+02,4.160000000000000000e+02,-6.370000000000000000e+02,3.800000000000000000e+01,4.700000000000000000e+01
1.680080656345236778e+09,1.618800000000000000e+04,3.280000000000000000e+02,2.960000000000000000e+02,-6.100000000000000000e+02,3.100000000000000000e+01,1.900000000000000000e+01
1.680080656347687244e+09,1.613600000000000000e+04,2.400000000000000000e+02,3.400000000000000000e+02,-6.180000000000000000e+02,1.900000000000000000e+01,2.900000000000000000e+01
1.680080656349327087e+09,1.606800000000000000e+04,2.800000000000000000e+02,3.800000000000000000e+02,-5.770000000000000000e+02,5.200000000000000000e+01,2.400000000000000000e+01
1.680080656352243900e+09,1.619200000000000000e+04,3.680000000000000000e+02,2.040000000000000000e+02,-6.780000000000000000e+02,4.200000000000000000e+01,3.100000000000000000e+01
1.680080656353669643e+09,1.617200000000000000e+04,2.840000000000000000e+02,3.880000000000000000e+02,-6.230000000000000000e+02,4.200000000000000000e+01,1.900000000000000000e+01
1.680080656356187344e+09,1.628400000000000000e+04,3.080000000000000000e+02,3.760000000000000000e+02,-6.050000000000000000e+02,4.900000000000000000e+01,2.200000000000000000e+01
1.680080656357426167e+09,1.628400000000000000e+04,3.280000000000000000e+02,2.120000000000000000e+02,-6.410000000000000000e+02,7.100000000000000000e+01,1.800000000000000000e+01
1.680080656360059738e+09,1.624800000000000000e+04,2.920000000000000000e+02,3.280000000000000000e+02,-6.290000000000000000e+02,8.100000000000000000e+01,2.100000000000000000e+01
1.680080656361522198e+09,1.623600000000000000e+04,2.400000000000000000e+02,3.440000000000000000e+02,-6.540000000000000000e+02,6.100000000000000000e+01,4.100000000000000000e+01
1.680080656364025354e+09,1.628400000000000000e+04,2.760000000000000000e+02,4.480000000000000000e+02,-6.280000000000000000e+02,5.700000000000000000e+01,3.300000000000000000e+01
1.680080656365483761e+09,1.617600000000000000e+04,3.360000000000000000e+02,2.680000000000000000e+02,-6.130000000000000000e+02,5.000000000000000000e+01,1.900000000000000000e+01
1.680080656367846966e+09,1.627200000000000000e+04,3.480000000000000000e+02,5.120000000000000000e+02,-6.460000000000000000e+02,4.600000000000000000e+01,3.700000000000000000e+01
1.680080656369127750e+09,1.621200000000000000e+04,3.480000000000000000e+02,4.840000000000000000e+02,-6.340000000000000000e+02,5.900000000000000000e+01,2.100000000000000000e+01
1.680080656371495485e+09,1.622000000000000000e+04,3.360000000000000000e+02,3.320000000000000000e+02,-6.280000000000000000e+02,4.300000000000000000e+01,2.000000000000000000e+01
1.680080656372958899e+09,1.618800000000000000e+04,3.280000000000000000e+02,4.160000000000000000e+02,-6.450000000000000000e+02,5.300000000000000000e+01,3.900000000000000000e+01
1.680080656375444651e+09,1.622000000000000000e+04,3.080000000000000000e+02,4.520000000000000000e+02,-6.300000000000000000e+02,3.600000000000000000e+01,4.700000000000000000e+01
1.680080656377047777e+09,1.624000000000000000e+04,2.720000000000000000e+02,4.800000000000000000e+02,-6.220000000000000000e+02,1.100000000000000000e+01,3.500000000000000000e+01
1.680080656379553556e+09,1.622000000000000000e+04,2.560000000000000000e+02,2.920000000000000000e+02,-6.540000000000000000e+02,5.200000000000000000e+01,1.300000000000000000e+01
1.680080656380691290e+09,1.623600000000000000e+04,2.520000000000000000e+02,3.640000000000000000e+02,-6.720000000000000000e+02,3.900000000000000000e+01,1.500000000000000000e+01
1.680080656383147717e+09,1.620400000000000000e+04,3.600000000000000000e+02,3.080000000000000000e+02,-6.300000000000000000e+02,4.100000000000000000e+01,3.900000000000000000e+01
1.680080656384580135e+09,1.620000000000000000e+04,3.840000000000000000e+02,4.600000000000000000e+02,-6.920000000000000000e+02,3.800000000000000000e+01,5.000000000000000000e+01
1.680080656387389898e+09,1.619200000000000000e+04,2.840000000000000000e+02,3.360000000000000000e+02,-6.170000000000000000e+02,2.600000000000000000e+01,5.300000000000000000e+01
1.680080656388648510e+09,1.617600000000000000e+04,2.560000000000000000e+02,3.240000000000000000e+02,-6.580000000000000000e+02,3.500000000000000000e+01,5.600000000000000000e+01
1.680080656391103745e+09,1.611600000000000000e+04,2.720000000000000000e+02,4.120000000000000000e+02,-6.070000000000000000e+02,7.900000000000000000e+01,1.600000000000000000e+01
1.680080656392400026e+09,1.618000000000000000e+04,2.520000000000000000e+02,3.120000000000000000e+02,-6.600000000000000000e+02,5.600000000000000000e+01,1.600000000000000000e+01
1.680080656394723415e+09,1.617600000000000000e+04,3.280000000000000000e+02,3.680000000000000000e+02,-6.250000000000000000e+02,3.700000000000000000e+01,2.100000000000000000e+01
1.680080656396252155e+09,1.624000000000000000e+04,3.000000000000000000e+02,3.560000000000000000e+02,-6.560000000000000000e+02,1.900000000000000000e+01,5.000000000000000000e+01
1.680080656398818970e+09,1.620800000000000000e+04,1.720000000000000000e+02,4.880000000000000000e+02,-6.500000000000000000e+02,3.100000000000000000e+01,5.600000000000000000e+01
1.680080656400094748e+09,1.616000000000000000e+04,2.760000000000000000e+02,3.440000000000000000e+02,-6.690000000000000000e+02,1.800000000000000000e+01,3.800000000000000000e+01
1.680080656402838945e+09,1.619200000000000000e+04,2.880000000000000000e+02,2.840000000000000000e+02,-6.570000000000000000e+02,5.100000000000000000e+01,3.900000000000000000e+01
1.680080656403951168e+09,1.614400000000000000e+04,2.280000000000000000e+02,3.320000000000000000e+02,-6.330000000000000000e+02,4.000000000000000000e+01,5.900000000000000000e+01
1.680080656406544924e+09,1.621600000000000000e+04,2.800000000000000000e+02,3.800000000000000000e+02,-6.410000000000000000e+02,1.200000000000000000e+01,3.600000000000000000e+01
1.680080656407974005e+09,1.616800000000000000e+04,3.160000000000000000e+02,2.760000000000000000e+02,-6.320000000000000000e+02,5.500000000000000000e+01,3.500000000000000000e+01
1.680080656410645008e+09,1.618000000000000000e+04,2.040000000000000000e+02,2.880000000000000000e+02,-6.720000000000000000e+02,5.100000000000000000e+01,4.100000000000000000e+01
1.680080656411916733e+09,1.627600000000000000e+04,2.520000000000000000e+02,3.560000000000000000e+02,-6.430000000000000000e+02,4.300000000000000000e+01,3.900000000000000000e+01
1.680080656414498806e+09,1.605200000000000000e+04,2.280000000000000000e+02,3.800000000000000000e+02,-6.700000000000000000e+02,4.600000000000000000e+01,2.400000000000000000e+01
1.680080656416035891e+09,1.615200000000000000e+04,1.880000000000000000e+02,3.440000000000000000e+02,-6.310000000000000000e+02,1.700000000000000000e+01,4.900000000000000000e+01
1.680080656418665171e+09,1.620000000000000000e+04,2.640000000000000000e+02,3.200000000000000000e+02,-6.470000000000000000e+02,8.000000000000000000e+01,1.100000000000000000e+01
1.680080656420105696e+09,1.610000000000000000e+04,2.280000000000000000e+02,3.280000000000000000e+02,-6.650000000000000000e+02,4.400000000000000000e+01,1.000000000000000000e+01
1.680080656422770500e+09,1.614400000000000000e+04,2.720000000000000000e+02,4.080000000000000000e+02,-6.650000000000000000e+02,5.700000000000000000e+01,2.400000000000000000e+01
1.680080656424275637e+09,1.614000000000000000e+04,1.920000000000000000e+02,3.520000000000000000e+02,-6.530000000000000000e+02,6.100000000000000000e+01,2.100000000000000000e+01
1.680080656426662445e+09,1.622400000000000000e+04,2.640000000000000000e+02,3.080000000000000000e+02,-6.150000000000000000e+02,4.800000000000000000e+01,3.300000000000000000e+01
1.680080656427881718e+09,1.613200000000000000e+04,1.800000000000000000e+02,2.080000000000000000e+02,-6.220000000000000000e+02,3.000000000000000000e+01,4.000000000000000000e+01
1.680080656430307865e+09,1.620800000000000000e+04,2.560000000000000000e+02,2.480000000000000000e+02,-6.540000000000000000e+02,5.300000000000000000e+01,3.900000000000000000e+01
1.680080656431595802e+09,1.618400000000000000e+04,2.640000000000000000e+02,2.600000000000000000e+02,-6.500000000000000000e+02,4.300000000000000000e+01,4.500000000000000000e+01
1.680080656434061766e+09,1.616400000000000000e+04,2.800000000000000000e+02,2.480000000000000000e+02,-6.610000000000000000e+02,5.600000000000000000e+01,1.000000000000000000e+00
1.680080656435250998e+09,1.612800000000000000e+04,2.560000000000000000e+02,2.840000000000000000e+02,-6.270000000000000000e+02,5.900000000000000000e+01,1.200000000000000000e+01
1.680080656437925100e+09,1.615200000000000000e+04,1.560000000000000000e+02,3.000000000000000000e+02,-6.820000000000000000e+02,1.400000000000000000e+01,6.300000000000000000e+01
1.680080656439107656e+09,1.616400000000000000e+04,2.400000000000000000e+02,1.960000000000000000e+02,-6.390000000000000000e+02,2.200000000000000000e+01,6.000000000000000000e+01
1.680080656441807508e+09,1.627600000000000000e+04,2.520000000000000000e+02,1.520000000000000000e+02,-6.300000000000000000e+02,3.200000000000000000e+01,1.900000000000000000e+01
1.680080656443067074e+09,1.625200000000000000e+04,2.640000000000000000e+02,1.600000000000000000e+01,-6.800000000000000000e+02,4.700000000000000000e+01,1.400000000000000000e+01
1.680080656445534706e+09,1.622800000000000000e+04,2.560000000000000000e+02,3.480000000000000000e+02,-6.210000000000000000e+02,1.900000000000000000e+01,2.300000000000000000e+01
1.680080656446837425e+09,1.618400000000000000e+04,3.520000000000000000e+02,1.560000000000000000e+02,-6.650000000000000000e+02,5.000000000000000000e+01,2.100000000000000000e+01
1.680080656449169874e+09,1.622000000000000000e+04,3.080000000000000000e+02,3.240000000000000000e+02,-6.430000000000000000e+02,4.600000000000000000e+01,6.000000000000000000e+01
1.680080656450659752e+09,1.616000000000000000e+04,2.680000000000000000e+02,3.680000000000000000e+02,-6.520000000000000000e+02,4.600000000000000000e+01,4.100000000000000000e+01
1.680080656453479767e+09,1.615600000000000000e+04,4.400000000000000000e+02,3.040000000000000000e+02,-6.350000000000000000e+02,2.200000000000000000e+01,4.500000000000000000e+01
1.680080656454878807e+09,1.612400000000000000e+04,3.240000000000000000e+02,1.960000000000000000e+02,-6.470000000000000000e+02,1.800000000000000000e+01,3.900000000000000000e+01
1.680080656457629681e+09,1.610400000000000000e+04,3.240000000000000000e+02,2.080000000000000000e+02,-6.480000000000000000e+02,3.900000000000000000e+01,1.800000000000000000e+01
1.680080656458902597e+09,1.619600000000000000e+04,4.160000000000000000e+02,2.240000000000000000e+02,-6.400000000000000000e+02,4.800000000000000000e+01,3.200000000000000000e+01
1.680080656461655140e+09,1.610400000000000000e+04,4.040000000000000000e+02,2.080000000000000000e+02,-6.060000000000000000e+02,2.100000000000000000e+01,3.600000000000000000e+01
1.680080656462891817e+09,1.612000000000000000e+04,3.600000000000000000e+02,1.960000000000000000e+02,-6.210000000000000000e+02,8.100000000000000000e+01,4.200000000000000000e+01
1.680080656465222597e+09,1.619600000000000000e+04,4.280000000000000000e+02,2.200000000000000000e+02,-6.530000000000000000e+02,3.500000000000000000e+01,3.500000000000000000e+01
1.680080656466803551e+09,1.603600000000000000e+04,3.240000000000000000e+02,2.520000000000000000e+02,-6.160000000000000000e+02,3.700000000000000000e+01,1.000000000000000000e+00
1.680080656469322681e+09,1.620800000000000000e+04,4.880000000000000000e+02,2.120000000000000000e+02,-6.670000000000000000e+02,4.200000000000000000e+01,-4.000000000000000000e+00
1.680080656470636606e+09,1.621200000000000000e+04,4.480000000000000000e+02,1.840000000000000000e+02,-6.170000000000000000e+02,4.700000000000000000e+01,2.700000000000000000e+01
1.680080656474404097e+09,1.619600000000000000e+04,4.120000000000000000e+02,2.920000000000000000e+02,-6.310000000000000000e+02,7.100000000000000000e+01,5.100000000000000000e+01
1.680080656475693226e+09,1.612000000000000000e+04,4.320000000000000000e+02,3.280000000000000000e+02,-6.330000000000000000e+02,5.300000000000000000e+01,4.200000000000000000e+01
1.680080656478319407e+09,1.622000000000000000e+04,4.440000000000000000e+02,1.680000000000000000e+02,-6.450000000000000000e+02,3.900000000000000000e+01,1.700000000000000000e+01
1.680080656479846239e+09,1.610800000000000000e+04,3.440000000000000000e+02,1.800000000000000000e+02,-6.360000000000000000e+02,2.100000000000000000e+01,3.800000000000000000e+01
1.680080656482538462e+09,1.617200000000000000e+04,4.640000000000000000e+02,2.920000000000000000e+02,-6.070000000000000000e+02,5.600000000000000000e+01,5.900000000000000000e+01
1.680080656483933210e+09,1.616800000000000000e+04,3.880000000000000000e+02,3.840000000000000000e+02,-6.430000000000000000e+02,5.500000000000000000e+01,5.700000000000000000e+01
1.680080656486291170e+09,1.621200000000000000e+04,2.880000000000000000e+02,3.000000000000000000e+02,-6.250000000000000000e+02,4.900000000000000000e+01,1.000000000000000000e+01
1.680080656487892151e+09,1.622800000000000000e+04,4.760000000000000000e+02,2.400000000000000000e+02,-6.500000000000000000e+02,4.700000000000000000e+01,5.700000000000000000e+01
1.680080656490565777e+09,1.618000000000000000e+04,4.800000000000000000e+02,1.200000000000000000e+02,-6.450000000000000000e+02,4.800000000000000000e+01,3.600000000000000000e+01
1.680080656492210865e+09,1.625600000000000000e+04,4.360000000000000000e+02,1.920000000000000000e+02,-6.160000000000000000e+02,3.000000000000000000e+01,1.800000000000000000e+01
1.680080656494601488e+09,1.622800000000000000e+04,3.960000000000000000e+02,2.920000000000000000e+02,-6.450000000000000000e+02,7.400000000000000000e+01,2.800000000000000000e+01
1.680080656496057034e+09,1.624400000000000000e+04,3.680000000000000000e+02,3.520000000000000000e+02,-6.440000000000000000e+02,2.000000000000000000e+01,4.900000000000000000e+01
1.680080656498553514e+09,1.622000000000000000e+04,3.240000000000000000e+02,2.040000000000000000e+02,-6.530000000000000000e+02,5.800000000000000000e+01,5.200000000000000000e+01
1.680080656499949455e+09,1.609600000000000000e+04,3.200000000000000000e+02,2.240000000000000000e+02,-6.560000000000000000e+02,5.500000000000000000e+01,4.200000000000000000e+01
1.680080656502516270e+09,1.621600000000000000e+04,3.120000000000000000e+02,3.920000000000000000e+02,-6.340000000000000000e+02,4.700000000000000000e+01,2.700000000000000000e+01
1.680080656503947258e+09,1.616000000000000000e+04,3.640000000000000000e+02,3.640000000000000000e+02,-6.330000000000000000e+02,7.700000000000000000e+01,3.100000000000000000e+01
1.680080656506511688e+09,1.619600000000000000e+04,3.640000000000000000e+02,2.680000000000000000e+02,-6.340000000000000000e+02,5.700000000000000000e+01,6.400000000000000000e+01
1.680080656507629633e+09,1.616800000000000000e+04,3.640000000000000000e+02,3.280000000000000000e+02,-6.270000000000000000e+02,1.800000000000000000e+01,3.700000000000000000e+01
1.680080656510215759e+09,1.623600000000000000e+04,2.640000000000000000e+02,2.600000000000000000e+02,-6.620000000000000000e+02,7.400000000000000000e+01,1.100000000000000000e+01
1.680080656511332512e+09,1.620000000000000000e+04,2.000000000000000000e+02,3.280000000000000000e+02,-6.550000000000000000e+02,6.500000000000000000e+01,1.700000000000000000e+01
1.680080656513970137e+09,1.627200000000000000e+04,3.600000000000000000e+02,3.440000000000000000e+02,-6.340000000000000000e+02,3.000000000000000000e+01,1.100000000000000000e+01
1.680080656515427828e+09,1.616800000000000000e+04,3.080000000000000000e+02,3.600000000000000000e+02,-6.200000000000000000e+02,7.000000000000000000e+01,3.500000000000000000e+01
1.680080656518149614e+09,1.622000000000000000e+04,2.840000000000000000e+02,3.880000000000000000e+02,-6.350000000000000000e+02,3.900000000000000000e+01,2.500000000000000000e+01
1.680080656519407034e+09,1.615600000000000000e+04,2.360000000000000000e+02,3.360000000000000000e+02,-6.560000000000000000e+02,5.300000000000000000e+01,4.500000000000000000e+01
1.680080656521871805e+09,1.614800000000000000e+04,2.640000000000000000e+02,3.400000000000000000e+02,-6.340000000000000000e+02,4.200000000000000000e+01,3.000000000000000000e+01
1.680080656523001909e+09,1.623200000000000000e+04,2.400000000000000000e+02,3.960000000000000000e+02,-6.300000000000000000e+02,5.000000000000000000e+01,4.800000000000000000e+01
1.680080656525627375e+09,1.619600000000000000e+04,1.760000000000000000e+02,3.320000000000000000e+02,-6.480000000000000000e+02,5.200000000000000000e+01,3.000000000000000000e+01
1.680080656526887894e+09,1.618400000000000000e+04,2.480000000000000000e+02,3.640000000000000000e+02,-6.210000000000000000e+02,1.700000000000000000e+01,6.200000000000000000e+01
1.680080656529547691e+09,1.614400000000000000e+04,1.400000000000000000e+02,4.200000000000000000e+02,-6.200000000000000000e+02,5.900000000000000000e+01,4.000000000000000000e+01
1.680080656531473875e+09,1.618000000000000000e+04,2.120000000000000000e+02,4.080000000000000000e+02,-6.560000000000000000e+02,1.800000000000000000e+01,5.000000000000000000e+01
1.680080656534214497e+09,1.625200000000000000e+04,1.800000000000000000e+02,3.520000000000000000e+02,-6.490000000000000000e+02,5.800000000000000000e+01,1.600000000000000000e+01
1.680080656535462379e+09,1.634000000000000000e+04,2.960000000000000000e+02,3.120000000000000000e+02,-6.480000000000000000e+02,-1.000000000000000000e+00,1.600000000000000000e+01
1.680080656538143396e+09,1.627600000000000000e+04,2.000000000000000000e+02,4.360000000000000000e+02,-6.270000000000000000e+02,7.000000000000000000e+01,2.400000000000000000e+01
1.680080656539281845e+09,1.613200000000000000e+04,2.920000000000000000e+02,4.160000000000000000e+02,-6.770000000000000000e+02,4.300000000000000000e+01,2.900000000000000000e+01
1.680080656541821241e+09,1.617200000000000000e+04,2.960000000000000000e+02,2.400000000000000000e+02,-6.250000000000000000e+02,5.000000000000000000e+01,3.100000000000000000e+01
1.680080656543302059e+09,1.625200000000000000e+04,2.080000000000000000e+02,3.920000000000000000e+02,-6.700000000000000000e+02,4.600000000000000000e+01,2.600000000000000000e+01
1.680080656545980215e+09,1.621600000000000000e+04,1.760000000000000000e+02,4.680000000000000000e+02,-6.280000000000000000e+02,4.800000000000000000e+01,2.600000000000000000e+01
1.680080656547119379e+09,1.614400000000000000e+04,2.840000000000000000e+02,3.560000000000000000e+02,-6.550000000000000000e+02,5.400000000000000000e+01,4.900000000000000000e+01
1.680080656549684525e+09,1.623200000000000000e+04,2.440000000000000000e+02,3.440000000000000000e+02,-6.430000000000000000e+02,3.300000000000000000e+01,2.200000000000000000e+01
1.680080656551123857e+09,1.627600000000000000e+04,2.760000000000000000e+02,4.800000000000000000e+02,-6.370000000000000000e+02,1.200000000000000000e+01,9.000000000000000000e+00
1.680080656554220438e+09,1.627600000000000000e+04,1.880000000000000000e+02,3.560000000000000000e+02,-6.700000000000000000e+02,4.800000000000000000e+01,3.000000000000000000e+01
1.680080656555455685e+09,1.626400000000000000e+04,2.640000000000000000e+02,3.240000000000000000e+02,-6.280000000000000000e+02,2.100000000000000000e+01,4.400000000000000000e+01
1.680080656558310509e+09,1.614800000000000000e+04,2.600000000000000000e+02,2.080000000000000000e+02,-6.650000000000000000e+02,4.600000000000000000e+01,1.400000000000000000e+01
1.680080656559621572e+09,1.624000000000000000e+04,1.920000000000000000e+02,3.760000000000000000e+02,-6.330000000000000000e+02,2.100000000000000000e+01,2.600000000000000000e+01
1.680080656562140465e+09,1.612800000000000000e+04,3.240000000000000000e+02,3.960000000000000000e+02,-6.580000000000000000e+02,5.000000000000000000e+01,3.500000000000000000e+01
1.680080656563442230e+09,1.618800000000000000e+04,3.040000000000000000e+02,4.840000000000000000e+02,-6.310000000000000000e+02,5.400000000000000000e+01,3.800000000000000000e+01
1.680080656565957546e+09,1.619600000000000000e+04,2.720000000000000000e+02,3.520000000000000000e+02,-6.300000000000000000e+02,4.500000000000000000e+01,1.800000000000000000e+01
1.680080656567324162e+09,1.624000000000000000e+04,3.360000000000000000e+02,4.040000000000000000e+02,-6.670000000000000000e+02,4.500000000000000000e+01,3.200000000000000000e+01
1.680080656570184231e+09,1.608800000000000000e+04,3.000000000000000000e+02,2.760000000000000000e+02,-6.330000000000000000e+02,5.700000000000000000e+01,2.300000000000000000e+01
1.680080656571359396e+09,1.615200000000000000e+04,3.640000000000000000e+02,3.240000000000000000e+02,-6.610000000000000000e+02,3.500000000000000000e+01,1.000000000000000000e+01
1.680080656573825598e+09,1.609600000000000000e+04,2.960000000000000000e+02,2.920000000000000000e+02,-6.670000000000000000e+02,2.600000000000000000e+01,3.900000000000000000e+01
1.680080656575451612e+09,1.613200000000000000e+04,3.040000000000000000e+02,1.440000000000000000e+02,-6.340000000000000000e+02,5.800000000000000000e+01,2.400000000000000000e+01
1.680080656578238010e+09,1.618400000000000000e+04,2.800000000000000000e+02,3.600000000000000000e+02,-6.320000000000000000e+02,5.200000000000000000e+01,2.600000000000000000e+01
1.680080656579501152e+09,1.619600000000000000e+04,3.120000000000000000e+02,3.400000000000000000e+02,-6.750000000000000000e+02,5.700000000000000000e+01,4.900000000000000000e+01
1.680080656581913948e+09,1.627600000000000000e+04,2.920000000000000000e+02,3.520000000000000000e+02,-6.300000000000000000e+02,3.800000000000000000e+01,4.400000000000000000e+01
1.680080656583445549e+09,1.613600000000000000e+04,3.320000000000000000e+02,4.320000000000000000e+02,-6.400000000000000000e+02,5.000000000000000000e+01,3.700000000000000000e+01
1.680080656586617231e+09,1.613200000000000000e+04,2.760000000000000000e+02,1.760000000000000000e+02,-6.350000000000000000e+02,6.500000000000000000e+01,1.800000000000000000e+01
1.680080656587823391e+09,1.620800000000000000e+04,2.840000000000000000e+02,2.800000000000000000e+02,-6.520000000000000000e+02,6.700000000000000000e+01,4.700000000000000000e+01
1.680080656590333462e+09,1.608400000000000000e+04,2.920000000000000000e+02,1.600000000000000000e+02,-6.550000000000000000e+02,6.000000000000000000e+00,2.400000000000000000e+01
1.680080656592141390e+09,1.623200000000000000e+04,3.080000000000000000e+02,2.040000000000000000e+02,-6.700000000000000000e+02,7.400000000000000000e+01,3.600000000000000000e+01
1.680080656595001459e+09,1.621600000000000000e+04,2.800000000000000000e+02,2.480000000000000000e+02,-6.440000000000000000e+02,2.700000000000000000e+01,5.500000000000000000e+01
1.680080656596283674e+09,1.616000000000000000e+04,3.920000000000000000e+02,2.640000000000000000e+02,-6.400000000000000000e+02,1.600000000000000000e+01,7.000000000000000000e+00
1.680080656599165916e+09,1.617200000000000000e+04,3.880000000000000000e+02,2.000000000000000000e+02,-6.450000000000000000e+02,4.500000000000000000e+01,4.100000000000000000e+01
1.680080656600680590e+09,1.625200000000000000e+04,2.760000000000000000e+02,3.160000000000000000e+02,-6.150000000000000000e+02,3.100000000000000000e+01,4.600000000000000000e+01
1.680080656603811502e+09,1.617600000000000000e+04,1.640000000000000000e+02,2.520000000000000000e+02,-6.350000000000000000e+02,2.600000000000000000e+01,3.400000000000000000e+01
1.680080656605098724e+09,1.614000000000000000e+04,2.800000000000000000e+02,1.960000000000000000e+02,-6.200000000000000000e+02,5.000000000000000000e+01,3.000000000000000000e+01
1.680080656607794285e+09,1.611200000000000000e+04,2.760000000000000000e+02,1.880000000000000000e+02,-6.440000000000000000e+02,6.400000000000000000e+01,2.500000000000000000e+01
1.680080656609193563e+09,1.612400000000000000e+04,3.360000000000000000e+02,1.440000000000000000e+02,-6.430000000000000000e+02,5.100000000000000000e+01,2.500000000000000000e+01
1.680080656611816883e+09,1.616000000000000000e+04,2.920000000000000000e+02,1.920000000000000000e+02,-6.430000000000000000e+02,5.700000000000000000e+01,5.000000000000000000e+01
1.680080656612968922e+09,1.615600000000000000e+04,3.760000000000000000e+02,1.880000000000000000e+02,-6.390000000000000000e+02,3.100000000000000000e+01,2.300000000000000000e+01
1.680080656615334749e+09,1.612400000000000000e+04,4.440000000000000000e+02,2.800000000000000000e+02,-6.580000000000000000e+02,4.600000000000000000e+01,1.800000000000000000e+01
1.680080656616943598e+09,1.622800000000000000e+04,3.080000000000000000e+02,3.200000000000000000e+02,-6.330000000000000000e+02,6.100000000000000000e+01,1.500000000000000000e+01
1.680080656619411707e+09,1.614800000000000000e+04,3.440000000000000000e+02,1.920000000000000000e+02,-6.100000000000000000e+02,3.400000000000000000e+01,3.800000000000000000e+01
1.680080656620946646e+09,1.620000000000000000e+04,3.160000000000000000e+02,1.200000000000000000e+02,-6.480000000000000000e+02,1.100000000000000000e+01,3.900000000000000000e+01
1.680080656623612404e+09,1.622400000000000000e+04,3.520000000000000000e+02,3.040000000000000000e+02,-6.520000000000000000e+02,2.100000000000000000e+01,1.300000000000000000e+01
1.680080656625180244e+09,1.608800000000000000e+04,3.320000000000000000e+02,2.680000000000000000e+02,-6.190000000000000000e+02,2.800000000000000000e+01,3.700000000000000000e+01
1.680080656627711773e+09,1.630800000000000000e+04,3.520000000000000000e+02,3.360000000000000000e+02,-6.700000000000000000e+02,6.000000000000000000e+01,-2.000000000000000000e+00
1.680080656629099846e+09,1.616400000000000000e+04,3.600000000000000000e+02,2.240000000000000000e+02,-6.320000000000000000e+02,4.500000000000000000e+01,3.200000000000000000e+01
1.680080656631827354e+09,1.613600000000000000e+04,3.960000000000000000e+02,3.160000000000000000e+02,-6.280000000000000000e+02,4.300000000000000000e+01,2.700000000000000000e+01
1.680080656633195162e+09,1.625600000000000000e+04,3.880000000000000000e+02,4.160000000000000000e+02,-6.450000000000000000e+02,7.800000000000000000e+01,5.000000000000000000e+01
1.680080656635570526e+09,1.618800000000000000e+04,4.280000000000000000e+02,3.480000000000000000e+02,-6.280000000000000000e+02,6.000000000000000000e+01,2.600000000000000000e+01
1.680080656637070656e+09,1.626400000000000000e+04,4.360000000000000000e+02,3.920000000000000000e+02,-6.210000000000000000e+02,4.800000000000000000e+01,3.000000000000000000e+01
1.680080656639598370e+09,1.617600000000000000e+04,4.000000000000000000e+02,4.160000000000000000e+02,-6.710000000000000000e+02,4.500000000000000000e+01,1.300000000000000000e+01
1.680080656640759706e+09,1.620000000000000000e+04,4.120000000000000000e+02,3.000000000000000000e+02,-6.380000000000000000e+02,4.900000000000000000e+01,1.900000000000000000e+01
1.680080656643187046e+09,1.624400000000000000e+04,3.760000000000000000e+02,2.320000000000000000e+02,-6.520000000000000000e+02,2.700000000000000000e+01,4.600000000000000000e+01
1.680080656644655704e+09,1.620000000000000000e+04,3.640000000000000000e+02,3.920000000000000000e+02,-6.050000000000000000e+02,7.400000000000000000e+01,4.800000000000000000e+01
1.680080656647180319e+09,1.615600000000000000e+04,2.560000000000000000e+02,4.920000000000000000e+02,-6.650000000000000000e+02,4.500000000000000000e+01,3.800000000000000000e+01
1.680080656648591757e+09,1.619600000000000000e+04,3.480000000000000000e+02,4.680000000000000000e+02,-6.090000000000000000e+02,5.400000000000000000e+01,4.000000000000000000e+01
1.680080656651625633e+09,1.609200000000000000e+04,4.240000000000000000e+02,4.440000000000000000e+02,-6.870000000000000000e+02,6.600000000000000000e+01,3.800000000000000000e+01
1.680080656652893543e+09,1.624400000000000000e+04,3.680000000000000000e+02,4.440000000000000000e+02,-6.380000000000000000e+02,4.900000000000000000e+01,3.000000000000000000e+01
1.680080656655377150e+09,1.620800000000000000e+04,3.240000000000000000e+02,4.160000000000000000e+02,-6.250000000000000000e+02,2.600000000000000000e+01,3.600000000000000000e+01
1.680080656656977415e+09,1.629600000000000000e+04,3.120000000000000000e+02,2.800000000000000000e+02,-6.180000000000000000e+02,5.800000000000000000e+01,4.700000000000000000e+01
1.680080656659509897e+09,1.617200000000000000e+04,3.080000000000000000e+02,3.520000000000000000e+02,-6.200000000000000000e+02,4.100000000000000000e+01,3.500000000000000000e+01
1.680080656660841942e+09,1.634400000000000000e+04,3.080000000000000000e+02,3.320000000000000000e+02,-6.380000000000000000e+02,1.300000000000000000e+01,3.400000000000000000e+01
1.680080656663261890e+09,1.619600000000000000e+04,2.760000000000000000e+02,4.680000000000000000e+02,-6.110000000000000000e+02,5.800000000000000000e+01,3.000000000000000000e+01
1.680080656664612770e+09,1.620800000000000000e+04,2.880000000000000000e+02,4.840000000000000000e+02,-6.610000000000000000e+02,5.300000000000000000e+01,3.000000000000000000e+01
1.680080656667309046e+09,1.615200000000000000e+04,3.560000000000000000e+02,4.200000000000000000e+02,-6.150000000000000000e+02,6.800000000000000000e+01,3.900000000000000000e+01
1.680080656668929338e+09,1.622800000000000000e+04,3.920000000000000000e+02,4.200000000000000000e+02,-6.520000000000000000e+02,5.100000000000000000e+01,3.800000000000000000e+01
1.680080656671454668e+09,1.616000000000000000e+04,3.800000000000000000e+02,3.520000000000000000e+02,-6.230000000000000000e+02,4.500000000000000000e+01,4.100000000000000000e+01
1.680080656672660589e+09,1.620800000000000000e+04,3.240000000000000000e+02,3.680000000000000000e+02,-6.370000000000000000e+02,3.900000000000000000e+01,4.400000000000000000e+01
1.680080656675246477e+09,1.619600000000000000e+04,2.640000000000000000e+02,4.480000000000000000e+02,-6.320000000000000000e+02,1.100000000000000000e+01,5.600000000000000000e+01
1.680080656676557541e+09,1.622000000000000000e+04,2.440000000000000000e+02,3.800000000000000000e+02,-6.140000000000000000e+02,2.000000000000000000e+01,6.000000000000000000e+01
1.680080656679416895e+09,1.624400000000000000e+04,3.400000000000000000e+02,3.240000000000000000e+02,-6.450000000000000000e+02,2.400000000000000000e+01,4.300000000000000000e+01
1.680080656680769205e+09,1.614800000000000000e+04,2.280000000000000000e+02,4.000000000000000000e+02,-6.380000000000000000e+02,4.600000000000000000e+01,4.500000000000000000e+01
1.680080656683506250e+09,1.618000000000000000e+04,3.120000000000000000e+02,4.840000000000000000e+02,-6.290000000000000000e+02,6.100000000000000000e+01,2.100000000000000000e+01
1.680080656685277939e+09,1.632000000000000000e+04,2.880000000000000000e+02,3.640000000000000000e+02,-6.460000000000000000e+02,4.000000000000000000e+01,3.600000000000000000e+01
1.680080656687856674e+09,1.610400000000000000e+04,1.880000000000000000e+02,2.160000000000000000e+02,-6.010000000000000000e+02,2.900000000000000000e+01,4.300000000000000000e+01
1.680080656689350128e+09,1.616000000000000000e+04,2.400000000000000000e+02,2.120000000000000000e+02,-6.230000000000000000e+02,3.900000000000000000e+01,3.500000000000000000e+01
1.680080656691981077e+09,1.618000000000000000e+04,2.320000000000000000e+02,3.400000000000000000e+02,-6.080000000000000000e+02,2.100000000000000000e+01,6.100000000000000000e+01
1.680080656693263292e+09,1.616000000000000000e+04,2.560000000000000000e+02,3.040000000000000000e+02,-6.470000000000000000e+02,6.100000000000000000e+01,3.800000000000000000e+01
1.680080656695855856e+09,1.623200000000000000e+04,2.360000000000000000e+02,3.760000000000000000e+02,-6.390000000000000000e+02,6.000000000000000000e+01,3.100000000000000000e+01
1.680080656697271824e+09,1.622000000000000000e+04,1.840000000000000000e+02,2.720000000000000000e+02,-6.280000000000000000e+02,3.600000000000000000e+01,4.500000000000000000e+01
1.680080656699932575e+09,1.615600000000000000e+04,3.320000000000000000e+02,3.360000000000000000e+02,-6.430000000000000000e+02,7.100000000000000000e+01,3.700000000000000000e+01
1.680080656701483250e+09,1.618400000000000000e+04,2.400000000000000000e+02,2.960000000000000000e+02,-6.240000000000000000e+02,5.000000000000000000e+01,5.100000000000000000e+01
1.680080656704055309e+09,1.615200000000000000e+04,2.560000000000000000e+02,3.240000000000000000e+02,-6.380000000000000000e+02,3.600000000000000000e+01,3.300000000000000000e+01
1.680080656705512524e+09,1.610800000000000000e+04,2.280000000000000000e+02,2.440000000000000000e+02,-6.420000000000000000e+02,5.400000000000000000e+01,2.500000000000000000e+01
1.680080656708267450e+09,1.612000000000000000e+04,2.240000000000000000e+02,4.040000000000000000e+02,-6.080000000000000000e+02,3.600000000000000000e+01,5.900000000000000000e+01
1.680080656709419966e+09,1.615600000000000000e+04,2.080000000000000000e+02,3.480000000000000000e+02,-6.280000000000000000e+02,4.700000000000000000e+01,4.100000000000000000e+01
1.680080656711858273e+09,1.612400000000000000e+04,2.480000000000000000e+02,2.200000000000000000e+02,-6.410000000000000000e+02,3.900000000000000000e+01,3.700000000000000000e+01
1.680080656713203907e+09,1.612800000000000000e+04,1.760000000000000000e+02,2.720000000000000000e+02,-6.570000000000000000e+02,5.700000000000000000e+01,1.700000000000000000e+01
1.680080656715691090e+09,1.615200000000000000e+04,2.040000000000000000e+02,2.840000000000000000e+02,-6.450000000000000000e+02,2.400000000000000000e+01,4.100000000000000000e+01
1.680080656717192411e+09,1.618400000000000000e+04,2.440000000000000000e+02,3.280000000000000000e+02,-6.670000000000000000e+02,3.800000000000000000e+01,4.100000000000000000e+01
1.680080656719700336e+09,1.607600000000000000e+04,3.400000000000000000e+02,2.680000000000000000e+02,-6.620000000000000000e+02,5.900000000000000000e+01,1.600000000000000000e+01
1.680080656721282482e+09,1.611200000000000000e+04,2.720000000000000000e+02,2.040000000000000000e+02,-6.500000000000000000e+02,6.200000000000000000e+01,4.000000000000000000e+01
1.680080656723749638e+09,1.619600000000000000e+04,1.800000000000000000e+02,2.480000000000000000e+02,-6.480000000000000000e+02,4.800000000000000000e+01,2.000000000000000000e+01
1.680080656725232124e+09,1.618800000000000000e+04,2.880000000000000000e+02,2.440000000000000000e+02,-6.610000000000000000e+02,1.700000000000000000e+01,2.200000000000000000e+01
1.680080656727796316e+09,1.615600000000000000e+04,3.000000000000000000e+02,2.080000000000000000e+02,-6.330000000000000000e+02,3.200000000000000000e+01,4.800000000000000000e+01
1.680080656728895664e+09,1.616400000000000000e+04,2.520000000000000000e+02,2.360000000000000000e+02,-5.970000000000000000e+02,4.300000000000000000e+01,2.600000000000000000e+01
1.680080656731574059e+09,1.621600000000000000e+04,2.920000000000000000e+02,2.040000000000000000e+02,-6.990000000000000000e+02,4.600000000000000000e+01,2.300000000000000000e+01
1.680080656733065844e+09,1.629600000000000000e+04,3.960000000000000000e+02,2.520000000000000000e+02,-6.460000000000000000e+02,5.700000000000000000e+01,2.300000000000000000e+01
1.680080656735791445e+09,1.612400000000000000e+04,2.680000000000000000e+02,3.760000000000000000e+02,-6.480000000000000000e+02,3.500000000000000000e+01,3.200000000000000000e+01
1.680080656737244606e+09,1.615200000000000000e+04,2.560000000000000000e+02,2.560000000000000000e+02,-6.570000000000000000e+02,3.400000000000000000e+01,3.200000000000000000e+01
1.680080656739730835e+09,1.612000000000000000e+04,3.600000000000000000e+02,2.200000000000000000e+02,-6.530000000000000000e+02,4.500000000000000000e+01,3.800000000000000000e+01
1.680080656741066933e+09,1.614000000000000000e+04,3.000000000000000000e+02,1.440000000000000000e+02,-6.180000000000000000e+02,4.800000000000000000e+01,3.300000000000000000e+01
1.680080656743659973e+09,1.632000000000000000e+04,3.120000000000000000e+02,4.200000000000000000e+02,-6.470000000000000000e+02,3.100000000000000000e+01,5.100000000000000000e+01
1.680080656745070696e+09,1.624800000000000000e+04,4.080000000000000000e+02,2.880000000000000000e+02,-6.170000000000000000e+02,3.900000000000000000e+01,4.200000000000000000e+01
1.680080656747792959e+09,1.619200000000000000e+04,2.800000000000000000e+02,2.280000000000000000e+02,-6.800000000000000000e+02,4.000000000000000000e+01,3.900000000000000000e+01
1.680080656749403954e+09,1.621600000000000000e+04,2.640000000000000000e+02,2.960000000000000000e+02,-6.490000000000000000e+02,4.000000000000000000e+01,2.600000000000000000e+01
1.680080656751939774e+09,1.626000000000000000e+04,4.040000000000000000e+02,2.920000000000000000e+02,-6.400000000000000000e+02,3.300000000000000000e+01,2.900000000000000000e+01
1.680080656753394604e+09,1.623200000000000000e+04,3.400000000000000000e+02,2.080000000000000000e+02,-6.390000000000000000e+02,4.200000000000000000e+01,2.700000000000000000e+01
1.680080656756093025e+09,1.625600000000000000e+04,3.200000000000000000e+02,2.960000000000000000e+02,-6.450000000000000000e+02,2.800000000000000000e+01,5.200000000000000000e+01
1.680080656757578611e+09,1.614400000000000000e+04,4.440000000000000000e+02,3.800000000000000000e+02,-5.880000000000000000e+02,5.200000000000000000e+01,5.200000000000000000e+01
1.680080656759927511e+09,1.612000000000000000e+04,3.160000000000000000e+02,3.720000000000000000e+02,-6.390000000000000000e+02,6.400000000000000000e+01,3.100000000000000000e+01
1.680080656761250019e+09,1.629600000000000000e+04,3.160000000000000000e+02,5.000000000000000000e+02,-6.390000000000000000e+02,5.400000000000000000e+01,1.300000000000000000e+01
1.680080656763828993e+09,1.622800000000000000e+04,3.920000000000000000e+02,3.320000000000000000e+02,-6.530000000000000000e+02,3.700000000000000000e+01,6.800000000000000000e+01
1.680080656765110970e+09,1.620800000000000000e+04,3.120000000000000000e+02,1.440000000000000000e+02,-6.550000000000000000e+02,3.100000000000000000e+01,4.500000000000000000e+01
1.680080656767758369e+09,1.616000000000000000e+04,3.240000000000000000e+02,3.280000000000000000e+02,-6.430000000000000000e+02,3.000000000000000000e+01,5.400000000000000000e+01
1.680080656768875360e+09,1.628800000000000000e+04,4.280000000000000000e+02,3.480000000000000000e+02,-6.310000000000000000e+02,2.900000000000000000e+01,4.900000000000000000e+01
1.680080656771450996e+09,1.625200000000000000e+04,4.320000000000000000e+02,2.480000000000000000e+02,-6.370000000000000000e+02,6.400000000000000000e+01,2.000000000000000000e+01
1.680080656772997141e+09,1.615600000000000000e+04,4.480000000000000000e+02,1.880000000000000000e+02,-6.390000000000000000e+02,4.400000000000000000e+01,2.800000000000000000e+01
1.680080656775670528e+09,1.618400000000000000e+04,3.880000000000000000e+02,2.880000000000000000e+02,-6.140000000000000000e+02,7.200000000000000000e+01,3.300000000000000000e+01
1.680080656776875257e+09,1.616000000000000000e+04,4.400000000000000000e+02,2.640000000000000000e+02,-6.620000000000000000e+02,6.200000000000000000e+01,3.000000000000000000e+01
1.680080656779437304e+09,1.609600000000000000e+04,3.520000000000000000e+02,3.280000000000000000e+02,-6.900000000000000000e+02,3.700000000000000000e+01,2.900000000000000000e+01
1.680080656780764103e+09,1.608800000000000000e+04,2.560000000000000000e+02,3.640000000000000000e+02,-6.560000000000000000e+02,3.100000000000000000e+01,2.800000000000000000e+01
1.680080656783362865e+09,1.618400000000000000e+04,4.160000000000000000e+02,3.160000000000000000e+02,-6.680000000000000000e+02,6.700000000000000000e+01,4.500000000000000000e+01
1.680080656784630299e+09,1.618400000000000000e+04,3.800000000000000000e+02,2.760000000000000000e+02,-6.650000000000000000e+02,5.500000000000000000e+01,2.700000000000000000e+01
1.680080656787504911e+09,1.617600000000000000e+04,3.400000000000000000e+02,2.520000000000000000e+02,-6.690000000000000000e+02,2.800000000000000000e+01,3.300000000000000000e+01
1.680080656789072037e+09,1.615600000000000000e+04,3.320000000000000000e+02,3.160000000000000000e+02,-6.250000000000000000e+02,5.000000000000000000e+01,3.200000000000000000e+01
1.680080656791638374e+09,1.617200000000000000e+04,3.960000000000000000e+02,2.600000000000000000e+02,-6.840000000000000000e+02,2.700000000000000000e+01,2.800000000000000000e+01
1.680080656793154240e+09,1.622800000000000000e+04,3.520000000000000000e+02,2.280000000000000000e+02,-6.420000000000000000e+02,1.600000000000000000e+01,4.700000000000000000e+01
1.680080656795707703e+09,1.616000000000000000e+04,3.400000000000000000e+02,2.680000000000000000e+02,-6.220000000000000000e+02,3.800000000000000000e+01,1.400000000000000000e+01
1.680080656796969652e+09,1.621600000000000000e+04,3.320000000000000000e+02,2.960000000000000000e+02,-6.380000000000000000e+02,6.700000000000000000e+01,1.700000000000000000e+01
1.680080656799609184e+09,1.622400000000000000e+04,3.400000000000000000e+02,2.600000000000000000e+02,-6.190000000000000000e+02,2.600000000000000000e+01,3.300000000000000000e+01
1.680080656800753355e+09,1.618000000000000000e+04,3.120000000000000000e+02,4.200000000000000000e+02,-6.690000000000000000e+02,6.500000000000000000e+01,3.200000000000000000e+01
1.680080656803175926e+09,1.614800000000000000e+04,4.080000000000000000e+02,2.640000000000000000e+02,-6.270000000000000000e+02,2.900000000000000000e+01,2.800000000000000000e+01
1.680080656804966450e+09,1.608800000000000000e+04,3.880000000000000000e+02,1.080000000000000000e+02,-6.330000000000000000e+02,5.800000000000000000e+01,2.800000000000000000e+01
1.680080656807464600e+09,1.613200000000000000e+04,2.480000000000000000e+02,4.000000000000000000e+02,-6.540000000000000000e+02,3.000000000000000000e+01,2.700000000000000000e+01
1.680080656808872938e+09,1.604800000000000000e+04,2.640000000000000000e+02,3.520000000000000000e+02,-6.310000000000000000e+02,6.500000000000000000e+01,2.100000000000000000e+01
1.680080656811380625e+09,1.608800000000000000e+04,2.840000000000000000e+02,2.880000000000000000e+02,-6.140000000000000000e+02,4.200000000000000000e+01,4.700000000000000000e+01
1.680080656812717915e+09,1.616400000000000000e+04,2.480000000000000000e+02,2.360000000000000000e+02,-6.110000000000000000e+02,5.300000000000000000e+01,3.700000000000000000e+01
1.680080656815348387e+09,1.612000000000000000e+04,2.240000000000000000e+02,2.960000000000000000e+02,-6.400000000000000000e+02,4.300000000000000000e+01,3.600000000000000000e+01
1.680080656816956997e+09,1.619200000000000000e+04,2.600000000000000000e+02,3.160000000000000000e+02,-6.430000000000000000e+02,2.400000000000000000e+01,3.200000000000000000e+01
1.680080656819630384e+09,1.621600000000000000e+04,2.280000000000000000e+02,2.480000000000000000e+02,-6.210000000000000000e+02,8.400000000000000000e+01,3.500000000000000000e+01
1.680080656820848703e+09,1.612400000000000000e+04,2.480000000000000000e+02,2.280000000000000000e+02,-6.670000000000000000e+02,6.400000000000000000e+01,2.200000000000000000e+01
1.680080656823522806e+09,1.618000000000000000e+04,3.000000000000000000e+02,2.600000000000000000e+02,-6.240000000000000000e+02,3.200000000000000000e+01,3.100000000000000000e+01
1.680080656824789524e+09,1.619200000000000000e+04,3.280000000000000000e+02,2.440000000000000000e+02,-6.330000000000000000e+02,5.100000000000000000e+01,3.800000000000000000e+01
1.680080656827190161e+09,1.613200000000000000e+04,1.880000000000000000e+02,3.520000000000000000e+02,-6.290000000000000000e+02,4.200000000000000000e+01,4.100000000000000000e+01
1.680080656828709126e+09,1.610800000000000000e+04,2.480000000000000000e+02,3.480000000000000000e+02,-6.000000000000000000e+02,5.800000000000000000e+01,4.000000000000000000e+01
1.680080656831589222e+09,1.625600000000000000e+04,2.160000000000000000e+02,3.320000000000000000e+02,-6.170000000000000000e+02,5.000000000000000000e+01,4.900000000000000000e+01
1.680080656833182096e+09,1.616000000000000000e+04,3.040000000000000000e+02,3.960000000000000000e+02,-6.450000000000000000e+02,6.000000000000000000e+01,4.800000000000000000e+01
1.680080656835919619e+09,1.616400000000000000e+04,2.640000000000000000e+02,3.600000000000000000e+02,-5.960000000000000000e+02,4.400000000000000000e+01,4.000000000000000000e+01
1.680080656837476492e+09,1.612800000000000000e+04,3.080000000000000000e+02,3.080000000000000000e+02,-6.370000000000000000e+02,7.900000000000000000e+01,2.800000000000000000e+01
1.680080656840182066e+09,1.616000000000000000e+04,3.000000000000000000e+02,3.640000000000000000e+02,-6.490000000000000000e+02,4.900000000000000000e+01,4.400000000000000000e+01
1.680080656841542006e+09,1.618400000000000000e+04,1.960000000000000000e+02,2.560000000000000000e+02,-6.550000000000000000e+02,2.100000000000000000e+01,1.800000000000000000e+01
1.680080656844098330e+09,1.610400000000000000e+04,2.320000000000000000e+02,4.240000000000000000e+02,-6.140000000000000000e+02,3.700000000000000000e+01,3.100000000000000000e+01
1.680080656846422672e+09,1.612800000000000000e+04,3.240000000000000000e+02,3.320000000000000000e+02,-6.260000000000000000e+02,4.200000000000000000e+01,1.100000000000000000e+01
1.680080656849155426e+09,1.626000000000000000e+04,1.680000000000000000e+02,3.800000000000000000e+02,-6.220000000000000000e+02,3.600000000000000000e+01,3.300000000000000000e+01
1.680080656850513697e+09,1.624800000000000000e+04,2.400000000000000000e+02,4.160000000000000000e+02,-6.440000000000000000e+02,5.100000000000000000e+01,3.300000000000000000e+01
1.680080656853174448e+09,1.631200000000000000e+04,3.080000000000000000e+02,3.800000000000000000e+02,-6.280000000000000000e+02,6.000000000000000000e+01,4.700000000000000000e+01
1.680080656854870558e+09,1.625600000000000000e+04,1.880000000000000000e+02,3.240000000000000000e+02,-6.010000000000000000e+02,4.200000000000000000e+01,2.600000000000000000e+01
1.680080656858010292e+09,1.607200000000000000e+04,3.160000000000000000e+02,4.120000000000000000e+02,-6.400000000000000000e+02,1.000000000000000000e+01,4.600000000000000000e+01
1.680080656859476805e+09,1.619200000000000000e+04,3.040000000000000000e+02,2.400000000000000000e+02,-6.020000000000000000e+02,7.800000000000000000e+01,3.400000000000000000e+01
1.680080656861919403e+09,1.604400000000000000e+04,2.840000000000000000e+02,4.000000000000000000e+02,-6.500000000000000000e+02,2.000000000000000000e+01,3.100000000000000000e+01
1.680080656863586664e+09,1.612400000000000000e+04,2.760000000000000000e+02,3.080000000000000000e+02,-6.250000000000000000e+02,5.300000000000000000e+01,3.100000000000000000e+01
1.680080656866419792e+09,1.612000000000000000e+04,2.800000000000000000e+02,2.960000000000000000e+02,-6.450000000000000000e+02,5.100000000000000000e+01,2.500000000000000000e+01
1.680080656868039608e+09,1.614800000000000000e+04,2.080000000000000000e+02,4.360000000000000000e+02,-6.390000000000000000e+02,5.800000000000000000e+01,4.300000000000000000e+01
1.680080656870611906e+09,1.610400000000000000e+04,3.000000000000000000e+02,4.960000000000000000e+02,-6.410000000000000000e+02,5.300000000000000000e+01,3.100000000000000000e+01
1.680080656871982098e+09,1.607600000000000000e+04,3.360000000000000000e+02,3.320000000000000000e+02,-6.370000000000000000e+02,4.400000000000000000e+01,2.200000000000000000e+01
1.680080656874644518e+09,1.616800000000000000e+04,3.080000000000000000e+02,4.680000000000000000e+02,-6.600000000000000000e+02,4.000000000000000000e+01,3.800000000000000000e+01
1.680080656875774860e+09,1.625600000000000000e+04,3.080000000000000000e+02,4.480000000000000000e+02,-6.720000000000000000e+02,1.800000000000000000e+01,3.700000000000000000e+01
1.680080656878224373e+09,1.626000000000000000e+04,3.240000000000000000e+02,4.400000000000000000e+02,-6.420000000000000000e+02,8.900000000000000000e+01,1.300000000000000000e+01
1.680080656879522324e+09,1.620400000000000000e+04,3.000000000000000000e+02,4.040000000000000000e+02,-6.770000000000000000e+02,3.200000000000000000e+01,1.500000000000000000e+01
1.680080656882312775e+09,1.625600000000000000e+04,3.640000000000000000e+02,2.960000000000000000e+02,-6.210000000000000000e+02,4.700000000000000000e+01,2.900000000000000000e+01
1.680080656883708000e+09,1.624400000000000000e+04,2.840000000000000000e+02,2.280000000000000000e+02,-6.710000000000000000e+02,6.500000000000000000e+01,3.800000000000000000e+01
1.680080656886508703e+09,1.627600000000000000e+04,3.200000000000000000e+02,2.600000000000000000e+02,-6.540000000000000000e+02,4.300000000000000000e+01,2.000000000000000000e+01
1.680080656887970209e+09,1.625600000000000000e+04,2.800000000000000000e+02,2.960000000000000000e+02,-6.250000000000000000e+02,3.800000000000000000e+01,2.100000000000000000e+01
1.680080656890590668e+09,1.617200000000000000e+04,2.840000000000000000e+02,3.920000000000000000e+02,-6.350000000000000000e+02,6.900000000000000000e+01,2.300000000000000000e+01
1.680080656892144203e+09,1.615200000000000000e+04,3.040000000000000000e+02,3.360000000000000000e+02,-6.400000000000000000e+02,4.300000000000000000e+01,4.900000000000000000e+01
1.680080656894718170e+09,1.614400000000000000e+04,3.800000000000000000e+02,3.000000000000000000e+02,-6.040000000000000000e+02,3.700000000000000000e+01,3.000000000000000000e+01
1.680080656897121429e+09,1.617600000000000000e+04,3.240000000000000000e+02,2.360000000000000000e+02,-6.540000000000000000e+02,4.900000000000000000e+01,2.000000000000000000e+01
1.680080656899949551e+09,1.614400000000000000e+04,3.520000000000000000e+02,3.240000000000000000e+02,-6.690000000000000000e+02,2.600000000000000000e+01,3.000000000000000000e+01
1.680080656901302099e+09,1.616800000000000000e+04,3.560000000000000000e+02,2.960000000000000000e+02,-6.070000000000000000e+02,1.900000000000000000e+01,3.700000000000000000e+01
1.680080656904159784e+09,1.621600000000000000e+04,3.040000000000000000e+02,2.480000000000000000e+02,-6.730000000000000000e+02,2.200000000000000000e+01,3.100000000000000000e+01
1.680080656905445576e+09,1.615600000000000000e+04,3.160000000000000000e+02,3.560000000000000000e+02,-6.240000000000000000e+02,3.700000000000000000e+01,5.000000000000000000e+01
1.680080656908217430e+09,1.614800000000000000e+04,3.800000000000000000e+02,4.040000000000000000e+02,-6.240000000000000000e+02,1.800000000000000000e+01,2.600000000000000000e+01
1.680080656909457684e+09,1.623200000000000000e+04,3.480000000000000000e+02,3.800000000000000000e+02,-6.310000000000000000e+02,6.600000000000000000e+01,4.600000000000000000e+01
1.680080656912070751e+09,1.628000000000000000e+04,3.240000000000000000e+02,2.240000000000000000e+02,-6.330000000000000000e+02,2.100000000000000000e+01,2.800000000000000000e+01
1.680080656913371086e+09,1.620800000000000000e+04,3.120000000000000000e+02,2.360000000000000000e+02,-6.110000000000000000e+02,6.400000000000000000e+01,2.600000000000000000e+01
1.680080656916248083e+09,1.620000000000000000e+04,2.800000000000000000e+02,2.040000000000000000e+02,-6.500000000000000000e+02,4.100000000000000000e+01,3.800000000000000000e+01
1.680080656917688847e+09,1.616800000000000000e+04,2.400000000000000000e+02,3.200000000000000000e+02,-6.380000000000000000e+02,5.000000000000000000e+01,4.300000000000000000e+01
1.680080656920235634e+09,1.608800000000000000e+04,3.160000000000000000e+02,2.200000000000000000e+02,-6.000000000000000000e+02,3.800000000000000000e+01,5.100000000000000000e+01
1.680080656921395779e+09,1.614000000000000000e+04,3.120000000000000000e+02,2.720000000000000000e+02,-6.390000000000000000e+02,4.000000000000000000e+01,3.600000000000000000e+01
1.680080656924324036e+09,1.622800000000000000e+04,3.760000000000000000e+02,1.480000000000000000e+02,-6.170000000000000000e+02,6.200000000000000000e+01,1.400000000000000000e+01
1.680080656925460577e+09,1.621600000000000000e+04,3.320000000000000000e+02,8.800000000000000000e+01,-6.720000000000000000e+02,5.500000000000000000e+01,2.100000000000000000e+01
1.680080656928055525e+09,1.612000000000000000e+04,3.720000000000000000e+02,3.040000000000000000e+02,-6.330000000000000000e+02,5.500000000000000000e+01,4.100000000000000000e+01
1.680080656929315805e+09,1.618800000000000000e+04,3.000000000000000000e+02,4.080000000000000000e+02,-6.300000000000000000e+02,5.700000000000000000e+01,3.800000000000000000e+01
1.680080656932014942e+09,1.620000000000000000e+04,1.880000000000000000e+02,2.760000000000000000e+02,-6.610000000000000000e+02,4.500000000000000000e+01,4.000000000000000000e+01
1.680080656933974266e+09,1.621200000000000000e+04,3.440000000000000000e+02,2.840000000000000000e+02,-6.020000000000000000e+02,5.600000000000000000e+01,3.800000000000000000e+01
1.680080656936769485e+09,1.612000000000000000e+04,2.880000000000000000e+02,3.240000000000000000e+02,-6.710000000000000000e+02,3.300000000000000000e+01,2.300000000000000000e+01
1.680080656938100815e+09,1.619200000000000000e+04,4.160000000000000000e+02,3.400000000000000000e+02,-6.080000000000000000e+02,4.200000000000000000e+01,6.000000000000000000e+00
1.680080656940601826e+09,1.615600000000000000e+04,3.680000000000000000e+02,3.000000000000000000e+02,-6.720000000000000000e+02,2.000000000000000000e+01,5.600000000000000000e+01
1.680080656941759586e+09,1.617200000000000000e+04,4.160000000000000000e+02,2.600000000000000000e+02,-6.260000000000000000e+02,3.800000000000000000e+01,5.700000000000000000e+01
1.680080656944537163e+09,1.612800000000000000e+04,2.360000000000000000e+02,3.760000000000000000e+02,-6.590000000000000000e+02,5.300000000000000000e+01,2.000000000000000000e+01
1.680080656945692301e+09,1.618800000000000000e+04,3.200000000000000000e+02,2.640000000000000000e+02,-6.160000000000000000e+02,3.200000000000000000e+01,3.400000000000000000e+01
1.680080656948284864e+09,1.620000000000000000e+04,3.160000000000000000e+02,2.440000000000000000e+02,-6.730000000000000000e+02,4.900000000000000000e+01,2.900000000000000000e+01
1.680080656949498653e+09,1.614400000000000000e+04,2.840000000000000000e+02,2.440000000000000000e+02,-6.550000000000000000e+02,3.400000000000000000e+01,3.000000000000000000e+01
1.680080656951924324e+09,1.606800000000000000e+04,2.600000000000000000e+02,2.360000000000000000e+02,-6.380000000000000000e+02,4.800000000000000000e+01,3.200000000000000000e+01
1.680080656953304529e+09,1.606800000000000000e+04,2.360000000000000000e+02,3.240000000000000000e+02,-6.200000000000000000e+02,2.900000000000000000e+01,3.800000000000000000e+01
1.680080656955847502e+09,1.624000000000000000e+04,3.720000000000000000e+02,4.800000000000000000e+02,-6.570000000000000000e+02,7.400000000000000000e+01,2.300000000000000000e+01
1.680080656957497597e+09,1.620000000000000000e+04,2.240000000000000000e+02,1.520000000000000000e+02,-6.360000000000000000e+02,4.500000000000000000e+01,4.600000000000000000e+01
1.680080656960260868e+09,1.626000000000000000e+04,3.640000000000000000e+02,1.920000000000000000e+02,-6.230000000000000000e+02,4.200000000000000000e+01,2.600000000000000000e+01
1.680080656961587906e+09,1.618000000000000000e+04,4.280000000000000000e+02,2.800000000000000000e+02,-6.340000000000000000e+02,5.600000000000000000e+01,2.800000000000000000e+01
1.680080656964133024e+09,1.624400000000000000e+04,3.600000000000000000e+02,3.560000000000000000e+02,-6.300000000000000000e+02,3.800000000000000000e+01,3.100000000000000000e+01
1.680080656965474844e+09,1.616400000000000000e+04,2.800000000000000000e+02,3.480000000000000000e+02,-6.320000000000000000e+02,5.400000000000000000e+01,1.700000000000000000e+01
1.680080656968109369e+09,1.621600000000000000e+04,3.240000000000000000e+02,3.880000000000000000e+02,-6.250000000000000000e+02,7.500000000000000000e+01,3.800000000000000000e+01
1.680080656969656944e+09,1.612800000000000000e+04,2.600000000000000000e+02,2.640000000000000000e+02,-6.220000000000000000e+02,6.600000000000000000e+01,3.000000000000000000e+01
1.680080656972175121e+09,1.619200000000000000e+04,3.240000000000000000e+02,2.720000000000000000e+02,-6.470000000000000000e+02,4.300000000000000000e+01,3.900000000000000000e+01
1.680080656973495245e+09,1.609200000000000000e+04,3.160000000000000000e+02,2.040000000000000000e+02,-6.070000000000000000e+02,4.000000000000000000e+01,1.800000000000000000e+01
1.680080656975958586e+09,1.613600000000000000e+04,3.040000000000000000e+02,3.640000000000000000e+02,-6.430000000000000000e+02,4.700000000000000000e+01,2.200000000000000000e+01
1.680080656977350235e+09,1.623600000000000000e+04,2.960000000000000000e+02,2.920000000000000000e+02,-6.650000000000000000e+02,4.500000000000000000e+01,5.100000000000000000e+01
1.680080656979871273e+09,1.612400000000000000e+04,3.600000000000000000e+02,2.640000000000000000e+02,-5.930000000000000000e+02,4.300000000000000000e+01,2.200000000000000000e+01
1.680080656981258869e+09,1.611600000000000000e+04,2.800000000000000000e+02,3.040000000000000000e+02,-6.460000000000000000e+02,6.100000000000000000e+01,4.100000000000000000e+01
1.680080656983815670e+09,1.613600000000000000e+04,2.600000000000000000e+02,3.720000000000000000e+02,-6.180000000000000000e+02,3.700000000000000000e+01,3.500000000000000000e+01
1.680080656985147238e+09,1.620000000000000000e+04,2.600000000000000000e+02,2.800000000000000000e+02,-6.340000000000000000e+02,3.900000000000000000e+01,4.100000000000000000e+01
1.680080656987671852e+09,1.615200000000000000e+04,3.640000000000000000e+02,3.680000000000000000e+02,-6.460000000000000000e+02,5.400000000000000000e+01,5.600000000000000000e+01
1.680080656989064932e+09,1.613600000000000000e+04,3.600000000000000000e+02,3.400000000000000000e+02,-6.590000000000000000e+02,4.300000000000000000e+01,2.400000000000000000e+01
1.680080656991634846e+09,1.627600000000000000e+04,2.360000000000000000e+02,3.560000000000000000e+02,-6.510000000000000000e+02,1.800000000000000000e+01,1.900000000000000000e+01
1.680080656993291378e+09,1.618800000000000000e+04,2.600000000000000000e+02,3.000000000000000000e+02,-6.060000000000000000e+02,3.200000000000000000e+01,5.800000000000000000e+01
1.680080656995841742e+09,1.607600000000000000e+04,3.120000000000000000e+02,2.360000000000000000e+02,-6.910000000000000000e+02,3.000000000000000000e+01,2.500000000000000000e+01
1.680080656997108459e+09,1.611600000000000000e+04,3.240000000000000000e+02,2.760000000000000000e+02,-6.220000000000000000e+02,3.600000000000000000e+01,4.500000000000000000e+01
1.680080656999869347e+09,1.618000000000000000e+04,2.800000000000000000e+02,2.640000000000000000e+02,-6.540000000000000000e+02,6.400000000000000000e+01,4.200000000000000000e+01
1.680080657001518250e+09,1.607600000000000000e+04,2.480000000000000000e+02,3.000000000000000000e+02,-6.410000000000000000e+02,6.200000000000000000e+01,3.100000000000000000e+01
1.680080657003978491e+09,1.624800000000000000e+04,3.320000000000000000e+02,3.400000000000000000e+02,-6.280000000000000000e+02,2.700000000000000000e+01,4.500000000000000000e+01
1.680080657005314350e+09,1.622800000000000000e+04,3.280000000000000000e+02,2.760000000000000000e+02,-5.920000000000000000e+02,5.700000000000000000e+01,5.300000000000000000e+01
1.680080657007992744e+09,1.617600000000000000e+04,2.080000000000000000e+02,3.960000000000000000e+02,-6.460000000000000000e+02,5.600000000000000000e+01,2.400000000000000000e+01
1.680080657009309769e+09,1.606400000000000000e+04,2.880000000000000000e+02,4.560000000000000000e+02,-6.280000000000000000e+02,5.100000000000000000e+01,3.200000000000000000e+01
1.680080657012069464e+09,1.618400000000000000e+04,2.600000000000000000e+02,3.800000000000000000e+02,-6.320000000000000000e+02,3.800000000000000000e+01,2.200000000000000000e+01
1.680080657013460159e+09,1.614800000000000000e+04,3.160000000000000000e+02,4.760000000000000000e+02,-6.250000000000000000e+02,3.700000000000000000e+01,4.700000000000000000e+01
1.680080657016111135e+09,1.614800000000000000e+04,2.040000000000000000e+02,2.800000000000000000e+02,-6.410000000000000000e+02,2.600000000000000000e+01,3.300000000000000000e+01
1.680080657017489433e+09,1.615600000000000000e+04,2.880000000000000000e+02,3.080000000000000000e+02,-6.010000000000000000e+02,3.500000000000000000e+01,3.700000000000000000e+01
1.680080657020015955e+09,1.622800000000000000e+04,3.080000000000000000e+02,3.200000000000000000e+02,-6.590000000000000000e+02,3.800000000000000000e+01,4.500000000000000000e+01
1.680080657021310806e+09,1.629200000000000000e+04,2.800000000000000000e+02,5.240000000000000000e+02,-6.190000000000000000e+02,3.800000000000000000e+01,3.300000000000000000e+01
1.680080657023810863e+09,1.616800000000000000e+04,2.120000000000000000e+02,4.080000000000000000e+02,-6.480000000000000000e+02,2.500000000000000000e+01,4.800000000000000000e+01
1.680080657025033474e+09,1.620000000000000000e+04,3.800000000000000000e+02,3.200000000000000000e+02,-6.080000000000000000e+02,6.200000000000000000e+01,2.500000000000000000e+01
1.680080657027633429e+09,1.611200000000000000e+04,3.320000000000000000e+02,3.960000000000000000e+02,-6.650000000000000000e+02,6.000000000000000000e+01,2.200000000000000000e+01
1.680080657028945684e+09,1.615600000000000000e+04,2.480000000000000000e+02,3.000000000000000000e+02,-6.290000000000000000e+02,3.400000000000000000e+01,2.800000000000000000e+01
1.680080657031755686e+09,1.619600000000000000e+04,2.800000000000000000e+02,3.280000000000000000e+02,-6.470000000000000000e+02,4.700000000000000000e+01,3.600000000000000000e+01
1.680080657033011198e+09,1.619200000000000000e+04,3.560000000000000000e+02,4.680000000000000000e+02,-6.610000000000000000e+02,5.100000000000000000e+01,4.100000000000000000e+01
1.680080657035493374e+09,1.624800000000000000e+04,3.240000000000000000e+02,3.520000000000000000e+02,-6.660000000000000000e+02,5.800000000000000000e+01,2.200000000000000000e+01
1.680080657036953449e+09,1.622800000000000000e+04,3.760000000000000000e+02,3.720000000000000000e+02,-6.270000000000000000e+02,5.400000000000000000e+01,3.000000000000000000e+01
1.680080657039529324e+09,1.613200000000000000e+04,3.360000000000000000e+02,4.200000000000000000e+02,-6.320000000000000000e+02,6.300000000000000000e+01,3.500000000000000000e+01
1.680080657040875673e+09,1.620800000000000000e+04,3.320000000000000000e+02,4.640000000000000000e+02,-6.550000000000000000e+02,3.600000000000000000e+01,2.700000000000000000e+01
1.680080657043621540e+09,1.620800000000000000e+04,2.600000000000000000e+02,4.560000000000000000e+02,-5.970000000000000000e+02,5.600000000000000000e+01,4.100000000000000000e+01
1.680080657044998407e+09,1.621600000000000000e+04,4.680000000000000000e+02,4.080000000000000000e+02,-6.220000000000000000e+02,3.300000000000000000e+01,4.700000000000000000e+01
1.680080657047711372e+09,1.615600000000000000e+04,3.280000000000000000e+02,3.480000000000000000e+02,-6.770000000000000000e+02,5.300000000000000000e+01,1.600000000000000000e+01
1.680080657049056768e+09,1.618800000000000000e+04,4.200000000000000000e+02,3.720000000000000000e+02,-6.280000000000000000e+02,5.700000000000000000e+01,3.600000000000000000e+01
1.680080657051587343e+09,1.613200000000000000e+04,4.200000000000000000e+02,2.840000000000000000e+02,-6.360000000000000000e+02,2.400000000000000000e+01,2.300000000000000000e+01
1.680080657053015709e+09,1.622800000000000000e+04,3.920000000000000000e+02,2.320000000000000000e+02,-6.270000000000000000e+02,3.200000000000000000e+01,4.800000000000000000e+01
1.680080657055866003e+09,1.620000000000000000e+04,3.720000000000000000e+02,3.240000000000000000e+02,-6.740000000000000000e+02,-2.000000000000000000e+00,3.200000000000000000e+01
1.680080657057274580e+09,1.622800000000000000e+04,3.680000000000000000e+02,3.360000000000000000e+02,-6.100000000000000000e+02,5.300000000000000000e+01,3.800000000000000000e+01
1.680080657059816122e+09,1.620000000000000000e+04,3.760000000000000000e+02,3.680000000000000000e+02,-6.580000000000000000e+02,4.800000000000000000e+01,3.400000000000000000e+01
1.680080657061131477e+09,1.618000000000000000e+04,3.240000000000000000e+02,3.120000000000000000e+02,-6.270000000000000000e+02,3.600000000000000000e+01,4.200000000000000000e+01
1.680080657063904047e+09,1.620800000000000000e+04,3.840000000000000000e+02,3.640000000000000000e+02,-6.270000000000000000e+02,3.700000000000000000e+01,4.100000000000000000e+01
1.680080657065143347e+09,1.611200000000000000e+04,3.680000000000000000e+02,3.400000000000000000e+02,-6.450000000000000000e+02,4.000000000000000000e+01,2.500000000000000000e+01
1.680080657067636490e+09,1.618400000000000000e+04,2.920000000000000000e+02,2.520000000000000000e+02,-6.570000000000000000e+02,5.800000000000000000e+01,3.600000000000000000e+01
1.680080657068876266e+09,1.622000000000000000e+04,3.320000000000000000e+02,2.160000000000000000e+02,-6.310000000000000000e+02,4.100000000000000000e+01,1.600000000000000000e+01
1.680080657071633816e+09,1.620400000000000000e+04,3.560000000000000000e+02,3.840000000000000000e+02,-6.300000000000000000e+02,5.000000000000000000e+01,2.300000000000000000e+01
1.680080657072802067e+09,1.620400000000000000e+04,3.120000000000000000e+02,3.200000000000000000e+02,-6.210000000000000000e+02,6.900000000000000000e+01,2.600000000000000000e+01
1.680080657075432301e+09,1.616400000000000000e+04,3.640000000000000000e+02,2.640000000000000000e+02,-6.330000000000000000e+02,2.800000000000000000e+01,1.600000000000000000e+01
1.680080657076720715e+09,1.611200000000000000e+04,3.880000000000000000e+02,1.680000000000000000e+02,-6.540000000000000000e+02,1.400000000000000000e+01,2.400000000000000000e+01
1.680080657079176188e+09,1.616400000000000000e+04,3.880000000000000000e+02,2.640000000000000000e+02,-6.400000000000000000e+02,7.200000000000000000e+01,2.500000000000000000e+01
1.680080657080918550e+09,1.613600000000000000e+04,2.600000000000000000e+02,3.960000000000000000e+02,-6.750000000000000000e+02,2.800000000000000000e+01,3.500000000000000000e+01
1.680080657083556414e+09,1.618400000000000000e+04,2.640000000000000000e+02,3.400000000000000000e+02,-6.270000000000000000e+02,3.500000000000000000e+01,4.200000000000000000e+01
1.680080657084903240e+09,1.614000000000000000e+04,3.000000000000000000e+02,2.840000000000000000e+02,-6.210000000000000000e+02,4.800000000000000000e+01,4.600000000000000000e+01
1.680080657087663412e+09,1.625200000000000000e+04,2.920000000000000000e+02,3.120000000000000000e+02,-6.380000000000000000e+02,3.900000000000000000e+01,4.300000000000000000e+01
1.680080657088893890e+09,1.617600000000000000e+04,3.200000000000000000e+02,2.840000000000000000e+02,-6.300000000000000000e+02,3.600000000000000000e+01,2.900000000000000000e+01
1.680080657091593742e+09,1.607200000000000000e+04,1.760000000000000000e+02,2.720000000000000000e+02,-6.370000000000000000e+02,4.600000000000000000e+01,4.800000000000000000e+01
1.680080657092941046e+09,1.609200000000000000e+04,3.320000000000000000e+02,1.880000000000000000e+02,-6.460000000000000000e+02,1.900000000000000000e+01,3.700000000000000000e+01
1.680080657095557928e+09,1.610400000000000000e+04,2.960000000000000000e+02,3.200000000000000000e+02,-6.410000000000000000e+02,7.500000000000000000e+01,5.300000000000000000e+01
1.680080657096851349e+09,1.620000000000000000e+04,2.760000000000000000e+02,3.000000000000000000e+02,-6.280000000000000000e+02,4.600000000000000000e+01,4.200000000000000000e+01
1.680080657099607706e+09,1.622000000000000000e+04,3.040000000000000000e+02,1.480000000000000000e+02,-6.450000000000000000e+02,4.700000000000000000e+01,1.800000000000000000e+01
1.680080657100984335e+09,1.615600000000000000e+04,2.800000000000000000e+02,3.160000000000000000e+02,-6.220000000000000000e+02,6.500000000000000000e+01,2.800000000000000000e+01
1.680080657103543043e+09,1.620400000000000000e+04,3.440000000000000000e+02,2.200000000000000000e+02,-6.460000000000000000e+02,4.900000000000000000e+01,4.600000000000000000e+01
1.680080657104961395e+09,1.626800000000000000e+04,2.920000000000000000e+02,3.400000000000000000e+02,-6.620000000000000000e+02,6.900000000000000000e+01,4.200000000000000000e+01
1.680080657107680798e+09,1.626800000000000000e+04,2.600000000000000000e+02,3.560000000000000000e+02,-6.400000000000000000e+02,3.900000000000000000e+01,3.100000000000000000e+01
1.680080657109277010e+09,1.622800000000000000e+04,2.480000000000000000e+02,4.120000000000000000e+02,-6.300000000000000000e+02,5.900000000000000000e+01,4.300000000000000000e+01
1.680080657111766338e+09,1.619600000000000000e+04,2.920000000000000000e+02,1.880000000000000000e+02,-6.370000000000000000e+02,5.200000000000000000e+01,2.300000000000000000e+01
1.680080657113150120e+09,1.622000000000000000e+04,3.000000000000000000e+02,2.840000000000000000e+02,-6.500000000000000000e+02,4.400000000000000000e+01,1.200000000000000000e+01
1.680080657115852833e+09,1.607200000000000000e+04,3.120000000000000000e+02,2.520000000000000000e+02,-6.230000000000000000e+02,4.800000000000000000e+01,4.000000000000000000e+01
1.680080657117251873e+09,1.614400000000000000e+04,2.720000000000000000e+02,4.360000000000000000e+02,-6.720000000000000000e+02,3.600000000000000000e+01,1.000000000000000000e+01
1.680080657120201826e+09,1.614400000000000000e+04,3.000000000000000000e+02,1.480000000000000000e+02,-6.570000000000000000e+02,6.700000000000000000e+01,3.400000000000000000e+01
1.680080657121540546e+09,1.612000000000000000e+04,3.560000000000000000e+02,2.480000000000000000e+02,-6.200000000000000000e+02,6.700000000000000000e+01,3.500000000000000000e+01
1.680080657124081135e+09,1.616000000000000000e+04,2.280000000000000000e+02,3.480000000000000000e+02,-6.200000000000000000e+02,1.900000000000000000e+01,1.800000000000000000e+01
1.680080657125403166e+09,1.612800000000000000e+04,2.360000000000000000e+02,2.480000000000000000e+02,-6.180000000000000000e+02,3.900000000000000000e+01,2.400000000000000000e+01
1.680080657127871990e+09,1.609200000000000000e+04,3.200000000000000000e+02,1.520000000000000000e+02,-6.620000000000000000e+02,4.500000000000000000e+01,1.200000000000000000e+01
1.680080657129877567e+09,1.620400000000000000e+04,2.600000000000000000e+02,3.440000000000000000e+02,-6.350000000000000000e+02,5.300000000000000000e+01,2.600000000000000000e+01
1.680080657132516384e+09,1.614400000000000000e+04,2.480000000000000000e+02,3.040000000000000000e+02,-6.550000000000000000e+02,5.000000000000000000e+01,3.700000000000000000e+01
1.680080657133778572e+09,1.616400000000000000e+04,2.760000000000000000e+02,3.760000000000000000e+02,-6.470000000000000000e+02,4.600000000000000000e+01,2.900000000000000000e+01
1.680080657136520147e+09,1.612800000000000000e+04,3.600000000000000000e+02,4.200000000000000000e+02,-6.450000000000000000e+02,3.200000000000000000e+01,5.500000000000000000e+01
1.680080657138228893e+09,1.614800000000000000e+04,2.880000000000000000e+02,3.480000000000000000e+02,-6.250000000000000000e+02,5.400000000000000000e+01,3.400000000000000000e+01
1.680080657140937567e+09,1.615200000000000000e+04,2.840000000000000000e+02,2.800000000000000000e+02,-6.570000000000000000e+02,3.500000000000000000e+01,1.500000000000000000e+01
1.680080657142182112e+09,1.613200000000000000e+04,2.160000000000000000e+02,3.120000000000000000e+02,-6.470000000000000000e+02,6.900000000000000000e+01,2.200000000000000000e+01
1.680080657144690275e+09,1.611200000000000000e+04,2.760000000000000000e+02,3.600000000000000000e+02,-6.340000000000000000e+02,1.400000000000000000e+01,3.700000000000000000e+01
1.680080657146048069e+09,1.621600000000000000e+04,3.440000000000000000e+02,3.320000000000000000e+02,-6.130000000000000000e+02,3.800000000000000000e+01,3.000000000000000000e+01
1.680080657148785114e+09,1.612000000000000000e+04,2.560000000000000000e+02,2.280000000000000000e+02,-6.320000000000000000e+02,3.000000000000000000e+01,2.200000000000000000e+01
1.680080657150540590e+09,1.615200000000000000e+04,3.800000000000000000e+02,3.520000000000000000e+02,-6.040000000000000000e+02,3.000000000000000000e+01,5.200000000000000000e+01
1.680080657153212309e+09,1.612000000000000000e+04,3.400000000000000000e+02,4.320000000000000000e+02,-6.740000000000000000e+02,5.700000000000000000e+01,3.200000000000000000e+01
1.680080657155116320e+09,1.614400000000000000e+04,2.240000000000000000e+02,2.840000000000000000e+02,-6.290000000000000000e+02,4.000000000000000000e+01,3.000000000000000000e+01
1.680080657157667160e+09,1.617200000000000000e+04,2.800000000000000000e+02,3.080000000000000000e+02,-6.230000000000000000e+02,5.100000000000000000e+01,2.800000000000000000e+01
1.680080657159027338e+09,1.614400000000000000e+04,3.000000000000000000e+02,3.120000000000000000e+02,-6.240000000000000000e+02,5.700000000000000000e+01,3.900000000000000000e+01
1.680080657161711216e+09,1.618400000000000000e+04,3.120000000000000000e+02,2.120000000000000000e+02,-6.520000000000000000e+02,2.800000000000000000e+01,4.200000000000000000e+01
1.680080657163071632e+09,1.623600000000000000e+04,3.560000000000000000e+02,4.600000000000000000e+02,-6.410000000000000000e+02,4.300000000000000000e+01,1.900000000000000000e+01
1.680080657165810585e+09,1.614800000000000000e+04,3.240000000000000000e+02,2.800000000000000000e+02,-6.270000000000000000e+02,4.400000000000000000e+01,3.300000000000000000e+01
1.680080657167304993e+09,1.616400000000000000e+04,2.760000000000000000e+02,3.520000000000000000e+02,-6.070000000000000000e+02,5.000000000000000000e+01,3.100000000000000000e+01
1.680080657169886112e+09,1.620000000000000000e+04,2.920000000000000000e+02,4.000000000000000000e+02,-6.530000000000000000e+02,3.200000000000000000e+01,4.900000000000000000e+01
1.680080657172178984e+09,1.624000000000000000e+04,2.480000000000000000e+02,2.520000000000000000e+02,-6.200000000000000000e+02,7.000000000000000000e+01,1.700000000000000000e+01
1.680080657174687386e+09,1.618800000000000000e+04,3.040000000000000000e+02,2.640000000000000000e+02,-6.450000000000000000e+02,3.900000000000000000e+01,2.700000000000000000e+01
1.680080657175970078e+09,1.624000000000000000e+04,2.640000000000000000e+02,2.560000000000000000e+02,-6.550000000000000000e+02,3.300000000000000000e+01,4.200000000000000000e+01
1.680080657178687572e+09,1.622800000000000000e+04,2.720000000000000000e+02,4.600000000000000000e+02,-6.250000000000000000e+02,5.000000000000000000e+01,3.300000000000000000e+01
1.680080657180230141e+09,1.631600000000000000e+04,2.200000000000000000e+02,4.400000000000000000e+02,-6.770000000000000000e+02,4.500000000000000000e+01,1.900000000000000000e+01
1.680080657182927608e+09,1.620800000000000000e+04,2.920000000000000000e+02,3.720000000000000000e+02,-6.370000000000000000e+02,5.300000000000000000e+01,2.200000000000000000e+01
1.680080657184266567e+09,1.609200000000000000e+04,2.520000000000000000e+02,3.240000000000000000e+02,-6.280000000000000000e+02,6.100000000000000000e+01,2.900000000000000000e+01
1.680080657186789036e+09,1.617600000000000000e+04,3.240000000000000000e+02,2.840000000000000000e+02,-6.420000000000000000e+02,4.000000000000000000e+01,2.700000000000000000e+01
1.680080657188160181e+09,1.629600000000000000e+04,2.880000000000000000e+02,4.040000000000000000e+02,-6.150000000000000000e+02,3.300000000000000000e+01,2.300000000000000000e+01
1.680080657190872431e+09,1.613600000000000000e+04,2.680000000000000000e+02,3.960000000000000000e+02,-6.210000000000000000e+02,5.100000000000000000e+01,1.800000000000000000e+01
1.680080657192607403e+09,1.611200000000000000e+04,3.920000000000000000e+02,3.400000000000000000e+02,-6.570000000000000000e+02,2.800000000000000000e+01,2.700000000000000000e+01
1.680080657195263386e+09,1.618000000000000000e+04,3.360000000000000000e+02,1.840000000000000000e+02,-6.130000000000000000e+02,6.400000000000000000e+01,4.600000000000000000e+01
1.680080657196727037e+09,1.613600000000000000e+04,2.960000000000000000e+02,2.720000000000000000e+02,-6.770000000000000000e+02,2.900000000000000000e+01,3.500000000000000000e+01
1.680080657199298143e+09,1.620400000000000000e+04,3.360000000000000000e+02,3.680000000000000000e+02,-6.150000000000000000e+02,6.500000000000000000e+01,3.200000000000000000e+01
1.680080657200712681e+09,1.613600000000000000e+04,3.520000000000000000e+02,3.960000000000000000e+02,-6.660000000000000000e+02,5.100000000000000000e+01,1.300000000000000000e+01
1.680080657203579426e+09,1.627200000000000000e+04,3.160000000000000000e+02,4.600000000000000000e+02,-6.190000000000000000e+02,4.500000000000000000e+01,4.000000000000000000e+01
1.680080657204858541e+09,1.618400000000000000e+04,2.720000000000000000e+02,4.240000000000000000e+02,-6.720000000000000000e+02,6.300000000000000000e+01,3.500000000000000000e+01
1.680080657207613945e+09,1.616800000000000000e+04,3.400000000000000000e+02,2.720000000000000000e+02,-6.340000000000000000e+02,1.000000000000000000e+01,2.800000000000000000e+01
1.680080657209071636e+09,1.616000000000000000e+04,3.960000000000000000e+02,4.480000000000000000e+02,-5.940000000000000000e+02,3.500000000000000000e+01,1.900000000000000000e+01
1.680080657211887598e+09,1.619600000000000000e+04,3.240000000000000000e+02,2.960000000000000000e+02,-6.570000000000000000e+02,4.500000000000000000e+01,1.800000000000000000e+01
1.680080657213696957e+09,1.624000000000000000e+04,3.400000000000000000e+02,3.760000000000000000e+02,-5.960000000000000000e+02,1.800000000000000000e+01,4.600000000000000000e+01
1.680080657216324329e+09,1.621200000000000000e+04,3.400000000000000000e+02,4.800000000000000000e+02,-6.840000000000000000e+02,2.800000000000000000e+01,2.000000000000000000e+01
1.680080657217708111e+09,1.621200000000000000e+04,3.400000000000000000e+02,3.720000000000000000e+02,-5.990000000000000000e+02,6.000000000000000000e+01,2.200000000000000000e+01
1.680080657220590830e+09,1.614000000000000000e+04,3.040000000000000000e+02,2.360000000000000000e+02,-6.840000000000000000e+02,3.300000000000000000e+01,1.800000000000000000e+01
1.680080657222079515e+09,1.613200000000000000e+04,3.040000000000000000e+02,3.840000000000000000e+02,-6.510000000000000000e+02,4.700000000000000000e+01,4.900000000000000000e+01
1.680080657224736929e+09,1.609600000000000000e+04,2.400000000000000000e+02,3.280000000000000000e+02,-5.870000000000000000e+02,3.600000000000000000e+01,3.800000000000000000e+01
1.680080657226174831e+09,1.622800000000000000e+04,3.000000000000000000e+02,3.160000000000000000e+02,-6.330000000000000000e+02,6.800000000000000000e+01,3.000000000000000000e+01
1.680080657228894949e+09,1.616400000000000000e+04,2.440000000000000000e+02,4.040000000000000000e+02,-6.080000000000000000e+02,3.200000000000000000e+01,6.000000000000000000e+01
1.680080657230286837e+09,1.622800000000000000e+04,2.600000000000000000e+02,2.520000000000000000e+02,-6.240000000000000000e+02,6.100000000000000000e+01,2.400000000000000000e+01
1.680080657232988119e+09,1.612800000000000000e+04,3.520000000000000000e+02,2.480000000000000000e+02,-6.030000000000000000e+02,3.900000000000000000e+01,3.800000000000000000e+01
1.680080657234438658e+09,1.618000000000000000e+04,3.640000000000000000e+02,2.400000000000000000e+02,-6.140000000000000000e+02,6.300000000000000000e+01,4.300000000000000000e+01
1.680080657237198114e+09,1.622400000000000000e+04,2.320000000000000000e+02,2.040000000000000000e+02,-6.490000000000000000e+02,3.600000000000000000e+01,4.900000000000000000e+01
1.680080657238608122e+09,1.608800000000000000e+04,2.760000000000000000e+02,3.080000000000000000e+02,-6.610000000000000000e+02,2.800000000000000000e+01,4.500000000000000000e+01
1.680080657241406918e+09,1.614000000000000000e+04,3.120000000000000000e+02,3.920000000000000000e+02,-6.170000000000000000e+02,7.500000000000000000e+01,1.700000000000000000e+01
1.680080657242674351e+09,1.610800000000000000e+04,3.600000000000000000e+02,4.080000000000000000e+02,-6.620000000000000000e+02,3.800000000000000000e+01,9.000000000000000000e+00
1.680080657245239258e+09,1.612800000000000000e+04,2.840000000000000000e+02,2.600000000000000000e+02,-6.210000000000000000e+02,5.100000000000000000e+01,3.500000000000000000e+01
1.680080657246549129e+09,1.616000000000000000e+04,3.320000000000000000e+02,2.600000000000000000e+02,-6.730000000000000000e+02,7.500000000000000000e+01,5.800000000000000000e+01
1.680080657249331236e+09,1.622800000000000000e+04,3.440000000000000000e+02,1.360000000000000000e+02,-6.160000000000000000e+02,4.200000000000000000e+01,3.000000000000000000e+01
1.680080657250942230e+09,1.617600000000000000e+04,2.480000000000000000e+02,3.440000000000000000e+02,-6.830000000000000000e+02,4.500000000000000000e+01,5.400000000000000000e+01
1.680080657253755331e+09,1.617200000000000000e+04,3.240000000000000000e+02,2.840000000000000000e+02,-6.140000000000000000e+02,4.900000000000000000e+01,2.000000000000000000e+01
1.680080657255182266e+09,1.624800000000000000e+04,3.480000000000000000e+02,2.840000000000000000e+02,-6.600000000000000000e+02,4.400000000000000000e+01,-2.000000000000000000e+00
1.680080657257991791e+09,1.622800000000000000e+04,2.880000000000000000e+02,2.760000000000000000e+02,-6.170000000000000000e+02,2.800000000000000000e+01,5.100000000000000000e+01
1.680080657259380817e+09,1.623600000000000000e+04,3.240000000000000000e+02,3.360000000000000000e+02,-6.450000000000000000e+02,1.100000000000000000e+01,5.300000000000000000e+01
1.680080657262273788e+09,1.621600000000000000e+04,4.000000000000000000e+02,2.760000000000000000e+02,-6.200000000000000000e+02,3.800000000000000000e+01,2.500000000000000000e+01
1.680080657263730764e+09,1.620000000000000000e+04,4.040000000000000000e+02,2.160000000000000000e+02,-6.290000000000000000e+02,6.700000000000000000e+01,4.200000000000000000e+01
1.680080657266501188e+09,1.614400000000000000e+04,2.760000000000000000e+02,4.080000000000000000e+02,-6.440000000000000000e+02,2.800000000000000000e+01,2.700000000000000000e+01
1.680080657267890930e+09,1.620000000000000000e+04,3.240000000000000000e+02,3.240000000000000000e+02,-6.210000000000000000e+02,5.200000000000000000e+01,2.600000000000000000e+01
1.680080657270512819e+09,1.620800000000000000e+04,2.280000000000000000e+02,2.240000000000000000e+02,-6.230000000000000000e+02,5.000000000000000000e+01,6.000000000000000000e+00
1.680080657271962643e+09,1.609600000000000000e+04,4.000000000000000000e+02,3.000000000000000000e+02,-6.530000000000000000e+02,7.300000000000000000e+01,4.800000000000000000e+01
1.680080657274749756e+09,1.620000000000000000e+04,2.840000000000000000e+02,2.040000000000000000e+02,-6.070000000000000000e+02,2.300000000000000000e+01,3.200000000000000000e+01
1.680080657276251316e+09,1.613200000000000000e+04,2.800000000000000000e+02,2.840000000000000000e+02,-6.320000000000000000e+02,5.800000000000000000e+01,3.400000000000000000e+01
1.680080657278936148e+09,1.611200000000000000e+04,3.520000000000000000e+02,3.000000000000000000e+02,-6.110000000000000000e+02,3.200000000000000000e+01,3.100000000000000000e+01
1.680080657280270338e+09,1.618000000000000000e+04,3.160000000000000000e+02,4.000000000000000000e+02,-6.050000000000000000e+02,6.300000000000000000e+01,5.100000000000000000e+01
1.680080657283038139e+09,1.625200000000000000e+04,1.960000000000000000e+02,4.120000000000000000e+02,-6.230000000000000000e+02,2.300000000000000000e+01,1.800000000000000000e+01
1.680080657284697771e+09,1.616400000000000000e+04,2.720000000000000000e+02,3.720000000000000000e+02,-6.220000000000000000e+02,9.100000000000000000e+01,1.800000000000000000e+01
1.680080657287603140e+09,1.616800000000000000e+04,3.320000000000000000e+02,3.400000000000000000e+02,-6.410000000000000000e+02,2.300000000000000000e+01,3.500000000000000000e+01
1.680080657289025068e+09,1.618800000000000000e+04,2.440000000000000000e+02,3.760000000000000000e+02,-6.540000000000000000e+02,3.000000000000000000e+01,3.300000000000000000e+01
1.680080657291721821e+09,1.614800000000000000e+04,2.880000000000000000e+02,2.600000000000000000e+02,-6.250000000000000000e+02,1.100000000000000000e+01,5.100000000000000000e+01
1.680080657293071985e+09,1.620800000000000000e+04,2.200000000000000000e+02,3.920000000000000000e+02,-6.120000000000000000e+02,3.800000000000000000e+01,3.600000000000000000e+01
1.680080657295938015e+09,1.615200000000000000e+04,2.680000000000000000e+02,2.280000000000000000e+02,-6.780000000000000000e+02,3.800000000000000000e+01,1.200000000000000000e+01
1.680080657297194242e+09,1.622000000000000000e+04,3.120000000000000000e+02,2.840000000000000000e+02,-6.280000000000000000e+02,5.700000000000000000e+01,1.900000000000000000e+01
1.680080657299852610e+09,1.624800000000000000e+04,2.720000000000000000e+02,3.920000000000000000e+02,-6.360000000000000000e+02,6.200000000000000000e+01,3.600000000000000000e+01
1.680080657301228046e+09,1.622000000000000000e+04,2.200000000000000000e+02,3.440000000000000000e+02,-6.430000000000000000e+02,4.200000000000000000e+01,4.300000000000000000e+01
1.680080657303865671e+09,1.611200000000000000e+04,2.640000000000000000e+02,4.440000000000000000e+02,-6.450000000000000000e+02,7.200000000000000000e+01,6.500000000000000000e+01
1.680080657305365562e+09,1.608800000000000000e+04,2.600000000000000000e+02,3.120000000000000000e+02,-6.400000000000000000e+02,3.100000000000000000e+01,6.400000000000000000e+01
1.680080657308174133e+09,1.617600000000000000e+04,3.160000000000000000e+02,3.640000000000000000e+02,-6.590000000000000000e+02,4.100000000000000000e+01,3.500000000000000000e+01
1.680080657309553385e+09,1.626000000000000000e+04,2.720000000000000000e+02,2.840000000000000000e+02,-6.640000000000000000e+02,2.200000000000000000e+01,2.800000000000000000e+01
1.680080657312411308e+09,1.622400000000000000e+04,3.520000000000000000e+02,2.800000000000000000e+02,-6.460000000000000000e+02,5.300000000000000000e+01,4.700000000000000000e+01
1.680080657313779116e+09,1.614800000000000000e+04,2.920000000000000000e+02,2.960000000000000000e+02,-6.470000000000000000e+02,1.300000000000000000e+01,3.400000000000000000e+01
1.680080657316667080e+09,1.611200000000000000e+04,3.160000000000000000e+02,2.960000000000000000e+02,-6.500000000000000000e+02,6.300000000000000000e+01,1.800000000000000000e+01
1.680080657317967892e+09,1.622800000000000000e+04,3.000000000000000000e+02,3.440000000000000000e+02,-6.580000000000000000e+02,5.500000000000000000e+01,8.000000000000000000e+00
1.680080657320911407e+09,1.611600000000000000e+04,1.800000000000000000e+02,2.360000000000000000e+02,-6.190000000000000000e+02,4.600000000000000000e+01,3.100000000000000000e+01
1.680080657322351456e+09,1.618400000000000000e+04,3.160000000000000000e+02,3.480000000000000000e+02,-6.400000000000000000e+02,5.200000000000000000e+01,5.000000000000000000e+01
1.680080657325142860e+09,1.614800000000000000e+04,3.240000000000000000e+02,3.520000000000000000e+02,-6.270000000000000000e+02,4.900000000000000000e+01,4.700000000000000000e+01
1.680080657326563120e+09,1.618800000000000000e+04,2.600000000000000000e+02,4.000000000000000000e+02,-6.410000000000000000e+02,4.000000000000000000e+01,3.600000000000000000e+01
1.680080657329414845e+09,1.619600000000000000e+04,3.080000000000000000e+02,2.160000000000000000e+02,-6.300000000000000000e+02,2.500000000000000000e+01,5.200000000000000000e+01
1.680080657330789089e+09,1.619600000000000000e+04,3.120000000000000000e+02,2.640000000000000000e+02,-5.900000000000000000e+02,4.100000000000000000e+01,2.300000000000000000e+01
1.680080657333626270e+09,1.616000000000000000e+04,3.160000000000000000e+02,2.640000000000000000e+02,-6.760000000000000000e+02,2.600000000000000000e+01,9.000000000000000000e+00
1.680080657334925413e+09,1.619600000000000000e+04,2.560000000000000000e+02,2.440000000000000000e+02,-6.210000000000000000e+02,1.900000000000000000e+01,3.100000000000000000e+01
1.680080657337912083e+09,1.610400000000000000e+04,2.600000000000000000e+02,1.640000000000000000e+02,-6.650000000000000000e+02,3.600000000000000000e+01,3.900000000000000000e+01
1.680080657339394569e+09,1.613200000000000000e+04,3.320000000000000000e+02,3.320000000000000000e+02,-6.570000000000000000e+02,4.800000000000000000e+01,2.000000000000000000e+01
1.680080657342149258e+09,1.610000000000000000e+04,2.600000000000000000e+02,2.720000000000000000e+02,-6.340000000000000000e+02,3.200000000000000000e+01,5.200000000000000000e+01
1.680080657344059467e+09,1.618000000000000000e+04,3.120000000000000000e+02,1.880000000000000000e+02,-6.480000000000000000e+02,4.500000000000000000e+01,4.000000000000000000e+01
1.680080657346941710e+09,1.608400000000000000e+04,2.800000000000000000e+02,4.200000000000000000e+02,-6.240000000000000000e+02,4.700000000000000000e+01,4.400000000000000000e+01
1.680080657348211050e+09,1.619600000000000000e+04,3.400000000000000000e+02,3.440000000000000000e+02,-6.240000000000000000e+02,5.700000000000000000e+01,3.500000000000000000e+01
1.680080657351084709e+09,1.613600000000000000e+04,2.960000000000000000e+02,2.400000000000000000e+02,-6.410000000000000000e+02,4.500000000000000000e+01,2.200000000000000000e+01
1.680080657352359056e+09,1.619200000000000000e+04,3.200000000000000000e+02,2.560000000000000000e+02,-6.750000000000000000e+02,1.800000000000000000e+01,2.300000000000000000e+01
1.680080657355432987e+09,1.630000000000000000e+04,3.400000000000000000e+02,2.800000000000000000e+02,-6.590000000000000000e+02,4.500000000000000000e+01,3.100000000000000000e+01
1.680080657356933355e+09,1.630400000000000000e+04,2.200000000000000000e+02,3.400000000000000000e+02,-6.360000000000000000e+02,2.700000000000000000e+01,4.200000000000000000e+01
1.680080657359749556e+09,1.617600000000000000e+04,4.120000000000000000e+02,3.080000000000000000e+02,-6.480000000000000000e+02,4.400000000000000000e+01,3.300000000000000000e+01
1.680080657361200333e+09,1.614400000000000000e+04,4.400000000000000000e+02,3.080000000000000000e+02,-6.480000000000000000e+02,3.800000000000000000e+01,2.200000000000000000e+01
1.680080657363843441e+09,1.625200000000000000e+04,3.120000000000000000e+02,3.800000000000000000e+02,-6.170000000000000000e+02,3.000000000000000000e+01,2.300000000000000000e+01
1.680080657365117073e+09,1.622000000000000000e+04,2.600000000000000000e+02,3.720000000000000000e+02,-6.270000000000000000e+02,7.500000000000000000e+01,0.000000000000000000e+00
1.680080657368052721e+09,1.615200000000000000e+04,3.320000000000000000e+02,3.560000000000000000e+02,-5.830000000000000000e+02,3.600000000000000000e+01,3.300000000000000000e+01
1.680080657369311094e+09,1.606800000000000000e+04,2.680000000000000000e+02,2.560000000000000000e+02,-6.200000000000000000e+02,7.500000000000000000e+01,3.800000000000000000e+01
1.680080657372077942e+09,1.623600000000000000e+04,3.080000000000000000e+02,2.360000000000000000e+02,-6.400000000000000000e+02,3.700000000000000000e+01,4.300000000000000000e+01
1.680080657373414516e+09,1.619600000000000000e+04,3.000000000000000000e+02,2.760000000000000000e+02,-6.420000000000000000e+02,1.100000000000000000e+01,2.300000000000000000e+01
1.680080657376075983e+09,1.622400000000000000e+04,3.040000000000000000e+02,3.320000000000000000e+02,-6.300000000000000000e+02,5.900000000000000000e+01,2.600000000000000000e+01
1.680080657377551556e+09,1.625200000000000000e+04,3.520000000000000000e+02,3.120000000000000000e+02,-6.740000000000000000e+02,3.000000000000000000e+01,4.800000000000000000e+01
1.680080657380294800e+09,1.621600000000000000e+04,2.360000000000000000e+02,3.200000000000000000e+02,-6.410000000000000000e+02,4.200000000000000000e+01,-2.000000000000000000e+00
1.680080657381533861e+09,1.626000000000000000e+04,2.800000000000000000e+02,3.200000000000000000e+02,-6.130000000000000000e+02,2.000000000000000000e+01,1.700000000000000000e+01
1.680080657384401083e+09,1.621600000000000000e+04,3.440000000000000000e+02,2.720000000000000000e+02,-6.910000000000000000e+02,4.600000000000000000e+01,4.600000000000000000e+01
1.680080657385711432e+09,1.622400000000000000e+04,3.160000000000000000e+02,3.560000000000000000e+02,-6.450000000000000000e+02,5.700000000000000000e+01,5.100000000000000000e+01
1.680080657388400555e+09,1.626000000000000000e+04,3.600000000000000000e+02,3.680000000000000000e+02,-6.400000000000000000e+02,4.100000000000000000e+01,4.900000000000000000e+01
1.680080657389677525e+09,1.615600000000000000e+04,2.840000000000000000e+02,3.760000000000000000e+02,-6.320000000000000000e+02,6.400000000000000000e+01,2.900000000000000000e+01
1.680080657392366171e+09,1.617200000000000000e+04,3.480000000000000000e+02,3.200000000000000000e+02,-6.170000000000000000e+02,3.800000000000000000e+01,2.700000000000000000e+01
1.680080657393602848e+09,1.615200000000000000e+04,2.800000000000000000e+02,2.720000000000000000e+02,-6.520000000000000000e+02,6.000000000000000000e+01,2.000000000000000000e+01
1.680080657396507978e+09,1.619600000000000000e+04,3.480000000000000000e+02,2.360000000000000000e+02,-6.010000000000000000e+02,2.500000000000000000e+01,2.900000000000000000e+01
1.680080657397825956e+09,1.624400000000000000e+04,2.840000000000000000e+02,2.800000000000000000e+02,-6.220000000000000000e+02,6.000000000000000000e+01,4.000000000000000000e+01
1.680080657400532722e+09,1.612400000000000000e+04,2.920000000000000000e+02,4.320000000000000000e+02,-6.330000000000000000e+02,6.200000000000000000e+01,4.200000000000000000e+01
1.680080657402114391e+09,1.616400000000000000e+04,3.160000000000000000e+02,3.640000000000000000e+02,-6.540000000000000000e+02,4.700000000000000000e+01,3.900000000000000000e+01
1.680080657405070305e+09,1.623200000000000000e+04,4.440000000000000000e+02,3.280000000000000000e+02,-6.250000000000000000e+02,4.600000000000000000e+01,3.900000000000000000e+01
1.680080657406661987e+09,1.615600000000000000e+04,3.120000000000000000e+02,3.160000000000000000e+02,-6.800000000000000000e+02,3.400000000000000000e+01,2.600000000000000000e+01
1.680080657409271240e+09,1.622000000000000000e+04,2.840000000000000000e+02,2.320000000000000000e+02,-6.330000000000000000e+02,6.000000000000000000e+01,4.500000000000000000e+01
1.680080657410753489e+09,1.619600000000000000e+04,3.400000000000000000e+02,3.560000000000000000e+02,-6.840000000000000000e+02,3.300000000000000000e+01,2.600000000000000000e+01
1.680080657413272381e+09,1.615600000000000000e+04,2.680000000000000000e+02,3.320000000000000000e+02,-6.260000000000000000e+02,4.200000000000000000e+01,3.300000000000000000e+01
1.680080657414479733e+09,1.617600000000000000e+04,3.240000000000000000e+02,4.720000000000000000e+02,-6.260000000000000000e+02,5.000000000000000000e+01,2.500000000000000000e+01
1.680080657417703867e+09,1.616000000000000000e+04,3.080000000000000000e+02,3.280000000000000000e+02,-6.400000000000000000e+02,1.900000000000000000e+01,3.900000000000000000e+01
1.680080657419314623e+09,1.619600000000000000e+04,2.760000000000000000e+02,3.760000000000000000e+02,-6.150000000000000000e+02,3.500000000000000000e+01,3.800000000000000000e+01
1.680080657422103643e+09,1.628000000000000000e+04,1.480000000000000000e+02,2.520000000000000000e+02,-6.450000000000000000e+02,5.600000000000000000e+01,2.900000000000000000e+01
1.680080657423925877e+09,1.620000000000000000e+04,2.760000000000000000e+02,2.840000000000000000e+02,-6.640000000000000000e+02,1.300000000000000000e+01,1.900000000000000000e+01
1.680080657426849365e+09,1.615200000000000000e+04,3.400000000000000000e+02,3.800000000000000000e+02,-6.470000000000000000e+02,9.200000000000000000e+01,2.300000000000000000e+01
1.680080657428398371e+09,1.620800000000000000e+04,3.240000000000000000e+02,4.440000000000000000e+02,-6.580000000000000000e+02,3.600000000000000000e+01,1.100000000000000000e+01
1.680080657431030989e+09,1.618400000000000000e+04,3.040000000000000000e+02,3.000000000000000000e+02,-6.490000000000000000e+02,6.600000000000000000e+01,5.000000000000000000e+01
1.680080657432218552e+09,1.617200000000000000e+04,2.920000000000000000e+02,4.120000000000000000e+02,-6.370000000000000000e+02,5.700000000000000000e+01,3.000000000000000000e+01
1.680080657434862852e+09,1.619600000000000000e+04,3.160000000000000000e+02,1.800000000000000000e+02,-6.240000000000000000e+02,2.400000000000000000e+01,4.600000000000000000e+01
1.680080657436279297e+09,1.613600000000000000e+04,3.320000000000000000e+02,2.480000000000000000e+02,-6.410000000000000000e+02,1.400000000000000000e+01,4.900000000000000000e+01
1.680080657439111233e+09,1.600400000000000000e+04,3.600000000000000000e+02,2.800000000000000000e+02,-6.100000000000000000e+02,7.400000000000000000e+01,4.500000000000000000e+01
1.680080657440584898e+09,1.620400000000000000e+04,3.480000000000000000e+02,4.160000000000000000e+02,-6.850000000000000000e+02,6.600000000000000000e+01,4.700000000000000000e+01
1.680080657443230391e+09,1.624800000000000000e+04,2.720000000000000000e+02,2.760000000000000000e+02,-5.860000000000000000e+02,4.200000000000000000e+01,1.600000000000000000e+01
1.680080657444705486e+09,1.619600000000000000e+04,3.320000000000000000e+02,2.400000000000000000e+02,-6.700000000000000000e+02,3.600000000000000000e+01,1.600000000000000000e+01
1.680080657447504759e+09,1.619600000000000000e+04,3.120000000000000000e+02,3.800000000000000000e+02,-6.380000000000000000e+02,6.200000000000000000e+01,4.900000000000000000e+01
1.680080657448812723e+09,1.617200000000000000e+04,3.120000000000000000e+02,3.280000000000000000e+02,-6.610000000000000000e+02,6.300000000000000000e+01,1.600000000000000000e+01
1.680080657451523066e+09,1.625600000000000000e+04,3.640000000000000000e+02,3.160000000000000000e+02,-6.350000000000000000e+02,4.800000000000000000e+01,2.700000000000000000e+01
1.680080657452845335e+09,1.620400000000000000e+04,3.240000000000000000e+02,3.600000000000000000e+02,-6.740000000000000000e+02,6.900000000000000000e+01,2.400000000000000000e+01
1.680080657455402136e+09,1.608400000000000000e+04,2.720000000000000000e+02,2.440000000000000000e+02,-6.020000000000000000e+02,3.600000000000000000e+01,1.100000000000000000e+01
1.680080657456910372e+09,1.610000000000000000e+04,2.320000000000000000e+02,2.880000000000000000e+02,-6.620000000000000000e+02,5.500000000000000000e+01,3.800000000000000000e+01
1.680080657459535837e+09,1.626400000000000000e+04,2.920000000000000000e+02,2.760000000000000000e+02,-6.190000000000000000e+02,6.000000000000000000e+01,1.700000000000000000e+01
1.680080657460985184e+09,1.618800000000000000e+04,2.720000000000000000e+02,2.720000000000000000e+02,-6.410000000000000000e+02,1.100000000000000000e+01,1.500000000000000000e+01
1.680080657463679552e+09,1.616400000000000000e+04,3.160000000000000000e+02,3.440000000000000000e+02,-6.690000000000000000e+02,5.300000000000000000e+01,1.000000000000000000e+01
1.680080657465108395e+09,1.612400000000000000e+04,3.440000000000000000e+02,3.160000000000000000e+02,-6.240000000000000000e+02,6.000000000000000000e+01,2.500000000000000000e+01
1.680080657468045235e+09,1.615200000000000000e+04,3.080000000000000000e+02,2.640000000000000000e+02,-6.160000000000000000e+02,4.800000000000000000e+01,2.900000000000000000e+01
1.680080657469341755e+09,1.621600000000000000e+04,3.080000000000000000e+02,3.760000000000000000e+02,-6.510000000000000000e+02,5.700000000000000000e+01,5.100000000000000000e+01
1.680080657472333670e+09,1.620400000000000000e+04,4.160000000000000000e+02,4.360000000000000000e+02,-6.350000000000000000e+02,3.500000000000000000e+01,1.600000000000000000e+01
1.680080657475103140e+09,1.618800000000000000e+04,3.160000000000000000e+02,4.000000000000000000e+02,-6.170000000000000000e+02,2.100000000000000000e+01,1.700000000000000000e+01
1.680080657478051901e+09,1.614800000000000000e+04,3.360000000000000000e+02,1.960000000000000000e+02,-6.410000000000000000e+02,2.400000000000000000e+01,2.100000000000000000e+01
1.680080657479503870e+09,1.610400000000000000e+04,3.440000000000000000e+02,2.280000000000000000e+02,-6.600000000000000000e+02,5.600000000000000000e+01,4.800000000000000000e+01
1.680080657482244015e+09,1.623200000000000000e+04,2.800000000000000000e+02,2.680000000000000000e+02,-6.340000000000000000e+02,4.300000000000000000e+01,3.000000000000000000e+01
1.680080657483740568e+09,1.618800000000000000e+04,2.640000000000000000e+02,2.640000000000000000e+02,-6.120000000000000000e+02,2.300000000000000000e+01,5.700000000000000000e+01
1.680080657486486197e+09,1.619600000000000000e+04,3.520000000000000000e+02,5.000000000000000000e+02,-6.690000000000000000e+02,7.500000000000000000e+01,2.600000000000000000e+01
1.680080657488064766e+09,1.623600000000000000e+04,3.160000000000000000e+02,4.240000000000000000e+02,-6.350000000000000000e+02,3.500000000000000000e+01,3.500000000000000000e+01
1.680080657490879297e+09,1.614000000000000000e+04,2.600000000000000000e+02,3.080000000000000000e+02,-6.610000000000000000e+02,6.600000000000000000e+01,3.800000000000000000e+01
1.680080657492246628e+09,1.627600000000000000e+04,2.480000000000000000e+02,3.360000000000000000e+02,-6.440000000000000000e+02,4.200000000000000000e+01,5.700000000000000000e+01
1.680080657494867802e+09,1.617600000000000000e+04,3.040000000000000000e+02,2.960000000000000000e+02,-6.500000000000000000e+02,4.300000000000000000e+01,3.000000000000000000e+00
1.680080657496272087e+09,1.614800000000000000e+04,2.440000000000000000e+02,2.160000000000000000e+02,-6.270000000000000000e+02,5.600000000000000000e+01,1.000000000000000000e+00
1.680080657499027729e+09,1.607200000000000000e+04,3.280000000000000000e+02,2.560000000000000000e+02,-6.010000000000000000e+02,3.500000000000000000e+01,2.700000000000000000e+01
1.680080657500407457e+09,1.613200000000000000e+04,2.960000000000000000e+02,3.480000000000000000e+02,-6.430000000000000000e+02,4.700000000000000000e+01,4.300000000000000000e+01
1.680080657503426313e+09,1.614800000000000000e+04,3.320000000000000000e+02,2.360000000000000000e+02,-6.510000000000000000e+02,5.000000000000000000e+01,1.600000000000000000e+01
1.680080657504965544e+09,1.614000000000000000e+04,3.400000000000000000e+02,3.200000000000000000e+02,-6.470000000000000000e+02,1.900000000000000000e+01,3.100000000000000000e+01
1.680080657507818699e+09,1.623200000000000000e+04,2.760000000000000000e+02,2.000000000000000000e+02,-6.600000000000000000e+02,4.100000000000000000e+01,3.100000000000000000e+01
1.680080657509257078e+09,1.602800000000000000e+04,3.120000000000000000e+02,2.960000000000000000e+02,-6.420000000000000000e+02,5.300000000000000000e+01,4.300000000000000000e+01
1.680080657512110233e+09,1.626000000000000000e+04,2.920000000000000000e+02,3.880000000000000000e+02,-6.220000000000000000e+02,2.500000000000000000e+01,1.500000000000000000e+01
1.680080657513532639e+09,1.621600000000000000e+04,3.960000000000000000e+02,3.200000000000000000e+02,-6.520000000000000000e+02,7.900000000000000000e+01,4.300000000000000000e+01
1.680080657516245365e+09,1.612800000000000000e+04,3.200000000000000000e+02,2.960000000000000000e+02,-6.460000000000000000e+02,3.800000000000000000e+01,4.800000000000000000e+01
1.680080657517715693e+09,1.614000000000000000e+04,2.360000000000000000e+02,4.480000000000000000e+02,-6.320000000000000000e+02,3.500000000000000000e+01,4.600000000000000000e+01
1.680080657520523071e+09,1.617600000000000000e+04,3.760000000000000000e+02,3.520000000000000000e+02,-6.270000000000000000e+02,5.400000000000000000e+01,4.400000000000000000e+01
1.680080657521740198e+09,1.627200000000000000e+04,3.120000000000000000e+02,3.480000000000000000e+02,-6.340000000000000000e+02,4.500000000000000000e+01,4.300000000000000000e+01
1.680080657524482965e+09,1.614000000000000000e+04,3.440000000000000000e+02,5.440000000000000000e+02,-6.600000000000000000e+02,2.400000000000000000e+01,4.700000000000000000e+01
1.680080657525947094e+09,1.620800000000000000e+04,2.840000000000000000e+02,3.600000000000000000e+02,-6.430000000000000000e+02,5.900000000000000000e+01,2.900000000000000000e+01
1.680080657528833866e+09,1.614800000000000000e+04,4.000000000000000000e+02,4.360000000000000000e+02,-6.180000000000000000e+02,1.500000000000000000e+01,3.700000000000000000e+01
1.680080657530146837e+09,1.614000000000000000e+04,3.640000000000000000e+02,3.960000000000000000e+02,-6.410000000000000000e+02,3.900000000000000000e+01,1.700000000000000000e+01
1.680080657533015966e+09,1.613200000000000000e+04,2.920000000000000000e+02,3.800000000000000000e+02,-6.220000000000000000e+02,3.000000000000000000e+01,4.100000000000000000e+01
1.680080657534590721e+09,1.616800000000000000e+04,3.320000000000000000e+02,3.880000000000000000e+02,-6.270000000000000000e+02,4.100000000000000000e+01,5.800000000000000000e+01
1.680080657537256479e+09,1.612800000000000000e+04,3.880000000000000000e+02,4.320000000000000000e+02,-6.400000000000000000e+02,3.200000000000000000e+01,2.900000000000000000e+01
1.680080657538842440e+09,1.626800000000000000e+04,2.720000000000000000e+02,3.080000000000000000e+02,-6.220000000000000000e+02,2.900000000000000000e+01,2.500000000000000000e+01
1.680080657541464567e+09,1.624000000000000000e+04,2.240000000000000000e+02,4.560000000000000000e+02,-6.380000000000000000e+02,5.400000000000000000e+01,3.000000000000000000e+01
1.680080657542939186e+09,1.621200000000000000e+04,2.640000000000000000e+02,4.560000000000000000e+02,-6.570000000000000000e+02,4.900000000000000000e+01,4.200000000000000000e+01
1.680080657546092749e+09,1.618400000000000000e+04,2.600000000000000000e+02,2.600000000000000000e+02,-6.630000000000000000e+02,3.800000000000000000e+01,4.800000000000000000e+01
1.680080657547491789e+09,1.612400000000000000e+04,3.520000000000000000e+02,3.120000000000000000e+02,-6.160000000000000000e+02,2.900000000000000000e+01,2.600000000000000000e+01
1.680080657550345659e+09,1.618800000000000000e+04,3.840000000000000000e+02,3.040000000000000000e+02,-6.770000000000000000e+02,3.700000000000000000e+01,3.800000000000000000e+01
1.680080657551787615e+09,1.614800000000000000e+04,4.320000000000000000e+02,2.920000000000000000e+02,-6.550000000000000000e+02,6.700000000000000000e+01,2.600000000000000000e+01
1.680080657554541349e+09,1.618800000000000000e+04,4.200000000000000000e+02,4.200000000000000000e+02,-5.990000000000000000e+02,3.400000000000000000e+01,3.800000000000000000e+01
1.680080657555912495e+09,1.616800000000000000e+04,2.800000000000000000e+02,4.240000000000000000e+02,-6.450000000000000000e+02,3.800000000000000000e+01,3.100000000000000000e+01
1.680080657558626652e+09,1.611200000000000000e+04,2.800000000000000000e+02,3.800000000000000000e+02,-6.470000000000000000e+02,3.100000000000000000e+01,2.800000000000000000e+01
1.680080657560141325e+09,1.621600000000000000e+04,2.600000000000000000e+02,3.680000000000000000e+02,-6.110000000000000000e+02,1.700000000000000000e+01,5.000000000000000000e+01
1.680080657563064337e+09,1.617600000000000000e+04,2.680000000000000000e+02,3.680000000000000000e+02,-6.790000000000000000e+02,6.000000000000000000e+01,3.000000000000000000e+00
1.680080657564421177e+09,1.615200000000000000e+04,4.120000000000000000e+02,3.640000000000000000e+02,-6.200000000000000000e+02,3.400000000000000000e+01,3.700000000000000000e+01
1.680080657567331076e+09,1.612400000000000000e+04,2.960000000000000000e+02,2.840000000000000000e+02,-6.280000000000000000e+02,5.500000000000000000e+01,3.100000000000000000e+01
1.680080657568646669e+09,1.613200000000000000e+04,4.040000000000000000e+02,3.800000000000000000e+02,-6.530000000000000000e+02,6.800000000000000000e+01,2.000000000000000000e+01
1.680080657571338892e+09,1.617200000000000000e+04,2.280000000000000000e+02,3.760000000000000000e+02,-6.400000000000000000e+02,4.700000000000000000e+01,2.600000000000000000e+01
1.680080657572757483e+09,1.609600000000000000e+04,2.320000000000000000e+02,2.680000000000000000e+02,-6.220000000000000000e+02,3.900000000000000000e+01,3.000000000000000000e+01
1.680080657575701714e+09,1.620000000000000000e+04,2.800000000000000000e+02,3.560000000000000000e+02,-6.670000000000000000e+02,3.700000000000000000e+01,6.100000000000000000e+01
1.680080657577260256e+09,1.611600000000000000e+04,3.320000000000000000e+02,3.440000000000000000e+02,-6.610000000000000000e+02,2.800000000000000000e+01,3.700000000000000000e+01
1.680080657579888105e+09,1.617600000000000000e+04,3.280000000000000000e+02,4.240000000000000000e+02,-6.260000000000000000e+02,6.500000000000000000e+01,5.000000000000000000e+01
1.680080657581264496e+09,1.631600000000000000e+04,2.720000000000000000e+02,2.760000000000000000e+02,-6.400000000000000000e+02,3.300000000000000000e+01,3.800000000000000000e+01
1.680080657584046602e+09,1.613600000000000000e+04,3.160000000000000000e+02,3.040000000000000000e+02,-6.430000000000000000e+02,4.800000000000000000e+01,2.600000000000000000e+01
1.680080657585403204e+09,1.613600000000000000e+04,2.600000000000000000e+02,2.720000000000000000e+02,-6.490000000000000000e+02,3.300000000000000000e+01,1.100000000000000000e+01
1.680080657588048935e+09,1.619200000000000000e+04,3.120000000000000000e+02,3.760000000000000000e+02,-6.190000000000000000e+02,6.000000000000000000e+01,5.500000000000000000e+01
1.680080657589210510e+09,1.612800000000000000e+04,3.000000000000000000e+02,3.480000000000000000e+02,-6.580000000000000000e+02,5.300000000000000000e+01,3.900000000000000000e+01
1.680080657591976643e+09,1.614400000000000000e+04,2.920000000000000000e+02,3.160000000000000000e+02,-6.440000000000000000e+02,5.300000000000000000e+01,3.600000000000000000e+01
1.680080657593211174e+09,1.614000000000000000e+04,3.400000000000000000e+02,1.920000000000000000e+02,-6.290000000000000000e+02,6.400000000000000000e+01,3.500000000000000000e+01
1.680080657596055508e+09,1.628800000000000000e+04,2.800000000000000000e+02,3.680000000000000000e+02,-6.450000000000000000e+02,4.500000000000000000e+01,3.200000000000000000e+01
1.680080657597754002e+09,1.622000000000000000e+04,2.520000000000000000e+02,4.360000000000000000e+02,-6.550000000000000000e+02,3.200000000000000000e+01,2.600000000000000000e+01
1.680080657600643158e+09,1.625600000000000000e+04,2.800000000000000000e+02,2.280000000000000000e+02,-6.190000000000000000e+02,4.800000000000000000e+01,-1.000000000000000000e+00
1.680080657602942228e+09,1.621200000000000000e+04,3.400000000000000000e+02,3.320000000000000000e+02,-6.300000000000000000e+02,5.600000000000000000e+01,1.600000000000000000e+01
1.680080657605646610e+09,1.615600000000000000e+04,2.800000000000000000e+02,2.640000000000000000e+02,-6.590000000000000000e+02,3.300000000000000000e+01,4.200000000000000000e+01
1.680080657607390642e+09,1.619600000000000000e+04,3.000000000000000000e+02,1.440000000000000000e+02,-6.360000000000000000e+02,2.100000000000000000e+01,3.000000000000000000e+01
1.680080657610405922e+09,1.608800000000000000e+04,2.760000000000000000e+02,1.880000000000000000e+02,-6.500000000000000000e+02,4.800000000000000000e+01,2.600000000000000000e+01
1.680080657611861229e+09,1.618400000000000000e+04,2.760000000000000000e+02,3.800000000000000000e+02,-6.430000000000000000e+02,4.000000000000000000e+01,4.500000000000000000e+01
1.680080657614558220e+09,1.625200000000000000e+04,3.120000000000000000e+02,3.280000000000000000e+02,-6.130000000000000000e+02,5.600000000000000000e+01,3.900000000000000000e+01
1.680080657615913153e+09,1.632400000000000000e+04,3.960000000000000000e+02,2.800000000000000000e+02,-6.570000000000000000e+02,5.500000000000000000e+01,1.800000000000000000e+01
1.680080657618842363e+09,1.614000000000000000e+04,4.080000000000000000e+02,3.520000000000000000e+02,-6.360000000000000000e+02,5.800000000000000000e+01,3.700000000000000000e+01
1.680080657620212078e+09,1.613200000000000000e+04,3.200000000000000000e+02,3.280000000000000000e+02,-6.470000000000000000e+02,2.500000000000000000e+01,1.200000000000000000e+01
1.680080657622944593e+09,1.618400000000000000e+04,2.680000000000000000e+02,4.680000000000000000e+02,-6.490000000000000000e+02,4.200000000000000000e+01,3.900000000000000000e+01
1.680080657624244213e+09,1.615600000000000000e+04,3.400000000000000000e+02,3.920000000000000000e+02,-6.380000000000000000e+02,6.800000000000000000e+01,3.200000000000000000e+01
1.680080657627363443e+09,1.615200000000000000e+04,3.000000000000000000e+02,2.120000000000000000e+02,-6.380000000000000000e+02,5.900000000000000000e+01,5.800000000000000000e+01
1.680080657628952980e+09,1.614000000000000000e+04,3.040000000000000000e+02,2.480000000000000000e+02,-6.460000000000000000e+02,4.400000000000000000e+01,4.300000000000000000e+01
1.680080657631631136e+09,1.624000000000000000e+04,3.280000000000000000e+02,2.000000000000000000e+02,-6.380000000000000000e+02,4.500000000000000000e+01,3.800000000000000000e+01
1.680080657633416414e+09,1.618000000000000000e+04,3.280000000000000000e+02,3.680000000000000000e+02,-6.340000000000000000e+02,5.300000000000000000e+01,3.900000000000000000e+01
1.680080657635969162e+09,1.617200000000000000e+04,3.000000000000000000e+02,3.560000000000000000e+02,-6.270000000000000000e+02,5.700000000000000000e+01,3.700000000000000000e+01
1.680080657637327671e+09,1.623600000000000000e+04,3.600000000000000000e+02,2.520000000000000000e+02,-6.660000000000000000e+02,4.000000000000000000e+01,5.300000000000000000e+01
1.680080657640046120e+09,1.618000000000000000e+04,3.520000000000000000e+02,3.400000000000000000e+02,-6.340000000000000000e+02,4.800000000000000000e+01,3.600000000000000000e+01
1.680080657641409397e+09,1.612800000000000000e+04,3.120000000000000000e+02,3.680000000000000000e+02,-6.330000000000000000e+02,5.700000000000000000e+01,5.100000000000000000e+01
1.680080657644275427e+09,1.613200000000000000e+04,2.920000000000000000e+02,2.480000000000000000e+02,-6.500000000000000000e+02,3.200000000000000000e+01,3.900000000000000000e+01
1.680080657645711184e+09,1.621600000000000000e+04,2.640000000000000000e+02,2.160000000000000000e+02,-6.200000000000000000e+02,3.000000000000000000e+01,2.700000000000000000e+01
1.680080657648472309e+09,1.613600000000000000e+04,3.080000000000000000e+02,3.360000000000000000e+02,-6.230000000000000000e+02,3.500000000000000000e+01,1.700000000000000000e+01
1.680080657649799109e+09,1.617200000000000000e+04,3.680000000000000000e+02,3.800000000000000000e+02,-6.420000000000000000e+02,4.500000000000000000e+01,3.400000000000000000e+01
1.680080657652453423e+09,1.612400000000000000e+04,3.400000000000000000e+02,3.800000000000000000e+02,-6.550000000000000000e+02,4.900000000000000000e+01,1.900000000000000000e+01
1.680080657653977156e+09,1.618800000000000000e+04,3.120000000000000000e+02,3.600000000000000000e+02,-6.060000000000000000e+02,5.900000000000000000e+01,2.700000000000000000e+01
1.680080657657068491e+09,1.610000000000000000e+04,4.000000000000000000e+02,2.840000000000000000e+02,-6.210000000000000000e+02,5.900000000000000000e+01,2.700000000000000000e+01
1.680080657658648491e+09,1.623600000000000000e+04,2.720000000000000000e+02,3.200000000000000000e+02,-6.600000000000000000e+02,3.200000000000000000e+01,2.400000000000000000e+01
1.680080657661484718e+09,1.618800000000000000e+04,3.920000000000000000e+02,3.200000000000000000e+02,-6.430000000000000000e+02,5.200000000000000000e+01,3.800000000000000000e+01
1.680080657662888050e+09,1.620400000000000000e+04,3.040000000000000000e+02,3.920000000000000000e+02,-6.750000000000000000e+02,6.000000000000000000e+01,3.200000000000000000e+01
1.680080657665610075e+09,1.622000000000000000e+04,2.800000000000000000e+02,3.400000000000000000e+02,-6.550000000000000000e+02,4.000000000000000000e+01,4.400000000000000000e+01
1.680080657667180777e+09,1.612800000000000000e+04,2.560000000000000000e+02,3.840000000000000000e+02,-6.690000000000000000e+02,6.400000000000000000e+01,4.500000000000000000e+01
1.680080657669908285e+09,1.622000000000000000e+04,3.320000000000000000e+02,4.240000000000000000e+02,-6.240000000000000000e+02,3.900000000000000000e+01,3.600000000000000000e+01
1.680080657672045708e+09,1.618800000000000000e+04,3.280000000000000000e+02,1.800000000000000000e+02,-6.320000000000000000e+02,3.900000000000000000e+01,6.000000000000000000e+01
1.680080657674770832e+09,1.623200000000000000e+04,2.880000000000000000e+02,2.960000000000000000e+02,-6.050000000000000000e+02,3.900000000000000000e+01,2.600000000000000000e+01
1.680080657676490545e+09,1.619600000000000000e+04,3.160000000000000000e+02,4.000000000000000000e+02,-6.290000000000000000e+02,6.000000000000000000e+01,3.100000000000000000e+01
1.680080657679209948e+09,1.619200000000000000e+04,2.800000000000000000e+02,4.960000000000000000e+02,-6.200000000000000000e+02,4.700000000000000000e+01,2.100000000000000000e+01
1.680080657680642605e+09,1.622800000000000000e+04,3.160000000000000000e+02,4.000000000000000000e+02,-6.400000000000000000e+02,7.000000000000000000e+01,3.000000000000000000e+01
1.680080657683385611e+09,1.622000000000000000e+04,3.320000000000000000e+02,3.000000000000000000e+02,-6.400000000000000000e+02,3.600000000000000000e+01,3.800000000000000000e+01
1.680080657684725046e+09,1.617200000000000000e+04,3.320000000000000000e+02,2.000000000000000000e+02,-6.370000000000000000e+02,4.800000000000000000e+01,3.500000000000000000e+01
1.680080657687384367e+09,1.614400000000000000e+04,2.920000000000000000e+02,3.840000000000000000e+02,-6.410000000000000000e+02,5.200000000000000000e+01,2.900000000000000000e+01
1.680080657689086676e+09,1.624800000000000000e+04,2.600000000000000000e+02,2.760000000000000000e+02,-6.100000000000000000e+02,7.400000000000000000e+01,3.400000000000000000e+01
1.680080657691839695e+09,1.626800000000000000e+04,2.720000000000000000e+02,4.240000000000000000e+02,-6.500000000000000000e+02,3.200000000000000000e+01,2.600000000000000000e+01
1.680080657693231106e+09,1.607600000000000000e+04,3.320000000000000000e+02,3.240000000000000000e+02,-6.390000000000000000e+02,2.900000000000000000e+01,4.100000000000000000e+01
1.680080657695884466e+09,1.621600000000000000e+04,2.800000000000000000e+02,4.040000000000000000e+02,-6.320000000000000000e+02,4.500000000000000000e+01,3.400000000000000000e+01
1.680080657697317600e+09,1.614800000000000000e+04,2.960000000000000000e+02,4.360000000000000000e+02,-6.290000000000000000e+02,6.800000000000000000e+01,3.400000000000000000e+01
1.680080657700120211e+09,1.608000000000000000e+04,2.680000000000000000e+02,3.360000000000000000e+02,-6.360000000000000000e+02,6.000000000000000000e+01,1.800000000000000000e+01
1.680080657701532125e+09,1.608800000000000000e+04,2.040000000000000000e+02,3.520000000000000000e+02,-6.580000000000000000e+02,4.100000000000000000e+01,1.000000000000000000e+01
1.680080657704628706e+09,1.626800000000000000e+04,2.760000000000000000e+02,2.720000000000000000e+02,-6.540000000000000000e+02,1.200000000000000000e+01,4.300000000000000000e+01
1.680080657706180334e+09,1.622000000000000000e+04,3.240000000000000000e+02,3.640000000000000000e+02,-5.870000000000000000e+02,5.300000000000000000e+01,1.600000000000000000e+01
1.680080657708760738e+09,1.611200000000000000e+04,1.680000000000000000e+02,2.960000000000000000e+02,-6.710000000000000000e+02,4.400000000000000000e+01,2.800000000000000000e+01
1.680080657710379839e+09,1.617600000000000000e+04,3.520000000000000000e+02,2.600000000000000000e+02,-6.170000000000000000e+02,6.100000000000000000e+01,1.100000000000000000e+01
1.680080657713059187e+09,1.613200000000000000e+04,2.720000000000000000e+02,3.240000000000000000e+02,-6.410000000000000000e+02,6.200000000000000000e+01,4.600000000000000000e+01
1.680080657714456558e+09,1.615200000000000000e+04,3.080000000000000000e+02,3.080000000000000000e+02,-6.330000000000000000e+02,3.400000000000000000e+01,1.800000000000000000e+01
1.680080657717447996e+09,1.620400000000000000e+04,3.880000000000000000e+02,4.000000000000000000e+02,-6.020000000000000000e+02,1.800000000000000000e+01,3.600000000000000000e+01
1.680080657718762636e+09,1.613600000000000000e+04,4.680000000000000000e+02,4.080000000000000000e+02,-6.140000000000000000e+02,1.400000000000000000e+01,-1.000000000000000000e+00
1.680080657721723795e+09,1.611600000000000000e+04,2.560000000000000000e+02,3.240000000000000000e+02,-6.290000000000000000e+02,2.600000000000000000e+01,4.600000000000000000e+01
1.680080657723013639e+09,1.622400000000000000e+04,4.400000000000000000e+02,3.120000000000000000e+02,-6.460000000000000000e+02,3.400000000000000000e+01,6.100000000000000000e+01
1.680080657725953817e+09,1.610800000000000000e+04,2.880000000000000000e+02,3.480000000000000000e+02,-6.360000000000000000e+02,2.300000000000000000e+01,2.200000000000000000e+01
1.680080657727267742e+09,1.607200000000000000e+04,3.080000000000000000e+02,3.120000000000000000e+02,-6.190000000000000000e+02,3.500000000000000000e+01,2.100000000000000000e+01
1.680080657730139494e+09,1.623600000000000000e+04,3.920000000000000000e+02,2.920000000000000000e+02,-6.420000000000000000e+02,5.100000000000000000e+01,3.400000000000000000e+01
1.680080657731537580e+09,1.614000000000000000e+04,3.320000000000000000e+02,3.800000000000000000e+02,-6.150000000000000000e+02,5.800000000000000000e+01,4.100000000000000000e+01
1.680080657734705687e+09,1.616400000000000000e+04,2.880000000000000000e+02,3.000000000000000000e+02,-6.470000000000000000e+02,3.500000000000000000e+01,3.300000000000000000e+01
1.680080657736378908e+09,1.612000000000000000e+04,2.680000000000000000e+02,3.080000000000000000e+02,-6.500000000000000000e+02,6.600000000000000000e+01,4.400000000000000000e+01
1.680080657739689589e+09,1.617600000000000000e+04,2.920000000000000000e+02,2.400000000000000000e+02,-6.660000000000000000e+02,5.600000000000000000e+01,2.100000000000000000e+01
1.680080657741528511e+09,1.618000000000000000e+04,3.160000000000000000e+02,2.800000000000000000e+02,-5.910000000000000000e+02,1.900000000000000000e+01,3.700000000000000000e+01
1.680080657745504141e+09,1.615200000000000000e+04,3.240000000000000000e+02,2.960000000000000000e+02,-6.350000000000000000e+02,3.000000000000000000e+01,2.400000000000000000e+01
1.680080657746767044e+09,1.623600000000000000e+04,3.400000000000000000e+02,2.240000000000000000e+02,-6.360000000000000000e+02,3.100000000000000000e+01,3.200000000000000000e+01
1.680080657749759197e+09,1.618400000000000000e+04,3.360000000000000000e+02,2.840000000000000000e+02,-6.390000000000000000e+02,4.200000000000000000e+01,3.400000000000000000e+01
1.680080657751123428e+09,1.618800000000000000e+04,2.960000000000000000e+02,5.080000000000000000e+02,-6.340000000000000000e+02,4.800000000000000000e+01,2.400000000000000000e+01
1.680080657754319906e+09,1.615200000000000000e+04,3.880000000000000000e+02,3.440000000000000000e+02,-6.460000000000000000e+02,3.900000000000000000e+01,3.300000000000000000e+01
1.680080657755890369e+09,1.608800000000000000e+04,2.760000000000000000e+02,1.960000000000000000e+02,-6.720000000000000000e+02,1.600000000000000000e+01,1.900000000000000000e+01
1.680080657758567095e+09,1.620800000000000000e+04,3.040000000000000000e+02,1.760000000000000000e+02,-6.270000000000000000e+02,6.300000000000000000e+01,3.300000000000000000e+01
1.680080657759921312e+09,1.610800000000000000e+04,3.200000000000000000e+02,3.880000000000000000e+02,-6.780000000000000000e+02,5.600000000000000000e+01,5.000000000000000000e+01
1.680080657762837172e+09,1.610000000000000000e+04,3.760000000000000000e+02,3.000000000000000000e+02,-6.410000000000000000e+02,4.200000000000000000e+01,7.000000000000000000e+00
1.680080657764120340e+09,1.609600000000000000e+04,2.320000000000000000e+02,2.240000000000000000e+02,-6.180000000000000000e+02,6.200000000000000000e+01,3.100000000000000000e+01
1.680080657766873598e+09,1.612000000000000000e+04,2.720000000000000000e+02,3.320000000000000000e+02,-6.280000000000000000e+02,4.500000000000000000e+01,2.800000000000000000e+01
1.680080657768301487e+09,1.622000000000000000e+04,2.800000000000000000e+02,2.120000000000000000e+02,-6.310000000000000000e+02,3.600000000000000000e+01,1.800000000000000000e+01
1.680080657771364450e+09,1.614800000000000000e+04,3.600000000000000000e+02,4.120000000000000000e+02,-5.890000000000000000e+02,4.800000000000000000e+01,4.300000000000000000e+01
1.680080657772691488e+09,1.625600000000000000e+04,3.480000000000000000e+02,3.480000000000000000e+02,-6.600000000000000000e+02,4.200000000000000000e+01,4.100000000000000000e+01
1.680080657775508165e+09,1.616000000000000000e+04,2.760000000000000000e+02,3.880000000000000000e+02,-6.360000000000000000e+02,3.400000000000000000e+01,4.400000000000000000e+01
1.680080657776852846e+09,1.608000000000000000e+04,3.040000000000000000e+02,3.880000000000000000e+02,-6.180000000000000000e+02,2.900000000000000000e+01,4.200000000000000000e+01
1.680080657779829264e+09,1.614000000000000000e+04,2.680000000000000000e+02,2.560000000000000000e+02,-6.680000000000000000e+02,6.700000000000000000e+01,3.000000000000000000e+01
1.680080657781081915e+09,1.622400000000000000e+04,3.200000000000000000e+02,1.920000000000000000e+02,-6.230000000000000000e+02,2.800000000000000000e+01,3.700000000000000000e+01
1.680080657784146547e+09,1.615200000000000000e+04,2.120000000000000000e+02,4.200000000000000000e+02,-6.810000000000000000e+02,5.700000000000000000e+01,1.400000000000000000e+01
1.680080657785509586e+09,1.617600000000000000e+04,2.560000000000000000e+02,4.240000000000000000e+02,-6.480000000000000000e+02,6.000000000000000000e+01,1.200000000000000000e+01
1.680080657788612843e+09,1.617600000000000000e+04,2.760000000000000000e+02,2.640000000000000000e+02,-6.240000000000000000e+02,3.600000000000000000e+01,3.600000000000000000e+01
1.680080657790158510e+09,1.612000000000000000e+04,2.480000000000000000e+02,3.560000000000000000e+02,-6.390000000000000000e+02,4.500000000000000000e+01,3.100000000000000000e+01
1.680080657792984486e+09,1.609200000000000000e+04,2.640000000000000000e+02,4.360000000000000000e+02,-6.480000000000000000e+02,4.300000000000000000e+01,3.000000000000000000e+01
1.680080657794619560e+09,1.615200000000000000e+04,2.320000000000000000e+02,2.240000000000000000e+02,-6.270000000000000000e+02,4.700000000000000000e+01,4.600000000000000000e+01
1.680080657797496080e+09,1.620400000000000000e+04,3.160000000000000000e+02,3.320000000000000000e+02,-6.370000000000000000e+02,8.700000000000000000e+01,3.700000000000000000e+01
1.680080657798971891e+09,1.617200000000000000e+04,3.840000000000000000e+02,4.000000000000000000e+02,-6.390000000000000000e+02,4.700000000000000000e+01,2.500000000000000000e+01
1.680080657801846266e+09,1.613600000000000000e+04,4.280000000000000000e+02,4.240000000000000000e+02,-6.470000000000000000e+02,5.600000000000000000e+01,3.600000000000000000e+01
1.680080657803107500e+09,1.612000000000000000e+04,3.920000000000000000e+02,4.120000000000000000e+02,-6.230000000000000000e+02,6.000000000000000000e+01,4.100000000000000000e+01
1.680080657806171656e+09,1.616400000000000000e+04,2.800000000000000000e+02,3.440000000000000000e+02,-6.230000000000000000e+02,2.000000000000000000e+01,3.800000000000000000e+01
1.680080657807581186e+09,1.613200000000000000e+04,3.120000000000000000e+02,3.600000000000000000e+02,-6.330000000000000000e+02,6.400000000000000000e+01,3.600000000000000000e+01
1.680080657810268879e+09,1.608800000000000000e+04,3.600000000000000000e+02,4.000000000000000000e+02,-6.310000000000000000e+02,4.900000000000000000e+01,4.600000000000000000e+01
1.680080657812085390e+09,1.619600000000000000e+04,3.120000000000000000e+02,2.800000000000000000e+02,-6.570000000000000000e+02,3.200000000000000000e+01,5.600000000000000000e+01
1.680080657814799547e+09,1.611600000000000000e+04,3.760000000000000000e+02,2.080000000000000000e+02,-6.460000000000000000e+02,3.000000000000000000e+01,3.900000000000000000e+01
1.680080657816159010e+09,1.618800000000000000e+04,2.600000000000000000e+02,1.880000000000000000e+02,-6.500000000000000000e+02,5.200000000000000000e+01,2.500000000000000000e+01
1.680080657819061756e+09,1.614400000000000000e+04,4.040000000000000000e+02,3.640000000000000000e+02,-6.030000000000000000e+02,2.500000000000000000e+01,5.500000000000000000e+01
1.680080657820448160e+09,1.613200000000000000e+04,3.280000000000000000e+02,3.600000000000000000e+02,-6.090000000000000000e+02,6.500000000000000000e+01,5.800000000000000000e+01
1.680080657823345900e+09,1.615600000000000000e+04,2.720000000000000000e+02,2.640000000000000000e+02,-6.170000000000000000e+02,3.200000000000000000e+01,1.700000000000000000e+01
1.680080657824620724e+09,1.619600000000000000e+04,3.320000000000000000e+02,3.400000000000000000e+02,-6.200000000000000000e+02,3.700000000000000000e+01,3.100000000000000000e+01
1.680080657827579021e+09,1.609600000000000000e+04,2.840000000000000000e+02,3.680000000000000000e+02,-6.380000000000000000e+02,4.000000000000000000e+01,4.600000000000000000e+01
1.680080657829116821e+09,1.605200000000000000e+04,2.320000000000000000e+02,3.000000000000000000e+02,-6.240000000000000000e+02,5.100000000000000000e+01,4.000000000000000000e+01
1.680080657832335949e+09,1.621200000000000000e+04,2.280000000000000000e+02,3.400000000000000000e+02,-6.440000000000000000e+02,4.300000000000000000e+01,2.600000000000000000e+01
1.680080657833575964e+09,1.612800000000000000e+04,3.040000000000000000e+02,3.720000000000000000e+02,-6.440000000000000000e+02,4.000000000000000000e+01,5.900000000000000000e+01
1.680080657836622238e+09,1.614800000000000000e+04,3.320000000000000000e+02,3.160000000000000000e+02,-6.370000000000000000e+02,5.800000000000000000e+01,1.500000000000000000e+01
1.680080657838032961e+09,1.620800000000000000e+04,2.960000000000000000e+02,3.920000000000000000e+02,-6.670000000000000000e+02,3.000000000000000000e+01,3.800000000000000000e+01
1.680080657840730906e+09,1.626000000000000000e+04,2.960000000000000000e+02,3.520000000000000000e+02,-6.560000000000000000e+02,5.600000000000000000e+01,3.600000000000000000e+01
1.680080657842322350e+09,1.613200000000000000e+04,2.760000000000000000e+02,3.560000000000000000e+02,-6.720000000000000000e+02,3.900000000000000000e+01,2.700000000000000000e+01
1.680080657845263958e+09,1.611600000000000000e+04,2.760000000000000000e+02,4.000000000000000000e+02,-6.430000000000000000e+02,6.800000000000000000e+01,3.600000000000000000e+01
1.680080657847171307e+09,1.610400000000000000e+04,2.640000000000000000e+02,2.680000000000000000e+02,-6.560000000000000000e+02,4.800000000000000000e+01,2.600000000000000000e+01
1.680080657849805355e+09,1.619600000000000000e+04,3.760000000000000000e+02,3.920000000000000000e+02,-6.080000000000000000e+02,4.400000000000000000e+01,3.400000000000000000e+01
1.680080657851112127e+09,1.622000000000000000e+04,3.360000000000000000e+02,1.360000000000000000e+02,-6.360000000000000000e+02,5.500000000000000000e+01,1.200000000000000000e+01
1.680080657854034424e+09,1.629200000000000000e+04,2.600000000000000000e+02,3.320000000000000000e+02,-6.160000000000000000e+02,4.400000000000000000e+01,2.500000000000000000e+01
1.680080657855469942e+09,1.622000000000000000e+04,3.160000000000000000e+02,4.480000000000000000e+02,-6.150000000000000000e+02,3.100000000000000000e+01,3.000000000000000000e+01
1.680080657858256578e+09,1.616800000000000000e+04,2.280000000000000000e+02,3.360000000000000000e+02,-6.470000000000000000e+02,4.000000000000000000e+01,-3.000000000000000000e+00
1.680080657861234426e+09,1.618400000000000000e+04,2.680000000000000000e+02,2.480000000000000000e+02,-6.300000000000000000e+02,4.400000000000000000e+01,6.900000000000000000e+01
1.680080657864082336e+09,1.614400000000000000e+04,2.120000000000000000e+02,2.640000000000000000e+02,-6.480000000000000000e+02,3.500000000000000000e+01,4.700000000000000000e+01
1.680080657865562201e+09,1.622800000000000000e+04,2.320000000000000000e+02,3.800000000000000000e+02,-6.200000000000000000e+02,3.000000000000000000e+01,3.600000000000000000e+01
1.680080657868484259e+09,1.616800000000000000e+04,3.160000000000000000e+02,2.800000000000000000e+02,-6.450000000000000000e+02,6.500000000000000000e+01,4.100000000000000000e+01
1.680080657869830132e+09,1.616800000000000000e+04,2.400000000000000000e+02,3.560000000000000000e+02,-6.450000000000000000e+02,7.300000000000000000e+01,1.800000000000000000e+01
1.680080657873098135e+09,1.616800000000000000e+04,2.520000000000000000e+02,2.880000000000000000e+02,-6.560000000000000000e+02,3.900000000000000000e+01,3.100000000000000000e+01
1.680080657874500513e+09,1.620000000000000000e+04,2.960000000000000000e+02,1.040000000000000000e+02,-6.480000000000000000e+02,3.600000000000000000e+01,5.000000000000000000e+01
1.680080657878426552e+09,1.616000000000000000e+04,2.160000000000000000e+02,1.960000000000000000e+02,-6.390000000000000000e+02,5.700000000000000000e+01,4.300000000000000000e+01
1.680080657879910707e+09,1.618800000000000000e+04,2.640000000000000000e+02,2.080000000000000000e+02,-6.530000000000000000e+02,5.500000000000000000e+01,4.700000000000000000e+01
1.680080657882625103e+09,1.618000000000000000e+04,3.280000000000000000e+02,1.680000000000000000e+02,-6.290000000000000000e+02,5.500000000000000000e+01,4.800000000000000000e+01
1.680080657884168148e+09,1.619200000000000000e+04,3.520000000000000000e+02,3.040000000000000000e+02,-6.420000000000000000e+02,4.600000000000000000e+01,4.200000000000000000e+01
1.680080657887022734e+09,1.624000000000000000e+04,3.120000000000000000e+02,2.440000000000000000e+02,-6.390000000000000000e+02,2.100000000000000000e+01,3.900000000000000000e+01
1.680080657888402224e+09,1.629200000000000000e+04,3.240000000000000000e+02,3.880000000000000000e+02,-6.330000000000000000e+02,3.400000000000000000e+01,2.000000000000000000e+01
1.680080657891278028e+09,1.624000000000000000e+04,2.800000000000000000e+02,3.440000000000000000e+02,-6.160000000000000000e+02,2.200000000000000000e+01,5.600000000000000000e+01
1.680080657892760754e+09,1.630400000000000000e+04,2.680000000000000000e+02,3.760000000000000000e+02,-6.500000000000000000e+02,3.600000000000000000e+01,3.000000000000000000e+01
1.680080657895782948e+09,1.616000000000000000e+04,2.640000000000000000e+02,3.280000000000000000e+02,-6.520000000000000000e+02,7.000000000000000000e+01,2.500000000000000000e+01
1.680080657897647381e+09,1.620000000000000000e+04,3.800000000000000000e+02,3.160000000000000000e+02,-6.800000000000000000e+02,4.000000000000000000e+01,2.300000000000000000e+01
1.680080657900426388e+09,1.606000000000000000e+04,3.000000000000000000e+02,2.880000000000000000e+02,-6.260000000000000000e+02,5.300000000000000000e+01,3.500000000000000000e+01
1.680080657902166367e+09,1.616800000000000000e+04,3.520000000000000000e+02,2.840000000000000000e+02,-6.190000000000000000e+02,5.100000000000000000e+01,3.300000000000000000e+01
1.680080657904956818e+09,1.615600000000000000e+04,3.640000000000000000e+02,3.520000000000000000e+02,-6.400000000000000000e+02,2.300000000000000000e+01,4.400000000000000000e+01
1.680080657906264067e+09,1.614000000000000000e+04,2.840000000000000000e+02,3.200000000000000000e+02,-6.350000000000000000e+02,3.600000000000000000e+01,2.900000000000000000e+01
1.680080657909122467e+09,1.626800000000000000e+04,2.560000000000000000e+02,3.440000000000000000e+02,-6.220000000000000000e+02,3.800000000000000000e+01,3.400000000000000000e+01
1.680080657910513401e+09,1.617200000000000000e+04,2.400000000000000000e+02,3.880000000000000000e+02,-6.580000000000000000e+02,4.500000000000000000e+01,4.400000000000000000e+01
1.680080657913333178e+09,1.620000000000000000e+04,3.840000000000000000e+02,3.200000000000000000e+02,-6.430000000000000000e+02,3.800000000000000000e+01,2.100000000000000000e+01
1.680080657914891958e+09,1.622400000000000000e+04,4.600000000000000000e+02,3.160000000000000000e+02,-6.340000000000000000e+02,3.500000000000000000e+01,2.000000000000000000e+01
1.680080657917703629e+09,1.615600000000000000e+04,3.040000000000000000e+02,1.240000000000000000e+02,-6.330000000000000000e+02,0.000000000000000000e+00,3.300000000000000000e+01
1.680080657919178963e+09,1.612000000000000000e+04,3.200000000000000000e+02,2.760000000000000000e+02,-6.050000000000000000e+02,4.600000000000000000e+01,3.300000000000000000e+01
1.680080657921923161e+09,1.620800000000000000e+04,2.560000000000000000e+02,1.720000000000000000e+02,-6.490000000000000000e+02,5.100000000000000000e+01,3.000000000000000000e+01
1.680080657923332691e+09,1.628000000000000000e+04,3.400000000000000000e+02,2.760000000000000000e+02,-6.710000000000000000e+02,4.300000000000000000e+01,3.200000000000000000e+01
1.680080657926247597e+09,1.617600000000000000e+04,3.480000000000000000e+02,2.600000000000000000e+02,-6.360000000000000000e+02,6.300000000000000000e+01,6.000000000000000000e+01
1.680080657927712679e+09,1.614400000000000000e+04,3.320000000000000000e+02,2.360000000000000000e+02,-6.490000000000000000e+02,3.300000000000000000e+01,4.900000000000000000e+01
1.680080657930790663e+09,1.618400000000000000e+04,3.600000000000000000e+02,2.920000000000000000e+02,-6.450000000000000000e+02,5.600000000000000000e+01,2.000000000000000000e+01
1.680080657932130098e+09,1.624000000000000000e+04,2.480000000000000000e+02,3.040000000000000000e+02,-6.420000000000000000e+02,2.400000000000000000e+01,3.400000000000000000e+01
1.680080657934935570e+09,1.617600000000000000e+04,3.800000000000000000e+02,1.720000000000000000e+02,-6.510000000000000000e+02,7.300000000000000000e+01,4.400000000000000000e+01
1.680080657936273336e+09,1.606400000000000000e+04,3.080000000000000000e+02,3.480000000000000000e+02,-6.480000000000000000e+02,6.000000000000000000e+01,4.200000000000000000e+01
1.680080657938993931e+09,1.619200000000000000e+04,3.360000000000000000e+02,2.320000000000000000e+02,-6.120000000000000000e+02,3.100000000000000000e+01,4.200000000000000000e+01
1.680080657940336943e+09,1.624400000000000000e+04,2.800000000000000000e+02,3.320000000000000000e+02,-6.200000000000000000e+02,4.500000000000000000e+01,4.000000000000000000e+01
1.680080657943207026e+09,1.618800000000000000e+04,3.320000000000000000e+02,1.680000000000000000e+02,-6.050000000000000000e+02,5.000000000000000000e+01,3.500000000000000000e+01
1.680080657944653988e+09,1.621200000000000000e+04,3.160000000000000000e+02,3.680000000000000000e+02,-6.510000000000000000e+02,7.500000000000000000e+01,3.400000000000000000e+01
1.680080657947409630e+09,1.618400000000000000e+04,3.040000000000000000e+02,2.360000000000000000e+02,-6.290000000000000000e+02,5.400000000000000000e+01,3.700000000000000000e+01
1.680080657949007988e+09,1.609600000000000000e+04,2.720000000000000000e+02,3.760000000000000000e+02,-6.240000000000000000e+02,4.300000000000000000e+01,4.700000000000000000e+01
1.680080657951696634e+09,1.616800000000000000e+04,3.240000000000000000e+02,3.880000000000000000e+02,-6.720000000000000000e+02,5.300000000000000000e+01,-9.000000000000000000e+00
1.680080657953077555e+09,1.622800000000000000e+04,2.280000000000000000e+02,4.040000000000000000e+02,-6.390000000000000000e+02,3.100000000000000000e+01,1.000000000000000000e+01
1.680080657956104040e+09,1.612400000000000000e+04,2.840000000000000000e+02,1.920000000000000000e+02,-6.010000000000000000e+02,3.900000000000000000e+01,2.600000000000000000e+01
1.680080657957671165e+09,1.613200000000000000e+04,3.080000000000000000e+02,2.280000000000000000e+02,-6.360000000000000000e+02,2.700000000000000000e+01,1.100000000000000000e+01
1.680080657960332632e+09,1.615200000000000000e+04,2.920000000000000000e+02,4.080000000000000000e+02,-6.520000000000000000e+02,4.500000000000000000e+01,3.900000000000000000e+01
1.680080657961721182e+09,1.627200000000000000e+04,2.880000000000000000e+02,4.160000000000000000e+02,-6.220000000000000000e+02,4.200000000000000000e+01,2.600000000000000000e+01
1.680080657964569092e+09,1.614800000000000000e+04,2.760000000000000000e+02,3.840000000000000000e+02,-6.310000000000000000e+02,3.500000000000000000e+01,3.600000000000000000e+01
1.680080657965888023e+09,1.609600000000000000e+04,2.680000000000000000e+02,2.840000000000000000e+02,-6.210000000000000000e+02,6.300000000000000000e+01,5.000000000000000000e+01
1.680080657968623877e+09,1.606400000000000000e+04,1.920000000000000000e+02,3.120000000000000000e+02,-6.510000000000000000e+02,5.300000000000000000e+01,3.600000000000000000e+01
1.680080657970006227e+09,1.622000000000000000e+04,3.160000000000000000e+02,3.480000000000000000e+02,-6.160000000000000000e+02,5.200000000000000000e+01,3.700000000000000000e+01
1.680080657972735167e+09,1.620400000000000000e+04,2.600000000000000000e+02,2.840000000000000000e+02,-6.340000000000000000e+02,4.400000000000000000e+01,3.400000000000000000e+01
1.680080657974266291e+09,1.616000000000000000e+04,3.560000000000000000e+02,2.040000000000000000e+02,-6.490000000000000000e+02,4.600000000000000000e+01,5.600000000000000000e+01
1.680080657977522850e+09,1.611600000000000000e+04,2.920000000000000000e+02,2.920000000000000000e+02,-6.430000000000000000e+02,4.500000000000000000e+01,4.400000000000000000e+01
1.680080657978956223e+09,1.616400000000000000e+04,3.240000000000000000e+02,2.800000000000000000e+02,-6.580000000000000000e+02,7.000000000000000000e+01,3.100000000000000000e+01
1.680080657981781721e+09,1.612400000000000000e+04,3.080000000000000000e+02,2.600000000000000000e+02,-6.420000000000000000e+02,3.800000000000000000e+01,3.100000000000000000e+01
1.680080657983051300e+09,1.614400000000000000e+04,3.120000000000000000e+02,2.640000000000000000e+02,-6.580000000000000000e+02,5.500000000000000000e+01,2.400000000000000000e+01
1.680080657985747814e+09,1.622800000000000000e+04,2.400000000000000000e+02,3.240000000000000000e+02,-6.400000000000000000e+02,2.400000000000000000e+01,2.700000000000000000e+01
1.680080657987213612e+09,1.608000000000000000e+04,3.280000000000000000e+02,1.520000000000000000e+02,-6.330000000000000000e+02,3.600000000000000000e+01,2.200000000000000000e+01
1.680080657990583897e+09,1.621600000000000000e+04,3.120000000000000000e+02,3.360000000000000000e+02,-6.370000000000000000e+02,3.800000000000000000e+01,2.400000000000000000e+01
1.680080657991935253e+09,1.620000000000000000e+04,3.040000000000000000e+02,3.360000000000000000e+02,-6.520000000000000000e+02,3.200000000000000000e+01,3.200000000000000000e+01
1.680080657994764090e+09,1.619600000000000000e+04,2.680000000000000000e+02,4.320000000000000000e+02,-6.470000000000000000e+02,5.200000000000000000e+01,1.800000000000000000e+01
1.680080657996509552e+09,1.619200000000000000e+04,2.320000000000000000e+02,3.520000000000000000e+02,-6.230000000000000000e+02,4.800000000000000000e+01,1.200000000000000000e+01
1.680080657999556303e+09,1.617200000000000000e+04,3.080000000000000000e+02,3.920000000000000000e+02,-6.230000000000000000e+02,4.300000000000000000e+01,5.200000000000000000e+01
1.680080658001069546e+09,1.615600000000000000e+04,3.160000000000000000e+02,2.280000000000000000e+02,-6.300000000000000000e+02,5.300000000000000000e+01,3.700000000000000000e+01
1.680080658003759384e+09,1.622000000000000000e+04,3.360000000000000000e+02,3.280000000000000000e+02,-6.640000000000000000e+02,2.200000000000000000e+01,4.000000000000000000e+01
1.680080658005415440e+09,1.623200000000000000e+04,3.200000000000000000e+02,2.200000000000000000e+02,-6.000000000000000000e+02,3.700000000000000000e+01,3.200000000000000000e+01
1.680080658008358002e+09,1.623200000000000000e+04,2.600000000000000000e+02,1.880000000000000000e+02,-6.780000000000000000e+02,2.000000000000000000e+01,2.100000000000000000e+01
1.680080658009706020e+09,1.618800000000000000e+04,2.920000000000000000e+02,2.920000000000000000e+02,-6.140000000000000000e+02,7.100000000000000000e+01,2.700000000000000000e+01
1.680080658012322664e+09,1.617600000000000000e+04,3.000000000000000000e+02,2.520000000000000000e+02,-6.650000000000000000e+02,4.000000000000000000e+01,4.900000000000000000e+01
1.680080658013717651e+09,1.628400000000000000e+04,3.800000000000000000e+02,4.560000000000000000e+02,-6.390000000000000000e+02,5.500000000000000000e+01,4.500000000000000000e+01
1.680080658016943216e+09,1.624000000000000000e+04,3.280000000000000000e+02,4.560000000000000000e+02,-6.230000000000000000e+02,8.700000000000000000e+01,3.200000000000000000e+01
1.680080658018664360e+09,1.622800000000000000e+04,2.400000000000000000e+02,2.600000000000000000e+02,-6.680000000000000000e+02,3.700000000000000000e+01,2.100000000000000000e+01
1.680080658021376848e+09,1.613600000000000000e+04,3.840000000000000000e+02,3.760000000000000000e+02,-6.370000000000000000e+02,6.100000000000000000e+01,4.000000000000000000e+01
1.680080658022686720e+09,1.614800000000000000e+04,3.080000000000000000e+02,3.120000000000000000e+02,-6.190000000000000000e+02,4.700000000000000000e+01,2.400000000000000000e+01
1.680080658025397062e+09,1.614000000000000000e+04,2.480000000000000000e+02,2.240000000000000000e+02,-6.300000000000000000e+02,4.300000000000000000e+01,4.100000000000000000e+01
1.680080658027000904e+09,1.624000000000000000e+04,2.880000000000000000e+02,3.960000000000000000e+02,-6.460000000000000000e+02,4.800000000000000000e+01,3.300000000000000000e+01
1.680080658029730320e+09,1.610800000000000000e+04,3.520000000000000000e+02,3.160000000000000000e+02,-6.030000000000000000e+02,4.100000000000000000e+01,2.400000000000000000e+01
1.680080658031246901e+09,1.614000000000000000e+04,3.000000000000000000e+02,2.640000000000000000e+02,-6.510000000000000000e+02,4.000000000000000000e+01,1.300000000000000000e+01
1.680080658033994198e+09,1.616800000000000000e+04,2.680000000000000000e+02,2.840000000000000000e+02,-6.460000000000000000e+02,4.500000000000000000e+01,2.600000000000000000e+01
1.680080658035410166e+09,1.624400000000000000e+04,3.800000000000000000e+02,2.880000000000000000e+02,-6.310000000000000000e+02,4.900000000000000000e+01,3.900000000000000000e+01
1.680080658038565874e+09,1.612000000000000000e+04,3.160000000000000000e+02,3.000000000000000000e+02,-6.250000000000000000e+02,1.900000000000000000e+01,5.600000000000000000e+01
1.680080658039903402e+09,1.610000000000000000e+04,3.000000000000000000e+02,2.920000000000000000e+02,-6.070000000000000000e+02,6.800000000000000000e+01,6.500000000000000000e+01
1.680080658042730808e+09,1.614400000000000000e+04,3.920000000000000000e+02,2.880000000000000000e+02,-6.220000000000000000e+02,3.400000000000000000e+01,9.000000000000000000e+00
1.680080658044066906e+09,1.617200000000000000e+04,3.520000000000000000e+02,3.280000000000000000e+02,-6.270000000000000000e+02,4.200000000000000000e+01,2.200000000000000000e+01
1.680080658046788931e+09,1.612000000000000000e+04,2.960000000000000000e+02,4.240000000000000000e+02,-6.280000000000000000e+02,1.800000000000000000e+01,2.200000000000000000e+01
1.680080658048158884e+09,1.608000000000000000e+04,3.080000000000000000e+02,3.680000000000000000e+02,-5.930000000000000000e+02,5.100000000000000000e+01,5.400000000000000000e+01
1.680080658051038742e+09,1.624400000000000000e+04,2.800000000000000000e+02,3.760000000000000000e+02,-6.390000000000000000e+02,2.800000000000000000e+01,2.400000000000000000e+01
1.680080658052997828e+09,1.618800000000000000e+04,3.200000000000000000e+02,3.040000000000000000e+02,-6.260000000000000000e+02,7.000000000000000000e+01,4.200000000000000000e+01
1.680080658055801392e+09,1.610400000000000000e+04,3.520000000000000000e+02,4.480000000000000000e+02,-6.270000000000000000e+02,4.600000000000000000e+01,2.800000000000000000e+01
1.680080658057416916e+09,1.613200000000000000e+04,2.200000000000000000e+02,4.080000000000000000e+02,-6.690000000000000000e+02,4.600000000000000000e+01,4.500000000000000000e+01
1.680080658060328960e+09,1.617600000000000000e+04,4.120000000000000000e+02,2.480000000000000000e+02,-6.320000000000000000e+02,3.800000000000000000e+01,3.200000000000000000e+01
1.680080658061868429e+09,1.615200000000000000e+04,4.280000000000000000e+02,2.240000000000000000e+02,-6.550000000000000000e+02,5.900000000000000000e+01,3.100000000000000000e+01
1.680080658064756155e+09,1.623600000000000000e+04,2.640000000000000000e+02,3.960000000000000000e+02,-6.580000000000000000e+02,3.800000000000000000e+01,1.000000000000000000e+01
1.680080658066068888e+09,1.624400000000000000e+04,3.360000000000000000e+02,3.960000000000000000e+02,-6.350000000000000000e+02,5.000000000000000000e+01,2.200000000000000000e+01
1.680080658068851471e+09,1.622400000000000000e+04,3.920000000000000000e+02,3.360000000000000000e+02,-6.310000000000000000e+02,2.100000000000000000e+01,4.300000000000000000e+01
1.680080658070413828e+09,1.618400000000000000e+04,3.200000000000000000e+02,2.880000000000000000e+02,-6.360000000000000000e+02,7.400000000000000000e+01,2.300000000000000000e+01
1.680080658073258638e+09,1.620800000000000000e+04,3.840000000000000000e+02,2.240000000000000000e+02,-6.580000000000000000e+02,3.500000000000000000e+01,5.800000000000000000e+01
1.680080658074676991e+09,1.622800000000000000e+04,3.000000000000000000e+02,2.600000000000000000e+02,-6.190000000000000000e+02,1.500000000000000000e+01,4.300000000000000000e+01
1.680080658077475309e+09,1.615600000000000000e+04,2.800000000000000000e+02,2.640000000000000000e+02,-6.490000000000000000e+02,9.000000000000000000e+00,3.600000000000000000e+01
1.680080658079168797e+09,1.615600000000000000e+04,2.040000000000000000e+02,3.160000000000000000e+02,-6.140000000000000000e+02,5.500000000000000000e+01,4.700000000000000000e+01
1.680080658082047939e+09,1.609600000000000000e+04,2.880000000000000000e+02,3.800000000000000000e+02,-6.570000000000000000e+02,5.100000000000000000e+01,2.800000000000000000e+01
1.680080658083421946e+09,1.614400000000000000e+04,3.120000000000000000e+02,3.600000000000000000e+02,-6.060000000000000000e+02,4.400000000000000000e+01,3.100000000000000000e+01
1.680080658086103916e+09,1.617200000000000000e+04,3.760000000000000000e+02,3.000000000000000000e+02,-6.320000000000000000e+02,5.600000000000000000e+01,2.200000000000000000e+01
1.680080658087533474e+09,1.622000000000000000e+04,2.760000000000000000e+02,4.600000000000000000e+02,-6.540000000000000000e+02,2.900000000000000000e+01,3.200000000000000000e+01
1.680080658090378523e+09,1.616400000000000000e+04,3.120000000000000000e+02,4.240000000000000000e+02,-6.500000000000000000e+02,4.100000000000000000e+01,3.200000000000000000e+01
1.680080658092132807e+09,1.611200000000000000e+04,1.720000000000000000e+02,3.600000000000000000e+02,-6.620000000000000000e+02,3.800000000000000000e+01,5.500000000000000000e+01
1.680080658094854116e+09,1.625200000000000000e+04,4.080000000000000000e+02,4.040000000000000000e+02,-6.260000000000000000e+02,5.200000000000000000e+01,3.900000000000000000e+01
1.680080658096640825e+09,1.610000000000000000e+04,2.760000000000000000e+02,3.160000000000000000e+02,-6.600000000000000000e+02,4.900000000000000000e+01,4.500000000000000000e+01
1.680080658099461079e+09,1.619200000000000000e+04,2.160000000000000000e+02,3.400000000000000000e+02,-6.470000000000000000e+02,4.300000000000000000e+01,3.700000000000000000e+01
1.680080658100772619e+09,1.616000000000000000e+04,2.160000000000000000e+02,2.560000000000000000e+02,-6.210000000000000000e+02,4.700000000000000000e+01,1.900000000000000000e+01
1.680080658103456497e+09,1.617600000000000000e+04,2.480000000000000000e+02,2.800000000000000000e+02,-6.290000000000000000e+02,5.500000000000000000e+01,3.900000000000000000e+01
1.680080658104949713e+09,1.615600000000000000e+04,2.920000000000000000e+02,2.720000000000000000e+02,-6.010000000000000000e+02,3.100000000000000000e+01,5.400000000000000000e+01
1.680080658107740164e+09,1.606400000000000000e+04,2.120000000000000000e+02,4.080000000000000000e+02,-6.400000000000000000e+02,4.300000000000000000e+01,2.100000000000000000e+01
1.680080658109157324e+09,1.614400000000000000e+04,3.480000000000000000e+02,4.120000000000000000e+02,-5.960000000000000000e+02,5.900000000000000000e+01,4.000000000000000000e+00
1.680080658111826181e+09,1.610000000000000000e+04,3.000000000000000000e+02,2.080000000000000000e+02,-6.590000000000000000e+02,4.300000000000000000e+01,4.300000000000000000e+01
1.680080658113333225e+09,1.634000000000000000e+04,4.200000000000000000e+02,3.560000000000000000e+02,-6.180000000000000000e+02,5.200000000000000000e+01,5.700000000000000000e+01
1.680080658116363049e+09,1.613200000000000000e+04,2.800000000000000000e+02,2.920000000000000000e+02,-6.580000000000000000e+02,4.600000000000000000e+01,3.800000000000000000e+01
1.680080658117724657e+09,1.622800000000000000e+04,1.640000000000000000e+02,2.720000000000000000e+02,-6.460000000000000000e+02,5.600000000000000000e+01,1.400000000000000000e+01
1.680080658120668411e+09,1.614000000000000000e+04,2.680000000000000000e+02,3.840000000000000000e+02,-6.050000000000000000e+02,3.600000000000000000e+01,1.800000000000000000e+01
1.680080658122106075e+09,1.619600000000000000e+04,3.160000000000000000e+02,2.360000000000000000e+02,-6.560000000000000000e+02,4.500000000000000000e+01,3.100000000000000000e+01
1.680080658124832630e+09,1.615200000000000000e+04,3.520000000000000000e+02,3.120000000000000000e+02,-6.240000000000000000e+02,6.300000000000000000e+01,2.500000000000000000e+01
1.680080658126473188e+09,1.608800000000000000e+04,2.960000000000000000e+02,2.480000000000000000e+02,-6.350000000000000000e+02,3.000000000000000000e+01,4.800000000000000000e+01
1.680080658129508495e+09,1.608000000000000000e+04,2.720000000000000000e+02,3.400000000000000000e+02,-6.670000000000000000e+02,4.100000000000000000e+01,4.200000000000000000e+01
1.680080658130875826e+09,1.617200000000000000e+04,3.320000000000000000e+02,3.800000000000000000e+02,-6.360000000000000000e+02,1.300000000000000000e+01,1.900000000000000000e+01
1.680080658133873701e+09,1.613200000000000000e+04,2.520000000000000000e+02,3.480000000000000000e+02,-6.810000000000000000e+02,5.000000000000000000e+01,4.000000000000000000e+01
1.680080658135333061e+09,1.619200000000000000e+04,3.160000000000000000e+02,3.680000000000000000e+02,-6.240000000000000000e+02,1.500000000000000000e+01,4.200000000000000000e+01
1.680080658138226509e+09,1.618000000000000000e+04,3.040000000000000000e+02,2.920000000000000000e+02,-6.730000000000000000e+02,4.800000000000000000e+01,3.400000000000000000e+01
1.680080658139531851e+09,1.613600000000000000e+04,3.880000000000000000e+02,2.480000000000000000e+02,-5.970000000000000000e+02,1.900000000000000000e+01,4.400000000000000000e+01
1.680080658142472267e+09,1.626000000000000000e+04,2.760000000000000000e+02,3.400000000000000000e+02,-6.620000000000000000e+02,8.100000000000000000e+01,5.200000000000000000e+01
1.680080658144286871e+09,1.624400000000000000e+04,3.480000000000000000e+02,3.880000000000000000e+02,-6.540000000000000000e+02,4.300000000000000000e+01,1.600000000000000000e+01
1.680080658147360563e+09,1.608400000000000000e+04,2.640000000000000000e+02,2.480000000000000000e+02,-6.230000000000000000e+02,5.300000000000000000e+01,3.000000000000000000e+01
1.680080658149210930e+09,1.615200000000000000e+04,2.960000000000000000e+02,2.720000000000000000e+02,-6.640000000000000000e+02,5.300000000000000000e+01,3.300000000000000000e+01
1.680080658151906252e+09,1.613600000000000000e+04,2.920000000000000000e+02,2.800000000000000000e+02,-6.420000000000000000e+02,4.700000000000000000e+01,2.800000000000000000e+01
1.680080658153231382e+09,1.625600000000000000e+04,2.680000000000000000e+02,3.280000000000000000e+02,-6.380000000000000000e+02,5.300000000000000000e+01,2.900000000000000000e+01
1.680080658156259060e+09,1.613600000000000000e+04,2.840000000000000000e+02,4.320000000000000000e+02,-6.450000000000000000e+02,4.100000000000000000e+01,2.900000000000000000e+01
1.680080658157735586e+09,1.617600000000000000e+04,3.720000000000000000e+02,2.840000000000000000e+02,-6.370000000000000000e+02,4.200000000000000000e+01,2.500000000000000000e+01
1.680080658160940886e+09,1.621200000000000000e+04,2.240000000000000000e+02,2.160000000000000000e+02,-6.580000000000000000e+02,4.200000000000000000e+01,5.000000000000000000e+01
1.680080658162488937e+09,1.618000000000000000e+04,1.960000000000000000e+02,2.280000000000000000e+02,-6.330000000000000000e+02,3.800000000000000000e+01,3.500000000000000000e+01
1.680080658165345192e+09,1.614400000000000000e+04,2.440000000000000000e+02,2.800000000000000000e+02,-6.130000000000000000e+02,5.100000000000000000e+01,2.200000000000000000e+01
1.680080658166973352e+09,1.624000000000000000e+04,3.600000000000000000e+02,4.080000000000000000e+02,-6.130000000000000000e+02,2.300000000000000000e+01,2.500000000000000000e+01
1.680080658169752598e+09,1.614800000000000000e+04,3.040000000000000000e+02,2.520000000000000000e+02,-6.430000000000000000e+02,5.700000000000000000e+01,1.100000000000000000e+01
1.680080658171262026e+09,1.615600000000000000e+04,2.800000000000000000e+02,3.280000000000000000e+02,-7.010000000000000000e+02,3.900000000000000000e+01,3.400000000000000000e+01
1.680080658173943996e+09,1.616400000000000000e+04,2.680000000000000000e+02,3.160000000000000000e+02,-6.160000000000000000e+02,4.000000000000000000e+01,5.700000000000000000e+01
1.680080658175727606e+09,1.618800000000000000e+04,3.120000000000000000e+02,3.320000000000000000e+02,-6.660000000000000000e+02,8.000000000000000000e+00,3.400000000000000000e+01
1.680080658178673744e+09,1.628000000000000000e+04,2.840000000000000000e+02,2.760000000000000000e+02,-6.350000000000000000e+02,5.400000000000000000e+01,4.300000000000000000e+01
1.680080658180118561e+09,1.630400000000000000e+04,2.440000000000000000e+02,3.680000000000000000e+02,-6.400000000000000000e+02,6.300000000000000000e+01,6.000000000000000000e+01
1.680080658182820082e+09,1.621600000000000000e+04,2.160000000000000000e+02,3.400000000000000000e+02,-6.490000000000000000e+02,5.000000000000000000e+01,3.200000000000000000e+01
1.680080658184423685e+09,1.613600000000000000e+04,3.560000000000000000e+02,2.840000000000000000e+02,-6.400000000000000000e+02,6.500000000000000000e+01,2.400000000000000000e+01
1.680080658187441587e+09,1.619600000000000000e+04,3.320000000000000000e+02,3.080000000000000000e+02,-6.190000000000000000e+02,2.600000000000000000e+01,6.000000000000000000e+00
1.680080658189056873e+09,1.614400000000000000e+04,3.240000000000000000e+02,5.160000000000000000e+02,-6.290000000000000000e+02,5.200000000000000000e+01,1.700000000000000000e+01
1.680080658191813469e+09,1.616400000000000000e+04,3.120000000000000000e+02,3.160000000000000000e+02,-6.390000000000000000e+02,3.000000000000000000e+01,5.000000000000000000e+01
1.680080658193122625e+09,1.611200000000000000e+04,3.560000000000000000e+02,3.040000000000000000e+02,-6.230000000000000000e+02,5.300000000000000000e+01,3.500000000000000000e+01
1.680080658196041107e+09,1.621600000000000000e+04,3.640000000000000000e+02,3.520000000000000000e+02,-6.280000000000000000e+02,2.700000000000000000e+01,2.200000000000000000e+01
1.680080658197643757e+09,1.622000000000000000e+04,3.160000000000000000e+02,3.600000000000000000e+02,-6.770000000000000000e+02,4.600000000000000000e+01,2.900000000000000000e+01
1.680080658200477600e+09,1.615600000000000000e+04,3.800000000000000000e+02,3.280000000000000000e+02,-6.360000000000000000e+02,6.800000000000000000e+01,4.200000000000000000e+01
1.680080658201937437e+09,1.619200000000000000e+04,3.000000000000000000e+02,1.880000000000000000e+02,-6.570000000000000000e+02,6.500000000000000000e+01,9.000000000000000000e+00
1.680080658204735279e+09,1.620400000000000000e+04,2.760000000000000000e+02,3.640000000000000000e+02,-6.440000000000000000e+02,4.100000000000000000e+01,4.600000000000000000e+01
1.680080658206041813e+09,1.620800000000000000e+04,2.600000000000000000e+02,3.160000000000000000e+02,-6.710000000000000000e+02,3.500000000000000000e+01,3.600000000000000000e+01
1.680080658208795309e+09,1.618000000000000000e+04,2.840000000000000000e+02,3.760000000000000000e+02,-6.490000000000000000e+02,5.400000000000000000e+01,2.200000000000000000e+01
1.680080658210084915e+09,1.618000000000000000e+04,2.920000000000000000e+02,3.280000000000000000e+02,-6.310000000000000000e+02,5.100000000000000000e+01,-1.000000000000000000e+00
1.680080658212830305e+09,1.617600000000000000e+04,3.080000000000000000e+02,2.400000000000000000e+02,-6.290000000000000000e+02,6.000000000000000000e+00,4.200000000000000000e+01
1.680080658214393377e+09,1.612800000000000000e+04,2.720000000000000000e+02,2.560000000000000000e+02,-6.240000000000000000e+02,2.700000000000000000e+01,5.000000000000000000e+01
1.680080658217148304e+09,1.624800000000000000e+04,2.840000000000000000e+02,3.320000000000000000e+02,-6.160000000000000000e+02,5.400000000000000000e+01,4.700000000000000000e+01
1.680080658218675613e+09,1.620800000000000000e+04,3.320000000000000000e+02,2.320000000000000000e+02,-6.620000000000000000e+02,1.100000000000000000e+01,2.300000000000000000e+01
1.680080658221438885e+09,1.622800000000000000e+04,4.240000000000000000e+02,3.160000000000000000e+02,-6.410000000000000000e+02,8.000000000000000000e+01,2.400000000000000000e+01
1.680080658222754240e+09,1.616000000000000000e+04,2.920000000000000000e+02,1.920000000000000000e+02,-6.920000000000000000e+02,5.400000000000000000e+01,2.300000000000000000e+01
1.680080658225634098e+09,1.613600000000000000e+04,2.600000000000000000e+02,3.520000000000000000e+02,-6.230000000000000000e+02,3.000000000000000000e+01,2.000000000000000000e+01
1.680080658226917267e+09,1.604400000000000000e+04,3.920000000000000000e+02,2.280000000000000000e+02,-6.780000000000000000e+02,4.200000000000000000e+01,1.900000000000000000e+01
1.680080658229956865e+09,1.607600000000000000e+04,3.360000000000000000e+02,3.480000000000000000e+02,-6.380000000000000000e+02,3.200000000000000000e+01,5.300000000000000000e+01
1.680080658231219053e+09,1.614800000000000000e+04,3.000000000000000000e+02,3.440000000000000000e+02,-6.400000000000000000e+02,6.000000000000000000e+01,5.300000000000000000e+01
1.680080658233967066e+09,1.615600000000000000e+04,2.600000000000000000e+02,4.240000000000000000e+02,-6.440000000000000000e+02,4.600000000000000000e+01,2.800000000000000000e+01
1.680080658235443354e+09,1.613200000000000000e+04,3.080000000000000000e+02,3.000000000000000000e+02,-6.270000000000000000e+02,4.800000000000000000e+01,5.600000000000000000e+01
1.680080658238430023e+09,1.629600000000000000e+04,3.440000000000000000e+02,2.240000000000000000e+02,-6.480000000000000000e+02,4.300000000000000000e+01,1.900000000000000000e+01
1.680080658239856482e+09,1.614400000000000000e+04,3.560000000000000000e+02,2.800000000000000000e+02,-6.200000000000000000e+02,5.200000000000000000e+01,2.700000000000000000e+01
1.680080658242637396e+09,1.618800000000000000e+04,3.440000000000000000e+02,1.840000000000000000e+02,-6.130000000000000000e+02,5.000000000000000000e+01,2.500000000000000000e+01
1.680080658244072914e+09,1.619600000000000000e+04,3.720000000000000000e+02,3.520000000000000000e+02,-6.600000000000000000e+02,7.200000000000000000e+01,2.500000000000000000e+01
1.680080658246932030e+09,1.622000000000000000e+04,3.360000000000000000e+02,2.720000000000000000e+02,-6.510000000000000000e+02,5.500000000000000000e+01,4.000000000000000000e+01
1.680080658248252869e+09,1.617600000000000000e+04,3.320000000000000000e+02,3.680000000000000000e+02,-6.610000000000000000e+02,1.900000000000000000e+01,2.400000000000000000e+01
1.680080658250953674e+09,1.612000000000000000e+04,2.800000000000000000e+02,4.120000000000000000e+02,-6.360000000000000000e+02,6.700000000000000000e+01,1.000000000000000000e+01
1.680080658252351046e+09,1.615600000000000000e+04,2.200000000000000000e+02,3.000000000000000000e+02,-6.470000000000000000e+02,4.200000000000000000e+01,2.500000000000000000e+01
1.680080658254973650e+09,1.610800000000000000e+04,2.960000000000000000e+02,4.320000000000000000e+02,-6.510000000000000000e+02,3.400000000000000000e+01,4.000000000000000000e+01
1.680080658256462097e+09,1.619600000000000000e+04,2.360000000000000000e+02,4.200000000000000000e+02,-6.270000000000000000e+02,6.100000000000000000e+01,4.600000000000000000e+01
1.680080658259512424e+09,1.628000000000000000e+04,2.920000000000000000e+02,4.640000000000000000e+02,-6.430000000000000000e+02,5.200000000000000000e+01,2.900000000000000000e+01
1.680080658260823965e+09,1.622400000000000000e+04,3.280000000000000000e+02,2.840000000000000000e+02,-6.460000000000000000e+02,4.300000000000000000e+01,1.100000000000000000e+01
1.680080658263720751e+09,1.616000000000000000e+04,3.840000000000000000e+02,2.960000000000000000e+02,-6.400000000000000000e+02,5.000000000000000000e+00,2.700000000000000000e+01
1.680080658265157223e+09,1.619600000000000000e+04,3.600000000000000000e+02,3.920000000000000000e+02,-6.260000000000000000e+02,6.500000000000000000e+01,-9.000000000000000000e+00
1.680080658268155098e+09,1.621200000000000000e+04,3.120000000000000000e+02,3.200000000000000000e+02,-6.480000000000000000e+02,6.200000000000000000e+01,5.000000000000000000e+00
1.680080658269474983e+09,1.608800000000000000e+04,3.120000000000000000e+02,5.200000000000000000e+02,-6.630000000000000000e+02,6.100000000000000000e+01,4.600000000000000000e+01
1.680080658272272348e+09,1.614400000000000000e+04,3.160000000000000000e+02,4.480000000000000000e+02,-6.560000000000000000e+02,5.000000000000000000e+01,3.900000000000000000e+01
1.680080658273945332e+09,1.611200000000000000e+04,3.640000000000000000e+02,4.080000000000000000e+02,-6.400000000000000000e+02,5.300000000000000000e+01,2.200000000000000000e+01
1.680080658276890278e+09,1.612800000000000000e+04,3.240000000000000000e+02,3.520000000000000000e+02,-6.100000000000000000e+02,3.300000000000000000e+01,5.600000000000000000e+01
1.680080658278350115e+09,1.609600000000000000e+04,3.040000000000000000e+02,4.000000000000000000e+02,-6.580000000000000000e+02,2.800000000000000000e+01,5.700000000000000000e+01
1.680080658281212330e+09,1.618800000000000000e+04,2.680000000000000000e+02,2.840000000000000000e+02,-6.280000000000000000e+02,5.000000000000000000e+01,4.300000000000000000e+01
1.680080658282605886e+09,1.612000000000000000e+04,1.800000000000000000e+02,2.360000000000000000e+02,-6.600000000000000000e+02,6.400000000000000000e+01,3.000000000000000000e+01
1.680080658285608292e+09,1.619600000000000000e+04,3.360000000000000000e+02,4.240000000000000000e+02,-6.660000000000000000e+02,1.400000000000000000e+01,3.500000000000000000e+01
1.680080658287223101e+09,1.602400000000000000e+04,2.680000000000000000e+02,4.040000000000000000e+02,-5.930000000000000000e+02,3.300000000000000000e+01,3.200000000000000000e+01
1.680080658289973736e+09,1.618400000000000000e+04,2.480000000000000000e+02,2.080000000000000000e+02,-6.870000000000000000e+02,6.000000000000000000e+00,3.500000000000000000e+01
1.680080658291418791e+09,1.611600000000000000e+04,2.440000000000000000e+02,3.240000000000000000e+02,-6.190000000000000000e+02,2.800000000000000000e+01,3.500000000000000000e+01
1.680080658294170141e+09,1.627600000000000000e+04,2.240000000000000000e+02,3.440000000000000000e+02,-6.740000000000000000e+02,2.100000000000000000e+01,5.800000000000000000e+01
1.680080658295961618e+09,1.619200000000000000e+04,3.520000000000000000e+02,4.440000000000000000e+02,-6.040000000000000000e+02,3.300000000000000000e+01,4.300000000000000000e+01
1.680080658298828840e+09,1.613200000000000000e+04,3.760000000000000000e+02,2.200000000000000000e+02,-6.680000000000000000e+02,2.800000000000000000e+01,3.400000000000000000e+01
1.680080658300065756e+09,1.622000000000000000e+04,3.280000000000000000e+02,2.960000000000000000e+02,-6.230000000000000000e+02,4.300000000000000000e+01,3.500000000000000000e+01
1.680080658302836895e+09,1.615200000000000000e+04,2.360000000000000000e+02,3.600000000000000000e+02,-6.490000000000000000e+02,2.400000000000000000e+01,3.800000000000000000e+01
1.680080658304133415e+09,1.612400000000000000e+04,2.880000000000000000e+02,1.280000000000000000e+02,-6.060000000000000000e+02,4.700000000000000000e+01,3.400000000000000000e+01
1.680080658306945086e+09,1.615200000000000000e+04,2.920000000000000000e+02,3.200000000000000000e+02,-6.290000000000000000e+02,4.600000000000000000e+01,3.600000000000000000e+01
1.680080658308291435e+09,1.610800000000000000e+04,2.560000000000000000e+02,4.080000000000000000e+02,-6.520000000000000000e+02,6.000000000000000000e+01,2.400000000000000000e+01
1.680080658311070919e+09,1.614000000000000000e+04,2.720000000000000000e+02,3.480000000000000000e+02,-6.470000000000000000e+02,6.000000000000000000e+01,1.900000000000000000e+01
1.680080658312673807e+09,1.621200000000000000e+04,3.760000000000000000e+02,3.080000000000000000e+02,-6.320000000000000000e+02,4.600000000000000000e+01,3.700000000000000000e+01
1.680080658315701962e+09,1.612400000000000000e+04,2.240000000000000000e+02,2.480000000000000000e+02,-6.360000000000000000e+02,3.200000000000000000e+01,-5.000000000000000000e+00
1.680080658317285538e+09,1.613600000000000000e+04,2.600000000000000000e+02,3.760000000000000000e+02,-6.060000000000000000e+02,3.800000000000000000e+01,3.200000000000000000e+01
1.680080658320024729e+09,1.613200000000000000e+04,2.720000000000000000e+02,3.560000000000000000e+02,-6.070000000000000000e+02,2.300000000000000000e+01,3.600000000000000000e+01
1.680080658321561098e+09,1.612000000000000000e+04,2.920000000000000000e+02,3.120000000000000000e+02,-6.580000000000000000e+02,5.900000000000000000e+01,-1.000000000000000000e+00
1.680080658324583769e+09,1.614400000000000000e+04,3.480000000000000000e+02,3.000000000000000000e+02,-6.030000000000000000e+02,3.100000000000000000e+01,2.400000000000000000e+01
1.680080658325896502e+09,1.620000000000000000e+04,2.720000000000000000e+02,3.000000000000000000e+02,-6.370000000000000000e+02,5.000000000000000000e+01,1.600000000000000000e+01
1.680080658328695774e+09,1.623200000000000000e+04,3.080000000000000000e+02,3.520000000000000000e+02,-6.470000000000000000e+02,3.800000000000000000e+01,4.200000000000000000e+01
1.680080658330155373e+09,1.612400000000000000e+04,3.760000000000000000e+02,2.400000000000000000e+02,-6.210000000000000000e+02,3.200000000000000000e+01,3.200000000000000000e+01
1.680080658333045483e+09,1.622800000000000000e+04,2.560000000000000000e+02,3.400000000000000000e+02,-6.490000000000000000e+02,4.800000000000000000e+01,2.300000000000000000e+01
1.680080658334626675e+09,1.624800000000000000e+04,2.760000000000000000e+02,3.560000000000000000e+02,-6.340000000000000000e+02,4.100000000000000000e+01,4.100000000000000000e+01
1.680080658337517023e+09,1.620800000000000000e+04,2.840000000000000000e+02,3.480000000000000000e+02,-6.250000000000000000e+02,5.400000000000000000e+01,4.500000000000000000e+01
1.680080658338968515e+09,1.626800000000000000e+04,2.760000000000000000e+02,2.360000000000000000e+02,-6.470000000000000000e+02,5.400000000000000000e+01,2.600000000000000000e+01
1.680080658341763258e+09,1.610400000000000000e+04,3.720000000000000000e+02,2.880000000000000000e+02,-6.360000000000000000e+02,3.000000000000000000e+01,4.700000000000000000e+01
1.680080658343192816e+09,1.621600000000000000e+04,2.960000000000000000e+02,2.680000000000000000e+02,-6.780000000000000000e+02,3.400000000000000000e+01,3.000000000000000000e+01
1.680080658346167088e+09,1.632400000000000000e+04,3.280000000000000000e+02,2.600000000000000000e+02,-6.280000000000000000e+02,2.200000000000000000e+01,2.600000000000000000e+01
1.680080658347722054e+09,1.626400000000000000e+04,3.600000000000000000e+02,3.280000000000000000e+02,-6.140000000000000000e+02,6.600000000000000000e+01,5.000000000000000000e+01
1.680080658350694180e+09,1.625600000000000000e+04,3.840000000000000000e+02,2.640000000000000000e+02,-6.340000000000000000e+02,3.400000000000000000e+01,4.000000000000000000e+01
1.680080658352275133e+09,1.628800000000000000e+04,4.000000000000000000e+02,2.520000000000000000e+02,-6.690000000000000000e+02,7.900000000000000000e+01,2.600000000000000000e+01
1.680080658355321407e+09,1.616000000000000000e+04,3.360000000000000000e+02,2.240000000000000000e+02,-5.980000000000000000e+02,5.800000000000000000e+01,5.400000000000000000e+01
1.680080658356635094e+09,1.617600000000000000e+04,2.880000000000000000e+02,3.520000000000000000e+02,-6.450000000000000000e+02,6.500000000000000000e+01,3.500000000000000000e+01
1.680080658359545708e+09,1.615200000000000000e+04,2.880000000000000000e+02,3.640000000000000000e+02,-5.970000000000000000e+02,6.000000000000000000e+01,3.900000000000000000e+01
1.680080658360916138e+09,1.622000000000000000e+04,3.320000000000000000e+02,3.680000000000000000e+02,-6.490000000000000000e+02,6.900000000000000000e+01,4.300000000000000000e+01
1.680080658363928318e+09,1.616400000000000000e+04,2.520000000000000000e+02,4.240000000000000000e+02,-6.300000000000000000e+02,5.200000000000000000e+01,2.400000000000000000e+01
1.680080658365433693e+09,1.620000000000000000e+04,3.120000000000000000e+02,3.600000000000000000e+02,-6.370000000000000000e+02,2.000000000000000000e+01,2.200000000000000000e+01
1.680080658368323565e+09,1.623600000000000000e+04,3.120000000000000000e+02,3.120000000000000000e+02,-6.570000000000000000e+02,5.700000000000000000e+01,4.200000000000000000e+01
1.680080658369757891e+09,1.620800000000000000e+04,3.640000000000000000e+02,2.600000000000000000e+02,-6.410000000000000000e+02,1.000000000000000000e+01,2.000000000000000000e+01
1.680080658372600317e+09,1.626400000000000000e+04,2.400000000000000000e+02,2.840000000000000000e+02,-6.480000000000000000e+02,5.800000000000000000e+01,4.500000000000000000e+01
1.680080658373908997e+09,1.624000000000000000e+04,3.400000000000000000e+02,4.200000000000000000e+02,-6.450000000000000000e+02,2.600000000000000000e+01,3.500000000000000000e+01
1.680080658376830578e+09,1.614800000000000000e+04,2.680000000000000000e+02,2.240000000000000000e+02,-6.430000000000000000e+02,4.600000000000000000e+01,9.000000000000000000e+00
1.680080658378557205e+09,1.618000000000000000e+04,3.440000000000000000e+02,3.200000000000000000e+02,-6.340000000000000000e+02,5.000000000000000000e+01,3.400000000000000000e+01
1.680080658381431580e+09,1.620000000000000000e+04,3.600000000000000000e+02,3.360000000000000000e+02,-6.100000000000000000e+02,5.100000000000000000e+01,3.100000000000000000e+01
1.680080658382816315e+09,1.610000000000000000e+04,3.160000000000000000e+02,4.040000000000000000e+02,-6.530000000000000000e+02,3.700000000000000000e+01,1.500000000000000000e+01
1.680080658385773420e+09,1.597600000000000000e+04,4.000000000000000000e+02,3.440000000000000000e+02,-6.570000000000000000e+02,8.600000000000000000e+01,5.600000000000000000e+01
1.680080658387326717e+09,1.613200000000000000e+04,3.120000000000000000e+02,3.400000000000000000e+02,-6.650000000000000000e+02,2.400000000000000000e+01,4.400000000000000000e+01
1.680080658390137434e+09,1.614800000000000000e+04,3.680000000000000000e+02,3.520000000000000000e+02,-6.570000000000000000e+02,5.600000000000000000e+01,3.800000000000000000e+01
1.680080658391968727e+09,1.617600000000000000e+04,2.560000000000000000e+02,2.840000000000000000e+02,-6.140000000000000000e+02,5.400000000000000000e+01,3.400000000000000000e+01
1.680080658394870520e+09,1.625200000000000000e+04,3.120000000000000000e+02,4.360000000000000000e+02,-6.330000000000000000e+02,5.500000000000000000e+01,3.300000000000000000e+01
1.680080658396384716e+09,1.623600000000000000e+04,3.520000000000000000e+02,4.000000000000000000e+02,-6.510000000000000000e+02,3.900000000000000000e+01,3.800000000000000000e+01
1.680080658399155140e+09,1.619600000000000000e+04,4.200000000000000000e+02,3.720000000000000000e+02,-6.150000000000000000e+02,3.300000000000000000e+01,2.100000000000000000e+01
1.680080658400444508e+09,1.621200000000000000e+04,3.800000000000000000e+02,2.520000000000000000e+02,-6.550000000000000000e+02,5.600000000000000000e+01,2.300000000000000000e+01
1.680080658403549433e+09,1.616000000000000000e+04,2.240000000000000000e+02,2.360000000000000000e+02,-5.850000000000000000e+02,5.800000000000000000e+01,5.000000000000000000e+01
1.680080658405065536e+09,1.614400000000000000e+04,2.400000000000000000e+02,1.360000000000000000e+02,-6.650000000000000000e+02,6.400000000000000000e+01,4.400000000000000000e+01
1.680080658407886028e+09,1.622000000000000000e+04,3.440000000000000000e+02,1.920000000000000000e+02,-6.390000000000000000e+02,5.600000000000000000e+01,4.700000000000000000e+01
1.680080658409392357e+09,1.623200000000000000e+04,2.880000000000000000e+02,2.520000000000000000e+02,-6.310000000000000000e+02,5.000000000000000000e+01,2.100000000000000000e+01
1.680080658412178278e+09,1.611600000000000000e+04,3.040000000000000000e+02,4.040000000000000000e+02,-6.320000000000000000e+02,5.300000000000000000e+01,1.700000000000000000e+01
1.680080658413649321e+09,1.609600000000000000e+04,2.800000000000000000e+02,3.680000000000000000e+02,-6.370000000000000000e+02,4.400000000000000000e+01,2.900000000000000000e+01
1.680080658416889906e+09,1.630800000000000000e+04,2.600000000000000000e+02,2.480000000000000000e+02,-6.520000000000000000e+02,2.300000000000000000e+01,3.900000000000000000e+01
1.680080658418453693e+09,1.623200000000000000e+04,2.960000000000000000e+02,3.680000000000000000e+02,-6.380000000000000000e+02,5.500000000000000000e+01,1.500000000000000000e+01
1.680080658421197414e+09,1.625200000000000000e+04,3.360000000000000000e+02,4.200000000000000000e+02,-6.250000000000000000e+02,1.600000000000000000e+01,2.900000000000000000e+01
1.680080658422616482e+09,1.619600000000000000e+04,3.440000000000000000e+02,2.800000000000000000e+02,-5.970000000000000000e+02,3.900000000000000000e+01,5.400000000000000000e+01
1.680080658425460815e+09,1.602800000000000000e+04,2.480000000000000000e+02,3.240000000000000000e+02,-6.150000000000000000e+02,4.900000000000000000e+01,3.500000000000000000e+01
1.680080658426965475e+09,1.615200000000000000e+04,2.920000000000000000e+02,2.120000000000000000e+02,-6.320000000000000000e+02,5.800000000000000000e+01,4.800000000000000000e+01
1.680080658429790258e+09,1.618800000000000000e+04,2.360000000000000000e+02,3.000000000000000000e+02,-6.390000000000000000e+02,4.200000000000000000e+01,2.900000000000000000e+01
1.680080658431285143e+09,1.618000000000000000e+04,3.000000000000000000e+02,5.040000000000000000e+02,-6.410000000000000000e+02,3.800000000000000000e+01,2.000000000000000000e+00
1.680080658434142828e+09,1.626400000000000000e+04,3.000000000000000000e+02,5.080000000000000000e+02,-6.590000000000000000e+02,1.600000000000000000e+01,4.200000000000000000e+01
1.680080658435370922e+09,1.622800000000000000e+04,3.520000000000000000e+02,4.240000000000000000e+02,-6.170000000000000000e+02,2.300000000000000000e+01,6.200000000000000000e+01
1.680080658438247442e+09,1.622000000000000000e+04,2.120000000000000000e+02,2.520000000000000000e+02,-6.670000000000000000e+02,5.200000000000000000e+01,2.300000000000000000e+01
1.680080658439765930e+09,1.626400000000000000e+04,3.000000000000000000e+02,3.880000000000000000e+02,-6.150000000000000000e+02,6.200000000000000000e+01,3.500000000000000000e+01
1.680080658443077803e+09,1.616800000000000000e+04,2.880000000000000000e+02,2.840000000000000000e+02,-6.360000000000000000e+02,3.700000000000000000e+01,2.600000000000000000e+01
1.680080658444515467e+09,1.619600000000000000e+04,3.600000000000000000e+02,1.440000000000000000e+02,-6.320000000000000000e+02,6.000000000000000000e+01,3.600000000000000000e+01
1.680080658447315931e+09,1.623200000000000000e+04,3.600000000000000000e+02,4.560000000000000000e+02,-6.600000000000000000e+02,4.300000000000000000e+01,2.600000000000000000e+01
1.680080658448723793e+09,1.618800000000000000e+04,2.160000000000000000e+02,4.360000000000000000e+02,-6.280000000000000000e+02,4.200000000000000000e+01,2.100000000000000000e+01
1.680080658451418877e+09,1.611200000000000000e+04,3.080000000000000000e+02,4.640000000000000000e+02,-6.100000000000000000e+02,6.100000000000000000e+01,4.200000000000000000e+01
1.680080658452975512e+09,1.612800000000000000e+04,2.680000000000000000e+02,4.640000000000000000e+02,-6.290000000000000000e+02,6.200000000000000000e+01,3.100000000000000000e+01
1.680080658455950737e+09,1.617200000000000000e+04,2.480000000000000000e+02,3.520000000000000000e+02,-6.440000000000000000e+02,3.600000000000000000e+01,5.700000000000000000e+01
1.680080658457333088e+09,1.613200000000000000e+04,2.960000000000000000e+02,3.240000000000000000e+02,-6.580000000000000000e+02,5.800000000000000000e+01,5.200000000000000000e+01
1.680080658460271120e+09,1.624000000000000000e+04,3.400000000000000000e+02,3.440000000000000000e+02,-6.280000000000000000e+02,4.500000000000000000e+01,1.300000000000000000e+01
1.680080658461623907e+09,1.613600000000000000e+04,3.160000000000000000e+02,2.800000000000000000e+02,-6.210000000000000000e+02,5.300000000000000000e+01,2.800000000000000000e+01
1.680080658464653492e+09,1.614800000000000000e+04,3.440000000000000000e+02,3.480000000000000000e+02,-6.470000000000000000e+02,2.800000000000000000e+01,1.000000000000000000e+00
1.680080658466166735e+09,1.619600000000000000e+04,3.280000000000000000e+02,3.240000000000000000e+02,-6.260000000000000000e+02,6.000000000000000000e+01,7.200000000000000000e+01
1.680080658469179153e+09,1.612000000000000000e+04,3.040000000000000000e+02,2.720000000000000000e+02,-6.320000000000000000e+02,5.300000000000000000e+01,3.700000000000000000e+01
1.680080658470502853e+09,1.617600000000000000e+04,3.920000000000000000e+02,2.160000000000000000e+02,-6.660000000000000000e+02,3.500000000000000000e+01,4.000000000000000000e+01
1.680080658475557327e+09,1.622000000000000000e+04,2.440000000000000000e+02,3.320000000000000000e+02,-6.310000000000000000e+02,3.500000000000000000e+01,5.100000000000000000e+01
1.680080658477382660e+09,1.626000000000000000e+04,2.240000000000000000e+02,4.600000000000000000e+02,-6.480000000000000000e+02,5.600000000000000000e+01,6.100000000000000000e+01
1.680080658480582476e+09,1.619200000000000000e+04,3.360000000000000000e+02,4.240000000000000000e+02,-6.120000000000000000e+02,4.500000000000000000e+01,4.700000000000000000e+01
1.680080658482093573e+09,1.620400000000000000e+04,3.560000000000000000e+02,2.960000000000000000e+02,-6.540000000000000000e+02,5.800000000000000000e+01,1.400000000000000000e+01
1.680080658485562325e+09,1.607200000000000000e+04,2.720000000000000000e+02,3.080000000000000000e+02,-6.440000000000000000e+02,5.800000000000000000e+01,4.000000000000000000e+01
1.680080658487297058e+09,1.616400000000000000e+04,2.840000000000000000e+02,3.640000000000000000e+02,-6.160000000000000000e+02,6.300000000000000000e+01,4.500000000000000000e+01
1.680080658490534544e+09,1.610800000000000000e+04,2.960000000000000000e+02,4.200000000000000000e+02,-6.420000000000000000e+02,4.300000000000000000e+01,4.300000000000000000e+01
1.680080658492393494e+09,1.612000000000000000e+04,3.640000000000000000e+02,3.280000000000000000e+02,-6.060000000000000000e+02,5.300000000000000000e+01,2.800000000000000000e+01
1.680080658496443510e+09,1.620400000000000000e+04,2.120000000000000000e+02,4.360000000000000000e+02,-6.200000000000000000e+02,2.400000000000000000e+01,4.000000000000000000e+01
1.680080658497748137e+09,1.614800000000000000e+04,3.040000000000000000e+02,2.240000000000000000e+02,-6.570000000000000000e+02,5.600000000000000000e+01,3.000000000000000000e+01
1.680080658501048565e+09,1.611600000000000000e+04,2.320000000000000000e+02,3.640000000000000000e+02,-6.490000000000000000e+02,4.800000000000000000e+01,4.600000000000000000e+01
1.680080658502733707e+09,1.614000000000000000e+04,2.600000000000000000e+02,4.560000000000000000e+02,-6.250000000000000000e+02,4.400000000000000000e+01,2.500000000000000000e+01
1.680080658505531073e+09,1.622000000000000000e+04,3.160000000000000000e+02,3.960000000000000000e+02,-6.440000000000000000e+02,7.500000000000000000e+01,4.600000000000000000e+01
1.680080658507561684e+09,1.610800000000000000e+04,3.320000000000000000e+02,2.400000000000000000e+02,-6.610000000000000000e+02,5.200000000000000000e+01,2.200000000000000000e+01
1.680080658511053085e+09,1.616800000000000000e+04,3.640000000000000000e+02,2.800000000000000000e+02,-6.340000000000000000e+02,4.000000000000000000e+01,3.500000000000000000e+01
1.680080658512806177e+09,1.616400000000000000e+04,3.840000000000000000e+02,4.560000000000000000e+02,-6.240000000000000000e+02,5.500000000000000000e+01,4.100000000000000000e+01
1.680080658515970469e+09,1.622800000000000000e+04,3.000000000000000000e+02,4.240000000000000000e+02,-6.240000000000000000e+02,1.600000000000000000e+01,1.300000000000000000e+01
1.680080658517675877e+09,1.628800000000000000e+04,3.560000000000000000e+02,3.160000000000000000e+02,-6.660000000000000000e+02,6.400000000000000000e+01,3.800000000000000000e+01
1.680080658521018505e+09,1.616800000000000000e+04,3.640000000000000000e+02,3.160000000000000000e+02,-6.140000000000000000e+02,4.200000000000000000e+01,4.500000000000000000e+01
1.680080658522835016e+09,1.630400000000000000e+04,3.120000000000000000e+02,3.680000000000000000e+02,-6.650000000000000000e+02,3.500000000000000000e+01,2.700000000000000000e+01
1.680080658526476860e+09,1.625600000000000000e+04,3.240000000000000000e+02,3.120000000000000000e+02,-6.430000000000000000e+02,7.200000000000000000e+01,3.800000000000000000e+01
1.680080658528316259e+09,1.615600000000000000e+04,3.440000000000000000e+02,4.280000000000000000e+02,-6.360000000000000000e+02,5.500000000000000000e+01,2.300000000000000000e+01
1.680080658531721830e+09,1.623600000000000000e+04,3.720000000000000000e+02,3.880000000000000000e+02,-5.990000000000000000e+02,6.000000000000000000e+01,4.900000000000000000e+01
1.680080658533547163e+09,1.622000000000000000e+04,3.040000000000000000e+02,1.320000000000000000e+02,-6.780000000000000000e+02,5.300000000000000000e+01,2.300000000000000000e+01
1.680080658536974907e+09,1.619600000000000000e+04,2.920000000000000000e+02,4.480000000000000000e+02,-6.210000000000000000e+02,6.900000000000000000e+01,6.200000000000000000e+01
1.680080658538334608e+09,1.630400000000000000e+04,2.400000000000000000e+02,2.840000000000000000e+02,-6.570000000000000000e+02,4.600000000000000000e+01,3.800000000000000000e+01
1.680080658541552305e+09,1.611200000000000000e+04,3.040000000000000000e+02,4.640000000000000000e+02,-6.550000000000000000e+02,5.700000000000000000e+01,4.400000000000000000e+01
1.680080658543457747e+09,1.621200000000000000e+04,2.760000000000000000e+02,2.960000000000000000e+02,-6.290000000000000000e+02,6.000000000000000000e+01,2.100000000000000000e+01
1.680080658546937943e+09,1.620400000000000000e+04,3.440000000000000000e+02,3.120000000000000000e+02,-5.900000000000000000e+02,5.000000000000000000e+01,6.300000000000000000e+01
1.680080658548795700e+09,1.615600000000000000e+04,2.400000000000000000e+02,2.400000000000000000e+02,-6.630000000000000000e+02,4.900000000000000000e+01,3.700000000000000000e+01
1.680080658551808596e+09,1.616800000000000000e+04,2.600000000000000000e+02,2.960000000000000000e+02,-6.590000000000000000e+02,4.400000000000000000e+01,6.100000000000000000e+01
1.680080658554566383e+09,1.623200000000000000e+04,2.120000000000000000e+02,3.600000000000000000e+02,-5.990000000000000000e+02,5.800000000000000000e+01,4.600000000000000000e+01
1.680080658557926655e+09,1.616400000000000000e+04,3.160000000000000000e+02,5.400000000000000000e+02,-6.280000000000000000e+02,4.200000000000000000e+01,2.400000000000000000e+01
1.680080658559691668e+09,1.616000000000000000e+04,3.240000000000000000e+02,2.440000000000000000e+02,-6.330000000000000000e+02,1.700000000000000000e+01,2.300000000000000000e+01
1.680080658563056707e+09,1.612400000000000000e+04,3.600000000000000000e+02,3.680000000000000000e+02,-6.600000000000000000e+02,5.000000000000000000e+01,3.600000000000000000e+01
1.680080658564731121e+09,1.622400000000000000e+04,2.800000000000000000e+02,3.040000000000000000e+02,-6.200000000000000000e+02,4.700000000000000000e+01,2.600000000000000000e+01
1.680080658567939997e+09,1.624000000000000000e+04,2.720000000000000000e+02,2.000000000000000000e+02,-6.070000000000000000e+02,2.300000000000000000e+01,5.800000000000000000e+01
1.680080658569453478e+09,1.618400000000000000e+04,2.800000000000000000e+02,4.120000000000000000e+02,-6.600000000000000000e+02,6.700000000000000000e+01,2.000000000000000000e+01
1.680080658572759151e+09,1.615200000000000000e+04,2.760000000000000000e+02,2.800000000000000000e+02,-6.310000000000000000e+02,4.600000000000000000e+01,3.800000000000000000e+01
1.680080658574411154e+09,1.612400000000000000e+04,4.120000000000000000e+02,4.120000000000000000e+02,-6.600000000000000000e+02,2.900000000000000000e+01,4.000000000000000000e+01
1.680080658577791691e+09,1.628000000000000000e+04,2.000000000000000000e+02,3.800000000000000000e+02,-6.970000000000000000e+02,4.100000000000000000e+01,2.400000000000000000e+01
1.680080658579206228e+09,1.613200000000000000e+04,3.480000000000000000e+02,3.280000000000000000e+02,-6.110000000000000000e+02,5.000000000000000000e+01,2.800000000000000000e+01
1.680080658582631588e+09,1.619600000000000000e+04,3.400000000000000000e+02,5.280000000000000000e+02,-6.290000000000000000e+02,2.700000000000000000e+01,2.700000000000000000e+01
1.680080658584666014e+09,1.620800000000000000e+04,2.920000000000000000e+02,3.440000000000000000e+02,-6.570000000000000000e+02,1.900000000000000000e+01,4.700000000000000000e+01
1.680080658588052511e+09,1.624400000000000000e+04,3.440000000000000000e+02,4.520000000000000000e+02,-6.740000000000000000e+02,1.600000000000000000e+01,2.700000000000000000e+01
1.680080658589293480e+09,1.616400000000000000e+04,3.560000000000000000e+02,4.120000000000000000e+02,-5.960000000000000000e+02,3.500000000000000000e+01,4.600000000000000000e+01
1.680080658592767954e+09,1.630800000000000000e+04,3.680000000000000000e+02,4.120000000000000000e+02,-6.230000000000000000e+02,2.300000000000000000e+01,2.100000000000000000e+01
1.680080658594568491e+09,1.616000000000000000e+04,3.640000000000000000e+02,3.800000000000000000e+02,-6.140000000000000000e+02,5.200000000000000000e+01,4.200000000000000000e+01
1.680080658597780704e+09,1.619600000000000000e+04,2.880000000000000000e+02,2.400000000000000000e+02,-6.420000000000000000e+02,5.300000000000000000e+01,1.400000000000000000e+01
1.680080658599420071e+09,1.616000000000000000e+04,3.080000000000000000e+02,3.040000000000000000e+02,-6.500000000000000000e+02,3.700000000000000000e+01,4.000000000000000000e+01
1.680080658602606535e+09,1.616000000000000000e+04,1.560000000000000000e+02,3.080000000000000000e+02,-6.360000000000000000e+02,3.700000000000000000e+01,3.100000000000000000e+01
1.680080658604290962e+09,1.618400000000000000e+04,3.120000000000000000e+02,4.320000000000000000e+02,-6.210000000000000000e+02,7.200000000000000000e+01,2.700000000000000000e+01
1.680080658607695341e+09,1.610000000000000000e+04,3.320000000000000000e+02,4.120000000000000000e+02,-6.250000000000000000e+02,2.200000000000000000e+01,3.000000000000000000e+01
1.680080658609118223e+09,1.612800000000000000e+04,3.160000000000000000e+02,2.520000000000000000e+02,-6.140000000000000000e+02,4.000000000000000000e+00,3.100000000000000000e+01
1.680080658612287998e+09,1.608800000000000000e+04,3.000000000000000000e+02,1.440000000000000000e+02,-6.790000000000000000e+02,5.400000000000000000e+01,2.900000000000000000e+01
1.680080658614188194e+09,1.615200000000000000e+04,3.160000000000000000e+02,2.800000000000000000e+02,-6.210000000000000000e+02,5.600000000000000000e+01,5.300000000000000000e+01
1.680080658617713451e+09,1.620800000000000000e+04,2.960000000000000000e+02,3.360000000000000000e+02,-6.400000000000000000e+02,6.100000000000000000e+01,1.100000000000000000e+01
1.680080658619153261e+09,1.613200000000000000e+04,3.120000000000000000e+02,2.360000000000000000e+02,-6.570000000000000000e+02,2.600000000000000000e+01,2.000000000000000000e+01
1.680080658622574568e+09,1.619200000000000000e+04,3.400000000000000000e+02,2.680000000000000000e+02,-6.320000000000000000e+02,4.400000000000000000e+01,5.900000000000000000e+01
1.680080658624411345e+09,1.614800000000000000e+04,2.960000000000000000e+02,2.320000000000000000e+02,-6.460000000000000000e+02,7.100000000000000000e+01,6.000000000000000000e+01
1.680080658627853870e+09,1.605200000000000000e+04,3.560000000000000000e+02,3.320000000000000000e+02,-6.270000000000000000e+02,4.600000000000000000e+01,2.600000000000000000e+01
1.680080658629436970e+09,1.622000000000000000e+04,3.640000000000000000e+02,3.560000000000000000e+02,-6.290000000000000000e+02,7.700000000000000000e+01,3.400000000000000000e+01
1.680080658633108139e+09,1.613200000000000000e+04,3.160000000000000000e+02,3.080000000000000000e+02,-6.370000000000000000e+02,3.100000000000000000e+01,5.100000000000000000e+01
1.680080658636040211e+09,1.619600000000000000e+04,3.120000000000000000e+02,2.760000000000000000e+02,-6.140000000000000000e+02,4.600000000000000000e+01,2.000000000000000000e+00
1.680080658640759468e+09,1.627600000000000000e+04,2.920000000000000000e+02,3.880000000000000000e+02,-6.260000000000000000e+02,5.500000000000000000e+01,4.200000000000000000e+01
1.680080658644394636e+09,1.628000000000000000e+04,3.240000000000000000e+02,3.040000000000000000e+02,-6.720000000000000000e+02,2.500000000000000000e+01,2.200000000000000000e+01
1.680080658647653341e+09,1.623600000000000000e+04,2.400000000000000000e+02,2.520000000000000000e+02,-6.500000000000000000e+02,3.400000000000000000e+01,3.100000000000000000e+01
1.680080658649215460e+09,1.619600000000000000e+04,2.920000000000000000e+02,1.640000000000000000e+02,-6.620000000000000000e+02,1.900000000000000000e+01,5.100000000000000000e+01
1.680080658652422905e+09,1.619200000000000000e+04,2.200000000000000000e+02,3.240000000000000000e+02,-6.580000000000000000e+02,3.500000000000000000e+01,4.300000000000000000e+01
1.680080658654237747e+09,1.627600000000000000e+04,3.240000000000000000e+02,2.880000000000000000e+02,-6.410000000000000000e+02,6.900000000000000000e+01,3.900000000000000000e+01
1.680080658657660484e+09,1.615200000000000000e+04,3.360000000000000000e+02,2.840000000000000000e+02,-6.310000000000000000e+02,3.300000000000000000e+01,3.100000000000000000e+01
1.680080658659207821e+09,1.624000000000000000e+04,3.240000000000000000e+02,2.360000000000000000e+02,-6.530000000000000000e+02,4.600000000000000000e+01,5.900000000000000000e+01
1.680080658663006067e+09,1.616800000000000000e+04,3.360000000000000000e+02,2.880000000000000000e+02,-6.210000000000000000e+02,4.800000000000000000e+01,3.600000000000000000e+01
1.680080658664624453e+09,1.613600000000000000e+04,2.560000000000000000e+02,2.680000000000000000e+02,-6.460000000000000000e+02,4.800000000000000000e+01,2.400000000000000000e+01
1.680080658667920351e+09,1.622000000000000000e+04,3.320000000000000000e+02,3.560000000000000000e+02,-6.180000000000000000e+02,5.800000000000000000e+01,2.300000000000000000e+01
1.680080658669784546e+09,1.620400000000000000e+04,2.320000000000000000e+02,3.240000000000000000e+02,-6.760000000000000000e+02,2.600000000000000000e+01,2.800000000000000000e+01
1.680080658673176527e+09,1.618800000000000000e+04,3.240000000000000000e+02,2.720000000000000000e+02,-6.340000000000000000e+02,7.400000000000000000e+01,2.900000000000000000e+01
1.680080658674979687e+09,1.615200000000000000e+04,3.440000000000000000e+02,2.640000000000000000e+02,-6.210000000000000000e+02,6.200000000000000000e+01,5.800000000000000000e+01
1.680080658678397179e+09,1.615600000000000000e+04,2.760000000000000000e+02,3.040000000000000000e+02,-6.480000000000000000e+02,3.000000000000000000e+01,3.300000000000000000e+01
1.680080658680100679e+09,1.612800000000000000e+04,3.000000000000000000e+02,3.760000000000000000e+02,-6.390000000000000000e+02,6.100000000000000000e+01,3.300000000000000000e+01
1.680080658683546782e+09,1.623600000000000000e+04,2.560000000000000000e+02,4.200000000000000000e+02,-6.480000000000000000e+02,3.600000000000000000e+01,2.100000000000000000e+01
1.680080658685096025e+09,1.605600000000000000e+04,3.600000000000000000e+02,4.000000000000000000e+02,-6.310000000000000000e+02,3.100000000000000000e+01,2.700000000000000000e+01
1.680080658688502312e+09,1.620800000000000000e+04,3.120000000000000000e+02,2.680000000000000000e+02,-6.130000000000000000e+02,3.300000000000000000e+01,4.500000000000000000e+01
1.680080658690162182e+09,1.616000000000000000e+04,3.040000000000000000e+02,3.800000000000000000e+02,-6.290000000000000000e+02,8.500000000000000000e+01,4.500000000000000000e+01
1.680080658693465233e+09,1.617200000000000000e+04,3.160000000000000000e+02,3.920000000000000000e+02,-6.210000000000000000e+02,3.900000000000000000e+01,4.500000000000000000e+01
1.680080658694765806e+09,1.618800000000000000e+04,1.760000000000000000e+02,4.400000000000000000e+02,-6.540000000000000000e+02,3.400000000000000000e+01,2.900000000000000000e+01
1.680080658698168993e+09,1.621200000000000000e+04,3.000000000000000000e+02,2.800000000000000000e+02,-6.490000000000000000e+02,4.100000000000000000e+01,3.100000000000000000e+01
1.680080658699811220e+09,1.615200000000000000e+04,3.720000000000000000e+02,3.600000000000000000e+02,-6.350000000000000000e+02,4.200000000000000000e+01,1.700000000000000000e+01
1.680080658703201532e+09,1.611600000000000000e+04,3.280000000000000000e+02,2.720000000000000000e+02,-6.190000000000000000e+02,5.900000000000000000e+01,3.500000000000000000e+01
1.680080658704773903e+09,1.615600000000000000e+04,3.080000000000000000e+02,3.920000000000000000e+02,-6.740000000000000000e+02,1.200000000000000000e+01,1.900000000000000000e+01
1.680080658708007336e+09,1.625600000000000000e+04,2.240000000000000000e+02,3.560000000000000000e+02,-6.320000000000000000e+02,4.800000000000000000e+01,2.700000000000000000e+01
1.680080658709223986e+09,1.622400000000000000e+04,3.120000000000000000e+02,3.040000000000000000e+02,-6.850000000000000000e+02,2.500000000000000000e+01,2.500000000000000000e+01
1.680080658712306023e+09,1.617600000000000000e+04,3.160000000000000000e+02,3.280000000000000000e+02,-6.540000000000000000e+02,5.600000000000000000e+01,5.300000000000000000e+01
1.680080658713979959e+09,1.618800000000000000e+04,2.760000000000000000e+02,3.040000000000000000e+02,-6.460000000000000000e+02,4.300000000000000000e+01,4.800000000000000000e+01
1.680080658716819286e+09,1.616000000000000000e+04,3.520000000000000000e+02,2.880000000000000000e+02,-6.470000000000000000e+02,4.600000000000000000e+01,2.300000000000000000e+01
1.680080658718133211e+09,1.621600000000000000e+04,2.560000000000000000e+02,2.320000000000000000e+02,-6.100000000000000000e+02,3.600000000000000000e+01,3.600000000000000000e+01
1.680080658720816851e+09,1.618800000000000000e+04,2.800000000000000000e+02,4.440000000000000000e+02,-6.780000000000000000e+02,2.700000000000000000e+01,2.500000000000000000e+01
1.680080658722366571e+09,1.622800000000000000e+04,2.440000000000000000e+02,2.320000000000000000e+02,-6.200000000000000000e+02,4.400000000000000000e+01,3.700000000000000000e+01
1.680080658725499868e+09,1.623200000000000000e+04,2.640000000000000000e+02,2.560000000000000000e+02,-6.410000000000000000e+02,4.000000000000000000e+01,4.500000000000000000e+01
1.680080658727085352e+09,1.612800000000000000e+04,2.880000000000000000e+02,3.480000000000000000e+02,-6.430000000000000000e+02,5.000000000000000000e+01,3.900000000000000000e+01
1.680080658730950356e+09,1.614000000000000000e+04,2.400000000000000000e+02,4.680000000000000000e+02,-6.390000000000000000e+02,6.400000000000000000e+01,2.200000000000000000e+01
1.680080658732432842e+09,1.610000000000000000e+04,2.760000000000000000e+02,2.600000000000000000e+02,-6.200000000000000000e+02,3.300000000000000000e+01,3.800000000000000000e+01
1.680080658735427856e+09,1.618800000000000000e+04,2.280000000000000000e+02,2.920000000000000000e+02,-6.700000000000000000e+02,6.700000000000000000e+01,3.200000000000000000e+01
1.680080658736988783e+09,1.626400000000000000e+04,2.840000000000000000e+02,2.280000000000000000e+02,-6.350000000000000000e+02,3.400000000000000000e+01,3.600000000000000000e+01
1.680080658740188599e+09,1.622800000000000000e+04,2.920000000000000000e+02,3.640000000000000000e+02,-6.040000000000000000e+02,5.500000000000000000e+01,2.100000000000000000e+01
1.680080658741836548e+09,1.621600000000000000e+04,4.000000000000000000e+02,2.960000000000000000e+02,-6.440000000000000000e+02,2.900000000000000000e+01,4.200000000000000000e+01
1.680080658744697332e+09,1.618800000000000000e+04,3.880000000000000000e+02,3.040000000000000000e+02,-6.490000000000000000e+02,2.500000000000000000e+01,4.000000000000000000e+01
1.680080658746192694e+09,1.618400000000000000e+04,3.640000000000000000e+02,3.600000000000000000e+02,-6.300000000000000000e+02,3.400000000000000000e+01,4.400000000000000000e+01
1.680080658749045134e+09,1.615200000000000000e+04,3.600000000000000000e+02,3.400000000000000000e+02,-6.690000000000000000e+02,6.400000000000000000e+01,2.000000000000000000e+01
1.680080658750284195e+09,1.616800000000000000e+04,3.720000000000000000e+02,4.360000000000000000e+02,-6.530000000000000000e+02,3.800000000000000000e+01,3.800000000000000000e+01
1.680080658753050566e+09,1.618800000000000000e+04,3.600000000000000000e+02,3.440000000000000000e+02,-6.510000000000000000e+02,3.900000000000000000e+01,3.000000000000000000e+00
1.680080658754600525e+09,1.613200000000000000e+04,3.760000000000000000e+02,5.080000000000000000e+02,-6.350000000000000000e+02,4.800000000000000000e+01,3.200000000000000000e+01
1.680080658757576942e+09,1.630000000000000000e+04,3.400000000000000000e+02,2.120000000000000000e+02,-6.180000000000000000e+02,6.600000000000000000e+01,4.000000000000000000e+01
1.680080658759526730e+09,1.616400000000000000e+04,3.120000000000000000e+02,2.920000000000000000e+02,-6.690000000000000000e+02,5.600000000000000000e+01,3.200000000000000000e+01
1.680080658762349129e+09,1.616800000000000000e+04,3.880000000000000000e+02,2.600000000000000000e+02,-6.470000000000000000e+02,4.500000000000000000e+01,1.200000000000000000e+01
1.680080658763859749e+09,1.621600000000000000e+04,3.640000000000000000e+02,3.360000000000000000e+02,-6.330000000000000000e+02,2.600000000000000000e+01,3.900000000000000000e+01
1.680080658766799927e+09,1.626400000000000000e+04,2.920000000000000000e+02,3.680000000000000000e+02,-6.560000000000000000e+02,5.900000000000000000e+01,4.800000000000000000e+01
1.680080658768308878e+09,1.621200000000000000e+04,3.240000000000000000e+02,2.400000000000000000e+02,-6.330000000000000000e+02,6.500000000000000000e+01,6.100000000000000000e+01
1.680080658771139622e+09,1.619200000000000000e+04,3.640000000000000000e+02,2.880000000000000000e+02,-6.360000000000000000e+02,3.700000000000000000e+01,2.600000000000000000e+01
1.680080658772625208e+09,1.610400000000000000e+04,3.680000000000000000e+02,3.080000000000000000e+02,-6.440000000000000000e+02,5.500000000000000000e+01,2.800000000000000000e+01
1.680080658775614977e+09,1.622800000000000000e+04,3.360000000000000000e+02,4.120000000000000000e+02,-6.530000000000000000e+02,3.100000000000000000e+01,3.200000000000000000e+01
1.680080658776870489e+09,1.614800000000000000e+04,3.200000000000000000e+02,2.560000000000000000e+02,-6.370000000000000000e+02,3.600000000000000000e+01,2.000000000000000000e+01
1.680080658779821396e+09,1.608800000000000000e+04,3.480000000000000000e+02,3.880000000000000000e+02,-6.290000000000000000e+02,5.700000000000000000e+01,5.400000000000000000e+01
1.680080658781122923e+09,1.620800000000000000e+04,2.560000000000000000e+02,4.160000000000000000e+02,-6.340000000000000000e+02,5.000000000000000000e+01,5.100000000000000000e+01
1.680080658784147024e+09,1.624400000000000000e+04,2.840000000000000000e+02,3.440000000000000000e+02,-6.410000000000000000e+02,4.000000000000000000e+01,2.100000000000000000e+01
1.680080658785588264e+09,1.626800000000000000e+04,2.400000000000000000e+02,4.040000000000000000e+02,-6.530000000000000000e+02,5.200000000000000000e+01,3.000000000000000000e+01
1.680080658788532734e+09,1.618400000000000000e+04,2.320000000000000000e+02,2.280000000000000000e+02,-6.410000000000000000e+02,1.800000000000000000e+01,4.600000000000000000e+01
1.680080658790214300e+09,1.628400000000000000e+04,3.000000000000000000e+02,4.320000000000000000e+02,-6.340000000000000000e+02,3.400000000000000000e+01,3.700000000000000000e+01
1.680080658793238640e+09,1.621600000000000000e+04,1.680000000000000000e+02,4.000000000000000000e+02,-6.380000000000000000e+02,7.300000000000000000e+01,4.000000000000000000e+01
1.680080658794865370e+09,1.614000000000000000e+04,2.400000000000000000e+02,2.760000000000000000e+02,-6.630000000000000000e+02,5.000000000000000000e+01,4.500000000000000000e+01
1.680080658798188686e+09,1.622400000000000000e+04,2.640000000000000000e+02,3.520000000000000000e+02,-6.160000000000000000e+02,5.600000000000000000e+01,2.000000000000000000e+01
1.680080658799823761e+09,1.625600000000000000e+04,2.600000000000000000e+02,1.720000000000000000e+02,-6.430000000000000000e+02,4.300000000000000000e+01,3.700000000000000000e+01
1.680080658802712202e+09,1.621200000000000000e+04,2.240000000000000000e+02,2.680000000000000000e+02,-6.450000000000000000e+02,5.100000000000000000e+01,4.300000000000000000e+01
1.680080658804306746e+09,1.629200000000000000e+04,2.400000000000000000e+02,3.600000000000000000e+02,-6.230000000000000000e+02,5.100000000000000000e+01,1.900000000000000000e+01
1.680080658807185650e+09,1.629600000000000000e+04,2.640000000000000000e+02,3.280000000000000000e+02,-6.500000000000000000e+02,4.900000000000000000e+01,4.200000000000000000e+01
1.680080658808772564e+09,1.619200000000000000e+04,2.680000000000000000e+02,2.720000000000000000e+02,-6.440000000000000000e+02,6.100000000000000000e+01,4.100000000000000000e+01
1.680080658811483383e+09,1.617600000000000000e+04,2.560000000000000000e+02,3.360000000000000000e+02,-6.140000000000000000e+02,6.600000000000000000e+01,4.700000000000000000e+01
1.680080658813165665e+09,1.621600000000000000e+04,2.680000000000000000e+02,2.720000000000000000e+02,-6.480000000000000000e+02,2.800000000000000000e+01,3.100000000000000000e+01
1.680080658816072464e+09,1.615200000000000000e+04,2.600000000000000000e+02,2.800000000000000000e+02,-6.280000000000000000e+02,5.600000000000000000e+01,3.400000000000000000e+01
1.680080658817404985e+09,1.617600000000000000e+04,3.480000000000000000e+02,3.200000000000000000e+02,-6.560000000000000000e+02,1.800000000000000000e+01,1.900000000000000000e+01
1.680080658820304871e+09,1.613200000000000000e+04,3.240000000000000000e+02,1.800000000000000000e+02,-6.220000000000000000e+02,5.500000000000000000e+01,2.100000000000000000e+01
1.680080658821734667e+09,1.613200000000000000e+04,2.960000000000000000e+02,2.920000000000000000e+02,-6.200000000000000000e+02,4.600000000000000000e+01,2.800000000000000000e+01
1.680080658824452639e+09,1.628400000000000000e+04,3.000000000000000000e+02,2.640000000000000000e+02,-6.230000000000000000e+02,5.200000000000000000e+01,3.600000000000000000e+01
1.680080658825884104e+09,1.620800000000000000e+04,3.120000000000000000e+02,2.920000000000000000e+02,-6.440000000000000000e+02,3.300000000000000000e+01,2.300000000000000000e+01
1.680080658828851223e+09,1.614400000000000000e+04,2.520000000000000000e+02,2.640000000000000000e+02,-6.530000000000000000e+02,6.700000000000000000e+01,2.900000000000000000e+01
1.680080658830124140e+09,1.620000000000000000e+04,2.560000000000000000e+02,1.880000000000000000e+02,-6.470000000000000000e+02,4.500000000000000000e+01,1.100000000000000000e+01
1.680080658833093166e+09,1.599200000000000000e+04,2.440000000000000000e+02,3.720000000000000000e+02,-6.470000000000000000e+02,4.300000000000000000e+01,7.500000000000000000e+01
1.680080658834608793e+09,1.612000000000000000e+04,2.160000000000000000e+02,2.640000000000000000e+02,-6.480000000000000000e+02,3.900000000000000000e+01,3.300000000000000000e+01
1.680080658837630033e+09,1.626000000000000000e+04,3.040000000000000000e+02,3.200000000000000000e+02,-6.350000000000000000e+02,4.600000000000000000e+01,1.400000000000000000e+01
1.680080658838917017e+09,1.612800000000000000e+04,3.280000000000000000e+02,3.280000000000000000e+02,-6.360000000000000000e+02,5.600000000000000000e+01,1.700000000000000000e+01
1.680080658841833353e+09,1.621600000000000000e+04,2.800000000000000000e+02,3.680000000000000000e+02,-6.220000000000000000e+02,4.200000000000000000e+01,4.700000000000000000e+01
1.680080658843291283e+09,1.625600000000000000e+04,3.040000000000000000e+02,4.120000000000000000e+02,-6.280000000000000000e+02,4.500000000000000000e+01,4.600000000000000000e+01
1.680080658846052408e+09,1.613600000000000000e+04,2.160000000000000000e+02,2.240000000000000000e+02,-6.470000000000000000e+02,4.800000000000000000e+01,2.100000000000000000e+01
1.680080658847532511e+09,1.616800000000000000e+04,3.080000000000000000e+02,2.800000000000000000e+02,-6.240000000000000000e+02,3.400000000000000000e+01,3.000000000000000000e+01
1.680080658850341797e+09,1.618000000000000000e+04,3.120000000000000000e+02,4.240000000000000000e+02,-6.560000000000000000e+02,4.800000000000000000e+01,4.900000000000000000e+01
1.680080658851776600e+09,1.614800000000000000e+04,3.080000000000000000e+02,3.480000000000000000e+02,-6.300000000000000000e+02,3.200000000000000000e+01,5.300000000000000000e+01
1.680080658854926348e+09,1.607600000000000000e+04,2.920000000000000000e+02,4.200000000000000000e+02,-6.110000000000000000e+02,4.400000000000000000e+01,2.700000000000000000e+01
1.680080658856558561e+09,1.621200000000000000e+04,1.960000000000000000e+02,4.600000000000000000e+02,-6.460000000000000000e+02,6.200000000000000000e+01,3.700000000000000000e+01
1.680080658859453201e+09,1.612000000000000000e+04,2.320000000000000000e+02,3.280000000000000000e+02,-6.640000000000000000e+02,4.900000000000000000e+01,4.200000000000000000e+01
1.680080658860918045e+09,1.621600000000000000e+04,3.240000000000000000e+02,3.520000000000000000e+02,-6.130000000000000000e+02,5.800000000000000000e+01,4.400000000000000000e+01
1.680080658863973856e+09,1.620800000000000000e+04,2.440000000000000000e+02,3.080000000000000000e+02,-6.270000000000000000e+02,6.000000000000000000e+01,2.800000000000000000e+01
1.680080658865556240e+09,1.626400000000000000e+04,3.440000000000000000e+02,3.480000000000000000e+02,-6.480000000000000000e+02,5.000000000000000000e+01,3.700000000000000000e+01
1.680080658868715286e+09,1.617200000000000000e+04,2.600000000000000000e+02,3.080000000000000000e+02,-6.210000000000000000e+02,4.700000000000000000e+01,3.300000000000000000e+01
1.680080658870576143e+09,1.612400000000000000e+04,2.400000000000000000e+02,4.160000000000000000e+02,-6.590000000000000000e+02,3.800000000000000000e+01,3.900000000000000000e+01
1.680080658873454332e+09,1.614800000000000000e+04,2.880000000000000000e+02,1.880000000000000000e+02,-6.480000000000000000e+02,4.900000000000000000e+01,1.000000000000000000e+01
1.680080658874951601e+09,1.618400000000000000e+04,2.880000000000000000e+02,2.960000000000000000e+02,-6.380000000000000000e+02,6.200000000000000000e+01,2.300000000000000000e+01
1.680080658877816677e+09,1.616800000000000000e+04,3.320000000000000000e+02,1.840000000000000000e+02,-6.070000000000000000e+02,5.800000000000000000e+01,4.600000000000000000e+01
1.680080658879282236e+09,1.620400000000000000e+04,2.720000000000000000e+02,2.600000000000000000e+02,-6.330000000000000000e+02,4.600000000000000000e+01,4.000000000000000000e+01
1.680080658882185459e+09,1.616000000000000000e+04,3.160000000000000000e+02,2.720000000000000000e+02,-6.340000000000000000e+02,6.600000000000000000e+01,2.800000000000000000e+01
1.680080658883738041e+09,1.622000000000000000e+04,3.120000000000000000e+02,3.560000000000000000e+02,-6.630000000000000000e+02,5.700000000000000000e+01,2.900000000000000000e+01
1.680080658886627913e+09,1.626400000000000000e+04,2.520000000000000000e+02,1.440000000000000000e+02,-6.470000000000000000e+02,6.500000000000000000e+01,5.500000000000000000e+01
1.680080658888138056e+09,1.624800000000000000e+04,2.040000000000000000e+02,2.280000000000000000e+02,-6.210000000000000000e+02,5.300000000000000000e+01,5.100000000000000000e+01
1.680080658891053200e+09,1.631600000000000000e+04,3.800000000000000000e+02,3.680000000000000000e+02,-5.930000000000000000e+02,2.800000000000000000e+01,2.700000000000000000e+01
1.680080658892644882e+09,1.610000000000000000e+04,3.080000000000000000e+02,3.200000000000000000e+02,-6.340000000000000000e+02,5.800000000000000000e+01,4.700000000000000000e+01
1.680080658895419598e+09,1.611200000000000000e+04,2.520000000000000000e+02,3.520000000000000000e+02,-6.540000000000000000e+02,3.100000000000000000e+01,2.400000000000000000e+01
1.680080658897056818e+09,1.613600000000000000e+04,3.000000000000000000e+02,3.560000000000000000e+02,-6.440000000000000000e+02,5.200000000000000000e+01,2.800000000000000000e+01
1.680080658900126219e+09,1.618800000000000000e+04,3.680000000000000000e+02,2.160000000000000000e+02,-6.520000000000000000e+02,4.600000000000000000e+01,5.300000000000000000e+01
1.680080658901650190e+09,1.622800000000000000e+04,3.480000000000000000e+02,2.440000000000000000e+02,-6.450000000000000000e+02,3.400000000000000000e+01,4.000000000000000000e+01
1.680080658904574633e+09,1.620800000000000000e+04,3.120000000000000000e+02,3.120000000000000000e+02,-6.300000000000000000e+02,5.900000000000000000e+01,2.900000000000000000e+01
1.680080658906132936e+09,1.625200000000000000e+04,3.520000000000000000e+02,3.560000000000000000e+02,-6.560000000000000000e+02,5.600000000000000000e+01,2.000000000000000000e+01
1.680080658909188747e+09,1.621200000000000000e+04,3.000000000000000000e+02,6.080000000000000000e+02,-6.520000000000000000e+02,1.000000000000000000e+01,4.400000000000000000e+01
1.680080658910694361e+09,1.630000000000000000e+04,3.800000000000000000e+02,2.560000000000000000e+02,-5.940000000000000000e+02,5.400000000000000000e+01,2.900000000000000000e+01
1.680080658913707495e+09,1.625600000000000000e+04,3.440000000000000000e+02,3.400000000000000000e+02,-6.490000000000000000e+02,2.000000000000000000e+01,3.400000000000000000e+01
1.680080658915173531e+09,1.610000000000000000e+04,3.320000000000000000e+02,4.320000000000000000e+02,-6.390000000000000000e+02,4.900000000000000000e+01,2.900000000000000000e+01
1.680080658918035269e+09,1.616000000000000000e+04,4.200000000000000000e+02,3.880000000000000000e+02,-6.320000000000000000e+02,6.900000000000000000e+01,3.600000000000000000e+01
1.680080658919493437e+09,1.614800000000000000e+04,3.040000000000000000e+02,3.640000000000000000e+02,-6.610000000000000000e+02,4.500000000000000000e+01,6.000000000000000000e+01
1.680080658922449589e+09,1.615200000000000000e+04,2.720000000000000000e+02,3.080000000000000000e+02,-6.540000000000000000e+02,4.800000000000000000e+01,5.000000000000000000e+01
1.680080658924004555e+09,1.623200000000000000e+04,3.680000000000000000e+02,3.200000000000000000e+02,-6.190000000000000000e+02,5.700000000000000000e+01,4.000000000000000000e+01
1.680080658927033186e+09,1.621200000000000000e+04,2.320000000000000000e+02,3.040000000000000000e+02,-6.100000000000000000e+02,1.600000000000000000e+01,3.300000000000000000e+01
1.680080658928825855e+09,1.611200000000000000e+04,3.640000000000000000e+02,2.880000000000000000e+02,-6.360000000000000000e+02,7.100000000000000000e+01,3.300000000000000000e+01
1.680080658931854963e+09,1.619600000000000000e+04,3.440000000000000000e+02,3.280000000000000000e+02,-6.090000000000000000e+02,3.300000000000000000e+01,3.300000000000000000e+01
1.680080658933232546e+09,1.621600000000000000e+04,3.480000000000000000e+02,2.520000000000000000e+02,-6.370000000000000000e+02,6.500000000000000000e+01,5.100000000000000000e+01
1.680080658936196089e+09,1.624000000000000000e+04,3.960000000000000000e+02,2.600000000000000000e+02,-6.090000000000000000e+02,4.700000000000000000e+01,2.900000000000000000e+01
1.680080658937941551e+09,1.611600000000000000e+04,3.280000000000000000e+02,4.200000000000000000e+02,-6.560000000000000000e+02,3.800000000000000000e+01,2.300000000000000000e+01
1.680080658940861464e+09,1.613600000000000000e+04,4.320000000000000000e+02,2.720000000000000000e+02,-6.180000000000000000e+02,6.400000000000000000e+01,3.700000000000000000e+01
1.680080658942378283e+09,1.619600000000000000e+04,3.280000000000000000e+02,3.160000000000000000e+02,-6.820000000000000000e+02,5.700000000000000000e+01,3.500000000000000000e+01
1.680080658945683479e+09,1.632000000000000000e+04,4.080000000000000000e+02,2.960000000000000000e+02,-6.410000000000000000e+02,2.000000000000000000e+00,4.600000000000000000e+01
1.680080658947319508e+09,1.630800000000000000e+04,2.880000000000000000e+02,4.000000000000000000e+02,-6.680000000000000000e+02,5.100000000000000000e+01,3.400000000000000000e+01
1.680080658950670242e+09,1.618400000000000000e+04,2.520000000000000000e+02,2.400000000000000000e+02,-6.440000000000000000e+02,5.300000000000000000e+01,3.000000000000000000e+01
1.680080658951849222e+09,1.617600000000000000e+04,2.920000000000000000e+02,3.160000000000000000e+02,-6.230000000000000000e+02,3.500000000000000000e+01,3.900000000000000000e+01
1.680080658954861641e+09,1.630400000000000000e+04,3.440000000000000000e+02,2.960000000000000000e+02,-6.570000000000000000e+02,6.100000000000000000e+01,2.300000000000000000e+01
1.680080658956179142e+09,1.623200000000000000e+04,2.400000000000000000e+02,2.400000000000000000e+02,-6.450000000000000000e+02,4.800000000000000000e+01,2.100000000000000000e+01
1.680080658959071398e+09,1.616400000000000000e+04,2.360000000000000000e+02,2.240000000000000000e+02,-6.100000000000000000e+02,2.600000000000000000e+01,4.300000000000000000e+01
1.680080658960584402e+09,1.617200000000000000e+04,2.400000000000000000e+02,2.120000000000000000e+02,-6.530000000000000000e+02,4.100000000000000000e+01,5.000000000000000000e+01
1.680080658963577271e+09,1.622400000000000000e+04,2.800000000000000000e+02,3.400000000000000000e+02,-6.360000000000000000e+02,3.800000000000000000e+01,3.000000000000000000e+01
1.680080658964957476e+09,1.620000000000000000e+04,2.240000000000000000e+02,4.440000000000000000e+02,-6.340000000000000000e+02,4.900000000000000000e+01,3.900000000000000000e+01
1.680080658967949867e+09,1.614400000000000000e+04,3.440000000000000000e+02,1.800000000000000000e+02,-6.210000000000000000e+02,3.900000000000000000e+01,3.200000000000000000e+01
1.680080658969363689e+09,1.612400000000000000e+04,3.040000000000000000e+02,4.120000000000000000e+02,-6.420000000000000000e+02,6.300000000000000000e+01,3.800000000000000000e+01
1.680080658972443819e+09,1.616400000000000000e+04,2.440000000000000000e+02,2.560000000000000000e+02,-6.230000000000000000e+02,5.300000000000000000e+01,5.800000000000000000e+01
1.680080658973820210e+09,1.612800000000000000e+04,3.400000000000000000e+02,2.760000000000000000e+02,-6.760000000000000000e+02,5.500000000000000000e+01,5.000000000000000000e+01
1.680080658976770163e+09,1.612000000000000000e+04,1.960000000000000000e+02,2.720000000000000000e+02,-5.960000000000000000e+02,2.700000000000000000e+01,3.300000000000000000e+01
1.680080658978127003e+09,1.614400000000000000e+04,2.360000000000000000e+02,2.520000000000000000e+02,-6.550000000000000000e+02,3.700000000000000000e+01,4.500000000000000000e+01
1.680080658981213331e+09,1.617600000000000000e+04,2.080000000000000000e+02,1.320000000000000000e+02,-6.240000000000000000e+02,4.600000000000000000e+01,4.500000000000000000e+01
1.680080658982600689e+09,1.615600000000000000e+04,2.440000000000000000e+02,2.280000000000000000e+02,-6.570000000000000000e+02,4.200000000000000000e+01,3.600000000000000000e+01
1.680080658986049652e+09,1.620400000000000000e+04,2.120000000000000000e+02,2.760000000000000000e+02,-6.350000000000000000e+02,5.500000000000000000e+01,3.600000000000000000e+01
1.680080658987740993e+09,1.607600000000000000e+04,3.600000000000000000e+02,3.320000000000000000e+02,-6.640000000000000000e+02,2.700000000000000000e+01,4.000000000000000000e+01
1.680080658990738869e+09,1.610400000000000000e+04,3.200000000000000000e+02,3.320000000000000000e+02,-6.530000000000000000e+02,6.400000000000000000e+01,3.100000000000000000e+01
1.680080658992539167e+09,1.616000000000000000e+04,2.880000000000000000e+02,3.160000000000000000e+02,-6.160000000000000000e+02,4.200000000000000000e+01,4.500000000000000000e+01
1.680080658995470285e+09,1.623600000000000000e+04,3.280000000000000000e+02,5.080000000000000000e+02,-6.600000000000000000e+02,4.600000000000000000e+01,2.900000000000000000e+01
1.680080658997148275e+09,1.613600000000000000e+04,2.800000000000000000e+02,3.920000000000000000e+02,-6.160000000000000000e+02,4.900000000000000000e+01,5.700000000000000000e+01
1.680080659000001907e+09,1.610400000000000000e+04,2.680000000000000000e+02,3.600000000000000000e+02,-6.390000000000000000e+02,6.200000000000000000e+01,9.000000000000000000e+00
1.680080659001549482e+09,1.614400000000000000e+04,2.960000000000000000e+02,2.040000000000000000e+02,-6.570000000000000000e+02,4.600000000000000000e+01,4.400000000000000000e+01
1.680080659004684448e+09,1.619600000000000000e+04,2.720000000000000000e+02,2.040000000000000000e+02,-6.490000000000000000e+02,4.300000000000000000e+01,3.800000000000000000e+01
1.680080659006371737e+09,1.624800000000000000e+04,2.720000000000000000e+02,2.920000000000000000e+02,-6.510000000000000000e+02,5.500000000000000000e+01,4.600000000000000000e+01
1.680080659009317875e+09,1.615600000000000000e+04,3.120000000000000000e+02,2.400000000000000000e+02,-6.390000000000000000e+02,5.700000000000000000e+01,3.700000000000000000e+01
1.680080659010924101e+09,1.631200000000000000e+04,2.920000000000000000e+02,1.440000000000000000e+02,-6.300000000000000000e+02,5.600000000000000000e+01,2.000000000000000000e+01
1.680080659013952017e+09,1.615200000000000000e+04,3.240000000000000000e+02,3.080000000000000000e+02,-6.390000000000000000e+02,2.600000000000000000e+01,1.700000000000000000e+01
1.680080659015226364e+09,1.618000000000000000e+04,3.000000000000000000e+02,3.840000000000000000e+02,-6.260000000000000000e+02,7.900000000000000000e+01,2.900000000000000000e+01
1.680080659018144369e+09,1.620800000000000000e+04,2.240000000000000000e+02,3.960000000000000000e+02,-6.340000000000000000e+02,1.800000000000000000e+01,3.000000000000000000e+01
1.680080659019550323e+09,1.620000000000000000e+04,3.840000000000000000e+02,2.440000000000000000e+02,-6.150000000000000000e+02,5.900000000000000000e+01,2.300000000000000000e+01
1.680080659022502422e+09,1.613600000000000000e+04,2.720000000000000000e+02,4.360000000000000000e+02,-6.220000000000000000e+02,3.300000000000000000e+01,4.600000000000000000e+01
1.680080659023922920e+09,1.602800000000000000e+04,2.520000000000000000e+02,3.000000000000000000e+02,-6.270000000000000000e+02,2.900000000000000000e+01,1.800000000000000000e+01
1.680080659026743412e+09,1.629600000000000000e+04,2.480000000000000000e+02,2.320000000000000000e+02,-6.070000000000000000e+02,4.900000000000000000e+01,3.600000000000000000e+01
1.680080659028405428e+09,1.612800000000000000e+04,3.120000000000000000e+02,4.120000000000000000e+02,-6.980000000000000000e+02,3.000000000000000000e+01,3.800000000000000000e+01
1.680080659031747818e+09,1.620400000000000000e+04,3.200000000000000000e+02,4.320000000000000000e+02,-6.570000000000000000e+02,5.700000000000000000e+01,4.900000000000000000e+01
1.680080659033304930e+09,1.622000000000000000e+04,4.040000000000000000e+02,3.920000000000000000e+02,-6.730000000000000000e+02,5.500000000000000000e+01,3.400000000000000000e+01
1.680080659036424160e+09,1.612400000000000000e+04,2.840000000000000000e+02,3.520000000000000000e+02,-6.410000000000000000e+02,1.000000000000000000e+00,3.000000000000000000e+01
1.680080659037989855e+09,1.620000000000000000e+04,3.080000000000000000e+02,3.840000000000000000e+02,-6.030000000000000000e+02,4.600000000000000000e+01,3.700000000000000000e+01
1.680080659040969610e+09,1.618000000000000000e+04,3.120000000000000000e+02,3.560000000000000000e+02,-6.670000000000000000e+02,2.600000000000000000e+01,3.600000000000000000e+01
1.680080659042403221e+09,1.614000000000000000e+04,2.760000000000000000e+02,3.800000000000000000e+02,-6.320000000000000000e+02,5.800000000000000000e+01,2.000000000000000000e+01
1.680080659045484543e+09,1.626400000000000000e+04,3.640000000000000000e+02,4.720000000000000000e+02,-6.300000000000000000e+02,4.500000000000000000e+01,2.000000000000000000e+01
1.680080659046931744e+09,1.623200000000000000e+04,2.880000000000000000e+02,2.360000000000000000e+02,-6.590000000000000000e+02,2.200000000000000000e+01,3.600000000000000000e+01
1.680080659050026417e+09,1.623600000000000000e+04,3.440000000000000000e+02,2.760000000000000000e+02,-6.580000000000000000e+02,4.100000000000000000e+01,5.300000000000000000e+01
1.680080659051533461e+09,1.615200000000000000e+04,3.560000000000000000e+02,3.840000000000000000e+02,-6.310000000000000000e+02,1.700000000000000000e+01,2.500000000000000000e+01
1.680080659054373026e+09,1.628000000000000000e+04,2.480000000000000000e+02,3.200000000000000000e+02,-6.620000000000000000e+02,4.700000000000000000e+01,4.800000000000000000e+01
1.680080659055902719e+09,1.625600000000000000e+04,2.920000000000000000e+02,2.640000000000000000e+02,-6.460000000000000000e+02,6.700000000000000000e+01,4.000000000000000000e+01
1.680080659058832407e+09,1.610400000000000000e+04,3.440000000000000000e+02,2.880000000000000000e+02,-6.140000000000000000e+02,3.500000000000000000e+01,2.300000000000000000e+01
1.680080659060141087e+09,1.610800000000000000e+04,3.480000000000000000e+02,1.200000000000000000e+02,-6.320000000000000000e+02,6.600000000000000000e+01,2.900000000000000000e+01
1.680080659063004971e+09,1.614800000000000000e+04,3.600000000000000000e+02,4.320000000000000000e+02,-6.250000000000000000e+02,3.000000000000000000e+01,1.800000000000000000e+01
1.680080659064599752e+09,1.617600000000000000e+04,3.080000000000000000e+02,4.120000000000000000e+02,-6.740000000000000000e+02,2.900000000000000000e+01,3.700000000000000000e+01
1.680080659067538023e+09,1.622400000000000000e+04,3.520000000000000000e+02,2.960000000000000000e+02,-6.030000000000000000e+02,5.500000000000000000e+01,4.300000000000000000e+01
1.680080659069203854e+09,1.612000000000000000e+04,2.800000000000000000e+02,3.000000000000000000e+02,-6.750000000000000000e+02,5.100000000000000000e+01,3.300000000000000000e+01
1.680080659072141171e+09,1.607600000000000000e+04,4.120000000000000000e+02,2.280000000000000000e+02,-6.240000000000000000e+02,6.500000000000000000e+01,2.100000000000000000e+01
1.680080659073765993e+09,1.616400000000000000e+04,3.160000000000000000e+02,2.040000000000000000e+02,-6.390000000000000000e+02,5.100000000000000000e+01,6.700000000000000000e+01
1.680080659076900721e+09,1.612400000000000000e+04,3.320000000000000000e+02,2.200000000000000000e+02,-6.340000000000000000e+02,5.700000000000000000e+01,3.700000000000000000e+01
1.680080659078324795e+09,1.614000000000000000e+04,3.200000000000000000e+02,2.520000000000000000e+02,-6.160000000000000000e+02,7.000000000000000000e+01,3.200000000000000000e+01
1.680080659081456661e+09,1.632000000000000000e+04,3.480000000000000000e+02,4.000000000000000000e+02,-6.200000000000000000e+02,2.400000000000000000e+01,3.800000000000000000e+01
1.680080659082998276e+09,1.619200000000000000e+04,2.800000000000000000e+02,3.120000000000000000e+02,-6.330000000000000000e+02,5.800000000000000000e+01,2.200000000000000000e+01
1.680080659085857868e+09,1.626800000000000000e+04,4.080000000000000000e+02,1.520000000000000000e+02,-6.330000000000000000e+02,6.700000000000000000e+01,2.700000000000000000e+01
1.680080659087482691e+09,1.619200000000000000e+04,4.480000000000000000e+02,2.280000000000000000e+02,-6.310000000000000000e+02,3.300000000000000000e+01,3.700000000000000000e+01
1.680080659090530634e+09,1.625200000000000000e+04,2.720000000000000000e+02,2.800000000000000000e+02,-6.430000000000000000e+02,4.600000000000000000e+01,2.200000000000000000e+01
1.680080659091857910e+09,1.615600000000000000e+04,3.120000000000000000e+02,1.480000000000000000e+02,-6.280000000000000000e+02,3.600000000000000000e+01,2.400000000000000000e+01
1.680080659094745874e+09,1.623600000000000000e+04,3.600000000000000000e+02,2.880000000000000000e+02,-6.220000000000000000e+02,5.300000000000000000e+01,3.800000000000000000e+01
1.680080659096127033e+09,1.624800000000000000e+04,2.920000000000000000e+02,3.320000000000000000e+02,-6.410000000000000000e+02,5.900000000000000000e+01,2.800000000000000000e+01
1.680080659099096298e+09,1.617200000000000000e+04,3.360000000000000000e+02,3.400000000000000000e+02,-6.580000000000000000e+02,2.500000000000000000e+01,2.000000000000000000e+01
1.680080659100625515e+09,1.611600000000000000e+04,3.560000000000000000e+02,1.680000000000000000e+02,-6.290000000000000000e+02,9.000000000000000000e+00,1.600000000000000000e+01
1.680080659103552341e+09,1.625200000000000000e+04,3.160000000000000000e+02,1.440000000000000000e+02,-6.830000000000000000e+02,4.400000000000000000e+01,3.000000000000000000e+00
1.680080659105099440e+09,1.619600000000000000e+04,3.320000000000000000e+02,2.360000000000000000e+02,-5.900000000000000000e+02,5.100000000000000000e+01,4.300000000000000000e+01
1.680080659108145475e+09,1.622800000000000000e+04,3.600000000000000000e+02,2.400000000000000000e+02,-6.620000000000000000e+02,5.700000000000000000e+01,1.600000000000000000e+01
1.680080659109769583e+09,1.616800000000000000e+04,3.720000000000000000e+02,2.400000000000000000e+02,-6.260000000000000000e+02,5.600000000000000000e+01,3.400000000000000000e+01
1.680080659112999678e+09,1.616400000000000000e+04,2.640000000000000000e+02,2.320000000000000000e+02,-6.560000000000000000e+02,5.300000000000000000e+01,4.500000000000000000e+01
1.680080659114510775e+09,1.625200000000000000e+04,3.280000000000000000e+02,1.920000000000000000e+02,-6.390000000000000000e+02,2.600000000000000000e+01,3.300000000000000000e+01
1.680080659117525578e+09,1.615200000000000000e+04,3.680000000000000000e+02,2.600000000000000000e+02,-6.110000000000000000e+02,3.800000000000000000e+01,3.300000000000000000e+01
1.680080659119273901e+09,1.610000000000000000e+04,3.280000000000000000e+02,1.520000000000000000e+02,-6.570000000000000000e+02,7.400000000000000000e+01,1.300000000000000000e+01
1.680080659122123480e+09,1.610400000000000000e+04,2.720000000000000000e+02,2.440000000000000000e+02,-6.180000000000000000e+02,6.100000000000000000e+01,2.000000000000000000e+01
1.680080659123581648e+09,1.620000000000000000e+04,2.920000000000000000e+02,2.320000000000000000e+02,-6.470000000000000000e+02,4.800000000000000000e+01,2.700000000000000000e+01
1.680080659126537323e+09,1.615200000000000000e+04,2.200000000000000000e+02,2.720000000000000000e+02,-6.580000000000000000e+02,3.900000000000000000e+01,4.800000000000000000e+01
1.680080659128015041e+09,1.617200000000000000e+04,2.920000000000000000e+02,3.240000000000000000e+02,-6.280000000000000000e+02,7.100000000000000000e+01,4.200000000000000000e+01
1.680080659130978584e+09,1.616800000000000000e+04,2.240000000000000000e+02,2.800000000000000000e+02,-6.160000000000000000e+02,4.200000000000000000e+01,3.500000000000000000e+01
1.680080659132707357e+09,1.617600000000000000e+04,2.400000000000000000e+02,3.720000000000000000e+02,-6.570000000000000000e+02,7.000000000000000000e+00,4.800000000000000000e+01
1.680080659135656595e+09,1.621200000000000000e+04,3.920000000000000000e+02,3.320000000000000000e+02,-6.550000000000000000e+02,8.500000000000000000e+01,3.800000000000000000e+01
1.680080659137103558e+09,1.624000000000000000e+04,2.800000000000000000e+02,2.520000000000000000e+02,-6.410000000000000000e+02,3.500000000000000000e+01,3.900000000000000000e+01
1.680080659140288830e+09,1.625200000000000000e+04,3.160000000000000000e+02,4.120000000000000000e+02,-6.410000000000000000e+02,3.700000000000000000e+01,4.400000000000000000e+01
1.680080659141853809e+09,1.615200000000000000e+04,3.360000000000000000e+02,2.120000000000000000e+02,-6.320000000000000000e+02,4.900000000000000000e+01,5.200000000000000000e+01
1.680080659144613028e+09,1.604000000000000000e+04,1.960000000000000000e+02,3.680000000000000000e+02,-6.230000000000000000e+02,3.800000000000000000e+01,2.700000000000000000e+01
1.680080659146482229e+09,1.620800000000000000e+04,3.120000000000000000e+02,3.360000000000000000e+02,-6.250000000000000000e+02,5.400000000000000000e+01,1.400000000000000000e+01
1.680080659149572611e+09,1.608800000000000000e+04,3.480000000000000000e+02,2.800000000000000000e+02,-6.240000000000000000e+02,4.500000000000000000e+01,3.700000000000000000e+01
1.680080659150962114e+09,1.619200000000000000e+04,2.640000000000000000e+02,3.120000000000000000e+02,-6.640000000000000000e+02,4.500000000000000000e+01,3.900000000000000000e+01
1.680080659153979301e+09,1.614400000000000000e+04,2.080000000000000000e+02,3.520000000000000000e+02,-5.950000000000000000e+02,6.400000000000000000e+01,5.900000000000000000e+01
1.680080659155300379e+09,1.618000000000000000e+04,2.880000000000000000e+02,3.880000000000000000e+02,-6.670000000000000000e+02,2.300000000000000000e+01,3.000000000000000000e+01
1.680080659158401728e+09,1.616800000000000000e+04,2.800000000000000000e+02,4.200000000000000000e+02,-6.490000000000000000e+02,6.500000000000000000e+01,3.600000000000000000e+01
1.680080659159942389e+09,1.623200000000000000e+04,3.080000000000000000e+02,4.360000000000000000e+02,-6.220000000000000000e+02,6.000000000000000000e+01,4.400000000000000000e+01
1.680080659162946463e+09,1.617600000000000000e+04,3.120000000000000000e+02,3.880000000000000000e+02,-6.080000000000000000e+02,2.800000000000000000e+01,3.900000000000000000e+01
1.680080659164377928e+09,1.612800000000000000e+04,2.160000000000000000e+02,2.600000000000000000e+02,-6.490000000000000000e+02,8.000000000000000000e+01,3.700000000000000000e+01
1.680080659167674780e+09,1.619200000000000000e+04,4.080000000000000000e+02,1.600000000000000000e+02,-6.100000000000000000e+02,3.900000000000000000e+01,4.000000000000000000e+01
1.680080659169074059e+09,1.616400000000000000e+04,2.560000000000000000e+02,2.600000000000000000e+02,-6.480000000000000000e+02,5.400000000000000000e+01,3.800000000000000000e+01
1.680080659172147751e+09,1.621600000000000000e+04,3.000000000000000000e+02,2.680000000000000000e+02,-6.500000000000000000e+02,2.600000000000000000e+01,3.900000000000000000e+01
1.680080659173580170e+09,1.626400000000000000e+04,2.760000000000000000e+02,4.240000000000000000e+02,-6.400000000000000000e+02,5.900000000000000000e+01,3.800000000000000000e+01
1.680080659176585436e+09,1.632000000000000000e+04,3.000000000000000000e+02,3.760000000000000000e+02,-6.480000000000000000e+02,4.100000000000000000e+01,2.900000000000000000e+01
1.680080659178226471e+09,1.623200000000000000e+04,2.880000000000000000e+02,3.240000000000000000e+02,-6.110000000000000000e+02,4.000000000000000000e+01,4.700000000000000000e+01
1.680080659181279659e+09,1.616000000000000000e+04,3.240000000000000000e+02,3.960000000000000000e+02,-6.480000000000000000e+02,6.200000000000000000e+01,3.900000000000000000e+01
1.680080659182725668e+09,1.623200000000000000e+04,3.600000000000000000e+02,3.840000000000000000e+02,-6.540000000000000000e+02,4.600000000000000000e+01,4.700000000000000000e+01
1.680080659185755968e+09,1.623600000000000000e+04,4.360000000000000000e+02,3.240000000000000000e+02,-6.420000000000000000e+02,3.500000000000000000e+01,5.300000000000000000e+01
1.680080659187232971e+09,1.623600000000000000e+04,3.920000000000000000e+02,3.160000000000000000e+02,-6.250000000000000000e+02,3.300000000000000000e+01,3.400000000000000000e+01
1.680080659190193892e+09,1.628000000000000000e+04,3.800000000000000000e+02,3.400000000000000000e+02,-6.590000000000000000e+02,4.500000000000000000e+01,2.600000000000000000e+01
1.680080659191585064e+09,1.622000000000000000e+04,3.720000000000000000e+02,4.480000000000000000e+02,-6.370000000000000000e+02,3.100000000000000000e+01,4.200000000000000000e+01
1.680080659194606066e+09,1.614400000000000000e+04,2.480000000000000000e+02,2.720000000000000000e+02,-6.960000000000000000e+02,5.500000000000000000e+01,3.600000000000000000e+01
1.680080659196415901e+09,1.612800000000000000e+04,3.080000000000000000e+02,5.480000000000000000e+02,-6.270000000000000000e+02,3.000000000000000000e+01,4.100000000000000000e+01
1.680080659199392080e+09,1.610800000000000000e+04,3.160000000000000000e+02,4.640000000000000000e+02,-6.300000000000000000e+02,4.400000000000000000e+01,4.000000000000000000e+01
1.680080659200969219e+09,1.623200000000000000e+04,3.400000000000000000e+02,3.920000000000000000e+02,-6.480000000000000000e+02,5.700000000000000000e+01,3.500000000000000000e+01
1.680080659203867674e+09,1.614400000000000000e+04,3.520000000000000000e+02,3.160000000000000000e+02,-6.460000000000000000e+02,3.300000000000000000e+01,4.100000000000000000e+01
1.680080659206142902e+09,1.614400000000000000e+04,2.560000000000000000e+02,4.000000000000000000e+02,-6.300000000000000000e+02,4.500000000000000000e+01,5.200000000000000000e+01
1.680080659209043741e+09,1.616000000000000000e+04,3.840000000000000000e+02,3.440000000000000000e+02,-6.570000000000000000e+02,5.000000000000000000e+01,3.300000000000000000e+01
1.680080659210700989e+09,1.618400000000000000e+04,3.440000000000000000e+02,3.320000000000000000e+02,-6.200000000000000000e+02,4.700000000000000000e+01,3.500000000000000000e+01
1.680080659213984251e+09,1.623600000000000000e+04,2.400000000000000000e+02,2.240000000000000000e+02,-6.390000000000000000e+02,6.500000000000000000e+01,3.200000000000000000e+01
1.680080659215512753e+09,1.629600000000000000e+04,2.720000000000000000e+02,1.600000000000000000e+02,-6.620000000000000000e+02,3.500000000000000000e+01,3.000000000000000000e+01
1.680080659218499660e+09,1.622000000000000000e+04,3.440000000000000000e+02,3.800000000000000000e+02,-6.320000000000000000e+02,6.000000000000000000e+01,4.000000000000000000e+01
1.680080659220123529e+09,1.622400000000000000e+04,3.480000000000000000e+02,3.960000000000000000e+02,-6.760000000000000000e+02,4.300000000000000000e+01,2.300000000000000000e+01
1.680080659223073244e+09,1.616800000000000000e+04,4.120000000000000000e+02,3.320000000000000000e+02,-6.500000000000000000e+02,2.600000000000000000e+01,4.100000000000000000e+01
1.680080659224734783e+09,1.614400000000000000e+04,3.720000000000000000e+02,3.640000000000000000e+02,-6.060000000000000000e+02,4.300000000000000000e+01,5.700000000000000000e+01
1.680080659227753639e+09,1.620400000000000000e+04,3.520000000000000000e+02,1.480000000000000000e+02,-6.370000000000000000e+02,7.700000000000000000e+01,4.800000000000000000e+01
1.680080659229224920e+09,1.619600000000000000e+04,2.280000000000000000e+02,2.600000000000000000e+02,-6.500000000000000000e+02,4.400000000000000000e+01,3.000000000000000000e+01
1.680080659232300997e+09,1.617600000000000000e+04,3.600000000000000000e+02,3.400000000000000000e+02,-6.570000000000000000e+02,3.700000000000000000e+01,8.000000000000000000e+00
1.680080659234035969e+09,1.615600000000000000e+04,2.800000000000000000e+02,2.960000000000000000e+02,-5.920000000000000000e+02,3.300000000000000000e+01,4.000000000000000000e+01
1.680080659237056971e+09,1.612400000000000000e+04,2.280000000000000000e+02,2.920000000000000000e+02,-6.630000000000000000e+02,4.900000000000000000e+01,3.400000000000000000e+01
1.680080659238642931e+09,1.607200000000000000e+04,3.080000000000000000e+02,2.040000000000000000e+02,-6.410000000000000000e+02,5.600000000000000000e+01,5.500000000000000000e+01
1.680080659241770744e+09,1.617600000000000000e+04,3.080000000000000000e+02,2.400000000000000000e+02,-6.340000000000000000e+02,5.400000000000000000e+01,3.000000000000000000e+01
1.680080659243327856e+09,1.623200000000000000e+04,2.520000000000000000e+02,2.440000000000000000e+02,-6.660000000000000000e+02,5.700000000000000000e+01,1.800000000000000000e+01
1.680080659246375799e+09,1.619600000000000000e+04,2.680000000000000000e+02,3.440000000000000000e+02,-6.410000000000000000e+02,4.700000000000000000e+01,4.000000000000000000e+01
1.680080659247896671e+09,1.612000000000000000e+04,3.080000000000000000e+02,2.360000000000000000e+02,-6.340000000000000000e+02,3.600000000000000000e+01,1.200000000000000000e+01
1.680080659250925541e+09,1.611600000000000000e+04,3.200000000000000000e+02,3.800000000000000000e+02,-6.300000000000000000e+02,4.200000000000000000e+01,3.600000000000000000e+01
1.680080659252632380e+09,1.620400000000000000e+04,3.640000000000000000e+02,2.600000000000000000e+02,-6.050000000000000000e+02,3.300000000000000000e+01,4.800000000000000000e+01
1.680080659255635023e+09,1.619600000000000000e+04,2.920000000000000000e+02,2.720000000000000000e+02,-6.220000000000000000e+02,2.000000000000000000e+01,1.300000000000000000e+01
1.680080659257162571e+09,1.622000000000000000e+04,2.440000000000000000e+02,2.480000000000000000e+02,-6.510000000000000000e+02,5.800000000000000000e+01,2.800000000000000000e+01
1.680080659260048389e+09,1.614400000000000000e+04,3.000000000000000000e+02,2.520000000000000000e+02,-6.230000000000000000e+02,4.300000000000000000e+01,2.500000000000000000e+01
1.680080659261519194e+09,1.617600000000000000e+04,2.920000000000000000e+02,2.600000000000000000e+02,-6.120000000000000000e+02,6.400000000000000000e+01,2.800000000000000000e+01
1.680080659264499664e+09,1.616000000000000000e+04,2.960000000000000000e+02,7.200000000000000000e+01,-6.110000000000000000e+02,1.800000000000000000e+01,5.300000000000000000e+01
1.680080659266116619e+09,1.612800000000000000e+04,2.760000000000000000e+02,3.360000000000000000e+02,-6.360000000000000000e+02,6.000000000000000000e+01,3.600000000000000000e+01
1.680080659269063711e+09,1.617600000000000000e+04,4.200000000000000000e+02,3.560000000000000000e+02,-6.210000000000000000e+02,3.900000000000000000e+01,5.200000000000000000e+01
1.680080659270694256e+09,1.617600000000000000e+04,3.840000000000000000e+02,3.000000000000000000e+02,-6.490000000000000000e+02,5.900000000000000000e+01,3.000000000000000000e+01
1.680080659273542643e+09,1.614800000000000000e+04,3.560000000000000000e+02,3.880000000000000000e+02,-6.550000000000000000e+02,3.900000000000000000e+01,7.000000000000000000e+00
1.680080659275386095e+09,1.613200000000000000e+04,3.360000000000000000e+02,4.000000000000000000e+02,-6.340000000000000000e+02,5.900000000000000000e+01,3.600000000000000000e+01
1.680080659278514385e+09,1.622800000000000000e+04,3.560000000000000000e+02,3.200000000000000000e+02,-6.510000000000000000e+02,3.600000000000000000e+01,1.800000000000000000e+01
1.680080659279882431e+09,1.633200000000000000e+04,3.040000000000000000e+02,2.200000000000000000e+02,-6.580000000000000000e+02,4.400000000000000000e+01,2.300000000000000000e+01
1.680080659282957315e+09,1.624000000000000000e+04,3.840000000000000000e+02,2.040000000000000000e+02,-6.330000000000000000e+02,3.000000000000000000e+01,3.800000000000000000e+01
1.680080659284318447e+09,1.630800000000000000e+04,3.640000000000000000e+02,2.920000000000000000e+02,-6.360000000000000000e+02,5.100000000000000000e+01,2.900000000000000000e+01
1.680080659287507057e+09,1.611600000000000000e+04,2.920000000000000000e+02,4.720000000000000000e+02,-6.520000000000000000e+02,4.900000000000000000e+01,3.200000000000000000e+01
1.680080659289094448e+09,1.629200000000000000e+04,3.400000000000000000e+02,4.040000000000000000e+02,-6.620000000000000000e+02,2.900000000000000000e+01,5.500000000000000000e+01
1.680080659292221546e+09,1.620000000000000000e+04,3.080000000000000000e+02,2.800000000000000000e+02,-6.610000000000000000e+02,5.900000000000000000e+01,1.500000000000000000e+01
1.680080659293678999e+09,1.613600000000000000e+04,3.920000000000000000e+02,4.800000000000000000e+02,-6.390000000000000000e+02,6.500000000000000000e+01,1.400000000000000000e+01
1.680080659296873331e+09,1.617200000000000000e+04,3.440000000000000000e+02,2.280000000000000000e+02,-6.450000000000000000e+02,3.200000000000000000e+01,3.700000000000000000e+01
1.680080659298215389e+09,1.618000000000000000e+04,2.840000000000000000e+02,1.520000000000000000e+02,-6.370000000000000000e+02,3.800000000000000000e+01,4.800000000000000000e+01
1.680080659301098347e+09,1.617200000000000000e+04,3.240000000000000000e+02,4.680000000000000000e+02,-6.520000000000000000e+02,3.600000000000000000e+01,3.800000000000000000e+01
1.680080659302490711e+09,1.622000000000000000e+04,2.680000000000000000e+02,4.320000000000000000e+02,-6.290000000000000000e+02,1.100000000000000000e+01,3.600000000000000000e+01
1.680080659305547237e+09,1.619600000000000000e+04,3.360000000000000000e+02,4.200000000000000000e+02,-6.290000000000000000e+02,3.200000000000000000e+01,5.300000000000000000e+01
1.680080659307268381e+09,1.618000000000000000e+04,3.560000000000000000e+02,3.680000000000000000e+02,-6.270000000000000000e+02,8.000000000000000000e+01,4.300000000000000000e+01
1.680080659310230255e+09,1.616000000000000000e+04,3.280000000000000000e+02,3.280000000000000000e+02,-6.110000000000000000e+02,3.000000000000000000e+01,2.000000000000000000e+01
1.680080659311612129e+09,1.618000000000000000e+04,3.680000000000000000e+02,2.480000000000000000e+02,-6.190000000000000000e+02,6.300000000000000000e+01,4.000000000000000000e+01
1.680080659314781666e+09,1.619200000000000000e+04,2.800000000000000000e+02,4.040000000000000000e+02,-6.230000000000000000e+02,5.100000000000000000e+01,1.800000000000000000e+01
1.680080659316049099e+09,1.618400000000000000e+04,2.760000000000000000e+02,5.160000000000000000e+02,-6.200000000000000000e+02,4.900000000000000000e+01,5.600000000000000000e+01
1.680080659319371223e+09,1.629200000000000000e+04,2.080000000000000000e+02,3.880000000000000000e+02,-6.450000000000000000e+02,3.300000000000000000e+01,3.700000000000000000e+01
1.680080659320972681e+09,1.620800000000000000e+04,3.040000000000000000e+02,3.560000000000000000e+02,-6.370000000000000000e+02,3.200000000000000000e+01,2.000000000000000000e+01
1.680080659324065447e+09,1.616400000000000000e+04,2.640000000000000000e+02,4.160000000000000000e+02,-6.330000000000000000e+02,6.800000000000000000e+01,5.500000000000000000e+01
1.680080659325745106e+09,1.612000000000000000e+04,3.080000000000000000e+02,2.600000000000000000e+02,-6.780000000000000000e+02,2.800000000000000000e+01,4.600000000000000000e+01
1.680080659328871489e+09,1.613200000000000000e+04,2.960000000000000000e+02,3.320000000000000000e+02,-6.490000000000000000e+02,4.300000000000000000e+01,3.300000000000000000e+01
1.680080659330733061e+09,1.623600000000000000e+04,1.520000000000000000e+02,3.960000000000000000e+02,-6.560000000000000000e+02,5.500000000000000000e+01,3.200000000000000000e+01
1.680080659333678484e+09,1.617200000000000000e+04,2.400000000000000000e+02,3.880000000000000000e+02,-6.090000000000000000e+02,3.500000000000000000e+01,4.100000000000000000e+01
1.680080659335658312e+09,1.615600000000000000e+04,3.560000000000000000e+02,4.800000000000000000e+02,-6.760000000000000000e+02,4.200000000000000000e+01,2.100000000000000000e+01
1.680080659338687897e+09,1.611600000000000000e+04,2.400000000000000000e+02,4.480000000000000000e+02,-6.320000000000000000e+02,4.700000000000000000e+01,2.000000000000000000e+00
1.680080659340242863e+09,1.624400000000000000e+04,2.240000000000000000e+02,4.120000000000000000e+02,-5.930000000000000000e+02,5.000000000000000000e+01,2.200000000000000000e+01
1.680080659343155861e+09,1.613200000000000000e+04,3.080000000000000000e+02,2.640000000000000000e+02,-6.350000000000000000e+02,5.700000000000000000e+01,5.100000000000000000e+01
1.680080659344661951e+09,1.616800000000000000e+04,2.920000000000000000e+02,3.080000000000000000e+02,-6.460000000000000000e+02,3.700000000000000000e+01,9.000000000000000000e+00
1.680080659347560883e+09,1.616800000000000000e+04,3.520000000000000000e+02,2.320000000000000000e+02,-6.320000000000000000e+02,6.000000000000000000e+01,4.600000000000000000e+01
1.680080659349360943e+09,1.609600000000000000e+04,3.240000000000000000e+02,3.200000000000000000e+02,-6.240000000000000000e+02,2.600000000000000000e+01,3.800000000000000000e+01
1.680080659352189302e+09,1.624400000000000000e+04,2.320000000000000000e+02,4.560000000000000000e+02,-6.540000000000000000e+02,4.800000000000000000e+01,3.300000000000000000e+01
1.680080659353620768e+09,1.614000000000000000e+04,2.640000000000000000e+02,2.200000000000000000e+02,-6.330000000000000000e+02,3.700000000000000000e+01,2.900000000000000000e+01
1.680080659356682062e+09,1.613200000000000000e+04,3.240000000000000000e+02,3.120000000000000000e+02,-6.130000000000000000e+02,5.400000000000000000e+01,1.100000000000000000e+01
1.680080659357991695e+09,1.624800000000000000e+04,3.080000000000000000e+02,2.960000000000000000e+02,-6.390000000000000000e+02,8.400000000000000000e+01,1.800000000000000000e+01
1.680080659360955238e+09,1.611200000000000000e+04,3.680000000000000000e+02,3.160000000000000000e+02,-6.340000000000000000e+02,5.000000000000000000e+01,5.200000000000000000e+01
1.680080659362434626e+09,1.607200000000000000e+04,4.360000000000000000e+02,2.120000000000000000e+02,-6.320000000000000000e+02,3.300000000000000000e+01,2.600000000000000000e+01
1.680080659365518570e+09,1.624400000000000000e+04,3.720000000000000000e+02,2.040000000000000000e+02,-6.460000000000000000e+02,4.100000000000000000e+01,4.400000000000000000e+01
1.680080659367141008e+09,1.624000000000000000e+04,3.960000000000000000e+02,2.280000000000000000e+02,-6.340000000000000000e+02,4.700000000000000000e+01,2.900000000000000000e+01
1.680080659370099545e+09,1.621600000000000000e+04,3.160000000000000000e+02,4.200000000000000000e+02,-6.270000000000000000e+02,4.600000000000000000e+01,4.200000000000000000e+01
1.680080659371735811e+09,1.614800000000000000e+04,2.680000000000000000e+02,4.080000000000000000e+02,-6.580000000000000000e+02,3.000000000000000000e+01,2.700000000000000000e+01
1.680080659374752760e+09,1.616400000000000000e+04,2.560000000000000000e+02,3.040000000000000000e+02,-6.190000000000000000e+02,4.700000000000000000e+01,3.900000000000000000e+01
1.680080659376304626e+09,1.617600000000000000e+04,2.880000000000000000e+02,2.640000000000000000e+02,-6.450000000000000000e+02,2.300000000000000000e+01,4.100000000000000000e+01
1.680080659379326582e+09,1.619600000000000000e+04,3.880000000000000000e+02,3.240000000000000000e+02,-6.170000000000000000e+02,4.700000000000000000e+01,4.800000000000000000e+01
1.680080659380878925e+09,1.620800000000000000e+04,3.120000000000000000e+02,1.880000000000000000e+02,-6.950000000000000000e+02,1.900000000000000000e+01,1.900000000000000000e+01
1.680080659384061813e+09,1.611200000000000000e+04,2.800000000000000000e+02,3.240000000000000000e+02,-6.240000000000000000e+02,5.800000000000000000e+01,2.700000000000000000e+01
1.680080659385515690e+09,1.609600000000000000e+04,2.480000000000000000e+02,3.280000000000000000e+02,-6.780000000000000000e+02,4.300000000000000000e+01,2.400000000000000000e+01
1.680080659388631582e+09,1.607200000000000000e+04,3.600000000000000000e+02,4.080000000000000000e+02,-6.210000000000000000e+02,5.200000000000000000e+01,4.800000000000000000e+01
1.680080659390168667e+09,1.613200000000000000e+04,3.280000000000000000e+02,2.760000000000000000e+02,-6.850000000000000000e+02,3.100000000000000000e+01,3.100000000000000000e+01
1.680080659393269539e+09,1.622000000000000000e+04,2.840000000000000000e+02,3.040000000000000000e+02,-6.670000000000000000e+02,3.400000000000000000e+01,2.300000000000000000e+01
1.680080659394916058e+09,1.622000000000000000e+04,2.520000000000000000e+02,2.880000000000000000e+02,-6.540000000000000000e+02,5.600000000000000000e+01,1.900000000000000000e+01
1.680080659398390770e+09,1.628800000000000000e+04,2.920000000000000000e+02,3.680000000000000000e+02,-6.250000000000000000e+02,3.900000000000000000e+01,3.400000000000000000e+01
1.680080659399882078e+09,1.620000000000000000e+04,2.920000000000000000e+02,3.360000000000000000e+02,-6.390000000000000000e+02,4.600000000000000000e+01,2.400000000000000000e+01
1.680080659402991056e+09,1.616000000000000000e+04,2.960000000000000000e+02,3.160000000000000000e+02,-6.570000000000000000e+02,4.200000000000000000e+01,2.900000000000000000e+01
1.680080659404351234e+09,1.621600000000000000e+04,2.840000000000000000e+02,2.840000000000000000e+02,-6.210000000000000000e+02,2.700000000000000000e+01,1.900000000000000000e+01
1.680080659407453537e+09,1.618800000000000000e+04,3.400000000000000000e+02,3.240000000000000000e+02,-6.720000000000000000e+02,4.400000000000000000e+01,6.000000000000000000e+01
1.680080659408868074e+09,1.612800000000000000e+04,2.520000000000000000e+02,2.560000000000000000e+02,-6.170000000000000000e+02,6.400000000000000000e+01,4.200000000000000000e+01
1.680080659411998987e+09,1.613200000000000000e+04,4.360000000000000000e+02,2.480000000000000000e+02,-6.610000000000000000e+02,4.200000000000000000e+01,5.700000000000000000e+01
1.680080659413467169e+09,1.611600000000000000e+04,3.040000000000000000e+02,2.760000000000000000e+02,-6.010000000000000000e+02,4.800000000000000000e+01,4.500000000000000000e+01
1.680080659416601896e+09,1.612000000000000000e+04,3.000000000000000000e+02,2.920000000000000000e+02,-6.250000000000000000e+02,5.500000000000000000e+01,3.000000000000000000e+01
1.680080659418178797e+09,1.622800000000000000e+04,2.600000000000000000e+02,4.240000000000000000e+02,-6.530000000000000000e+02,3.700000000000000000e+01,2.500000000000000000e+01
1.680080659421149731e+09,1.619600000000000000e+04,3.400000000000000000e+02,2.920000000000000000e+02,-6.290000000000000000e+02,5.600000000000000000e+01,1.600000000000000000e+01
1.680080659422545671e+09,1.621200000000000000e+04,3.320000000000000000e+02,3.320000000000000000e+02,-6.400000000000000000e+02,6.900000000000000000e+01,3.100000000000000000e+01
1.680080659425774574e+09,1.621200000000000000e+04,3.120000000000000000e+02,2.840000000000000000e+02,-6.510000000000000000e+02,4.200000000000000000e+01,1.900000000000000000e+01
1.680080659427267313e+09,1.617200000000000000e+04,3.240000000000000000e+02,4.360000000000000000e+02,-6.590000000000000000e+02,5.800000000000000000e+01,3.000000000000000000e+01
1.680080659430409431e+09,1.626000000000000000e+04,3.560000000000000000e+02,2.680000000000000000e+02,-6.440000000000000000e+02,5.300000000000000000e+01,2.700000000000000000e+01
1.680080659431645870e+09,1.612400000000000000e+04,3.400000000000000000e+02,3.360000000000000000e+02,-6.430000000000000000e+02,4.000000000000000000e+01,2.900000000000000000e+01
1.680080659434485435e+09,1.604800000000000000e+04,2.680000000000000000e+02,2.560000000000000000e+02,-6.540000000000000000e+02,5.900000000000000000e+01,3.600000000000000000e+01
1.680080659436126471e+09,1.623600000000000000e+04,2.000000000000000000e+02,3.520000000000000000e+02,-6.440000000000000000e+02,6.200000000000000000e+01,3.600000000000000000e+01
1.680080659439226866e+09,1.614800000000000000e+04,3.400000000000000000e+02,3.640000000000000000e+02,-6.380000000000000000e+02,7.100000000000000000e+01,1.200000000000000000e+01
1.680080659440605164e+09,1.622800000000000000e+04,2.560000000000000000e+02,2.840000000000000000e+02,-6.310000000000000000e+02,2.400000000000000000e+01,2.700000000000000000e+01
1.680080659443587303e+09,1.617600000000000000e+04,2.800000000000000000e+02,4.360000000000000000e+02,-6.450000000000000000e+02,3.700000000000000000e+01,3.400000000000000000e+01
1.680080659445160627e+09,1.620000000000000000e+04,2.720000000000000000e+02,5.760000000000000000e+02,-6.090000000000000000e+02,3.200000000000000000e+01,3.600000000000000000e+01
1.680080659448292494e+09,1.616400000000000000e+04,3.000000000000000000e+02,4.400000000000000000e+02,-6.270000000000000000e+02,4.400000000000000000e+01,2.000000000000000000e+01
1.680080659449934959e+09,1.617600000000000000e+04,2.600000000000000000e+02,3.160000000000000000e+02,-6.500000000000000000e+02,2.700000000000000000e+01,4.400000000000000000e+01
1.680080659452983856e+09,1.611200000000000000e+04,2.840000000000000000e+02,4.440000000000000000e+02,-6.600000000000000000e+02,6.500000000000000000e+01,1.200000000000000000e+01
1.680080659454581976e+09,1.618800000000000000e+04,3.400000000000000000e+02,3.880000000000000000e+02,-6.310000000000000000e+02,4.900000000000000000e+01,1.900000000000000000e+01
1.680080659457691908e+09,1.607200000000000000e+04,2.080000000000000000e+02,2.760000000000000000e+02,-6.000000000000000000e+02,1.000000000000000000e+00,4.800000000000000000e+01
1.680080659459131241e+09,1.622800000000000000e+04,3.600000000000000000e+02,4.080000000000000000e+02,-6.240000000000000000e+02,6.200000000000000000e+01,3.300000000000000000e+01
1.680080659462136269e+09,1.610000000000000000e+04,2.880000000000000000e+02,4.480000000000000000e+02,-6.150000000000000000e+02,3.800000000000000000e+01,3.400000000000000000e+01
1.680080659463729382e+09,1.623200000000000000e+04,3.440000000000000000e+02,4.480000000000000000e+02,-6.460000000000000000e+02,6.600000000000000000e+01,2.400000000000000000e+01
1.680080659466833830e+09,1.621200000000000000e+04,3.000000000000000000e+02,3.160000000000000000e+02,-6.450000000000000000e+02,3.600000000000000000e+01,5.600000000000000000e+01
1.680080659468576670e+09,1.621600000000000000e+04,2.720000000000000000e+02,2.800000000000000000e+02,-6.230000000000000000e+02,4.100000000000000000e+01,4.200000000000000000e+01
1.680080659471518755e+09,1.618000000000000000e+04,2.800000000000000000e+02,3.400000000000000000e+02,-6.180000000000000000e+02,4.500000000000000000e+01,2.600000000000000000e+01
1.680080659473212242e+09,1.620800000000000000e+04,3.200000000000000000e+02,3.200000000000000000e+02,-6.430000000000000000e+02,3.300000000000000000e+01,2.100000000000000000e+01
1.680080659476392269e+09,1.608400000000000000e+04,2.600000000000000000e+02,3.200000000000000000e+02,-5.990000000000000000e+02,3.100000000000000000e+01,2.500000000000000000e+01
1.680080659478030443e+09,1.613600000000000000e+04,3.760000000000000000e+02,3.120000000000000000e+02,-6.710000000000000000e+02,4.200000000000000000e+01,4.300000000000000000e+01
1.680080659480952501e+09,1.610400000000000000e+04,2.920000000000000000e+02,4.240000000000000000e+02,-6.190000000000000000e+02,4.200000000000000000e+01,3.500000000000000000e+01
1.680080659482625484e+09,1.612000000000000000e+04,2.840000000000000000e+02,3.680000000000000000e+02,-6.730000000000000000e+02,5.000000000000000000e+01,3.900000000000000000e+01
1.680080659485956192e+09,1.629200000000000000e+04,2.640000000000000000e+02,2.240000000000000000e+02,-6.280000000000000000e+02,2.500000000000000000e+01,2.000000000000000000e+01
1.680080659487295389e+09,1.618800000000000000e+04,3.000000000000000000e+02,2.480000000000000000e+02,-6.050000000000000000e+02,5.800000000000000000e+01,3.900000000000000000e+01
1.680080659490261793e+09,1.624000000000000000e+04,3.640000000000000000e+02,2.000000000000000000e+02,-6.670000000000000000e+02,2.600000000000000000e+01,3.200000000000000000e+01
1.680080659491702795e+09,1.621600000000000000e+04,3.040000000000000000e+02,2.680000000000000000e+02,-6.180000000000000000e+02,4.400000000000000000e+01,3.900000000000000000e+01
1.680080659494534492e+09,1.616000000000000000e+04,3.400000000000000000e+02,3.080000000000000000e+02,-6.620000000000000000e+02,5.800000000000000000e+01,4.500000000000000000e+01
1.680080659496039391e+09,1.627600000000000000e+04,2.280000000000000000e+02,1.120000000000000000e+02,-6.660000000000000000e+02,4.300000000000000000e+01,6.100000000000000000e+01
1.680080659498934507e+09,1.625200000000000000e+04,3.280000000000000000e+02,3.440000000000000000e+02,-6.350000000000000000e+02,7.300000000000000000e+01,3.900000000000000000e+01
1.680080659500505686e+09,1.614800000000000000e+04,3.560000000000000000e+02,3.280000000000000000e+02,-6.420000000000000000e+02,3.800000000000000000e+01,3.300000000000000000e+01
1.680080659503555536e+09,1.622800000000000000e+04,2.440000000000000000e+02,3.880000000000000000e+02,-6.860000000000000000e+02,7.700000000000000000e+01,4.300000000000000000e+01
1.680080659505141735e+09,1.614400000000000000e+04,3.040000000000000000e+02,3.000000000000000000e+02,-6.480000000000000000e+02,5.300000000000000000e+01,3.000000000000000000e+01
1.680080659508143425e+09,1.622400000000000000e+04,2.880000000000000000e+02,2.800000000000000000e+02,-6.260000000000000000e+02,3.500000000000000000e+01,1.100000000000000000e+01
1.680080659509618282e+09,1.625200000000000000e+04,3.320000000000000000e+02,2.440000000000000000e+02,-6.660000000000000000e+02,3.100000000000000000e+01,1.200000000000000000e+01
1.680080659512664795e+09,1.624000000000000000e+04,4.360000000000000000e+02,4.120000000000000000e+02,-6.430000000000000000e+02,-4.000000000000000000e+00,4.100000000000000000e+01
1.680080659514596462e+09,1.629200000000000000e+04,2.880000000000000000e+02,3.240000000000000000e+02,-6.260000000000000000e+02,6.100000000000000000e+01,3.000000000000000000e+01
1.680080659517648458e+09,1.622000000000000000e+04,2.560000000000000000e+02,2.440000000000000000e+02,-6.230000000000000000e+02,4.000000000000000000e+00,4.600000000000000000e+01
1.680080659519252300e+09,1.621200000000000000e+04,3.880000000000000000e+02,2.760000000000000000e+02,-6.250000000000000000e+02,6.500000000000000000e+01,2.800000000000000000e+01
1.680080659522213459e+09,1.611200000000000000e+04,3.600000000000000000e+02,2.200000000000000000e+02,-6.390000000000000000e+02,5.900000000000000000e+01,1.400000000000000000e+01
1.680080659523525238e+09,1.621200000000000000e+04,2.840000000000000000e+02,2.480000000000000000e+02,-6.500000000000000000e+02,5.800000000000000000e+01,3.300000000000000000e+01
1.680080659526636839e+09,1.620800000000000000e+04,2.720000000000000000e+02,1.120000000000000000e+02,-6.470000000000000000e+02,4.900000000000000000e+01,2.300000000000000000e+01
1.680080659528060675e+09,1.618400000000000000e+04,2.960000000000000000e+02,1.520000000000000000e+02,-6.230000000000000000e+02,6.100000000000000000e+01,2.900000000000000000e+01
1.680080659531053543e+09,1.622400000000000000e+04,2.120000000000000000e+02,2.360000000000000000e+02,-6.250000000000000000e+02,3.900000000000000000e+01,2.400000000000000000e+01
1.680080659533908367e+09,1.615200000000000000e+04,2.520000000000000000e+02,4.680000000000000000e+02,-6.330000000000000000e+02,5.300000000000000000e+01,3.300000000000000000e+01
1.680080659536989689e+09,1.614800000000000000e+04,3.520000000000000000e+02,3.000000000000000000e+02,-6.520000000000000000e+02,4.300000000000000000e+01,3.900000000000000000e+01
1.680080659538901806e+09,1.610800000000000000e+04,2.240000000000000000e+02,2.560000000000000000e+02,-6.320000000000000000e+02,5.400000000000000000e+01,2.900000000000000000e+01
1.680080659542153358e+09,1.612400000000000000e+04,2.720000000000000000e+02,2.320000000000000000e+02,-6.410000000000000000e+02,5.500000000000000000e+01,3.800000000000000000e+01
1.680080659543679237e+09,1.620800000000000000e+04,3.160000000000000000e+02,3.320000000000000000e+02,-6.350000000000000000e+02,3.700000000000000000e+01,5.000000000000000000e+00
1.680080659546612501e+09,1.622400000000000000e+04,3.240000000000000000e+02,2.800000000000000000e+02,-6.240000000000000000e+02,1.400000000000000000e+01,3.000000000000000000e+01
1.680080659548482656e+09,1.621200000000000000e+04,3.520000000000000000e+02,2.760000000000000000e+02,-6.290000000000000000e+02,4.800000000000000000e+01,2.500000000000000000e+01
1.680080659551766157e+09,1.619600000000000000e+04,2.720000000000000000e+02,2.280000000000000000e+02,-6.150000000000000000e+02,3.300000000000000000e+01,2.000000000000000000e+01
1.680080659553449869e+09,1.624400000000000000e+04,3.400000000000000000e+02,3.920000000000000000e+02,-6.690000000000000000e+02,5.500000000000000000e+01,3.300000000000000000e+01
1.680080659556885958e+09,1.611200000000000000e+04,3.240000000000000000e+02,2.000000000000000000e+02,-6.120000000000000000e+02,7.500000000000000000e+01,2.400000000000000000e+01
1.680080659558410406e+09,1.626400000000000000e+04,3.160000000000000000e+02,2.840000000000000000e+02,-6.620000000000000000e+02,6.800000000000000000e+01,2.000000000000000000e+01
1.680080659561533928e+09,1.621200000000000000e+04,3.720000000000000000e+02,4.640000000000000000e+02,-6.500000000000000000e+02,2.100000000000000000e+01,1.200000000000000000e+01
1.680080659563153744e+09,1.617200000000000000e+04,2.800000000000000000e+02,3.880000000000000000e+02,-6.570000000000000000e+02,3.100000000000000000e+01,3.600000000000000000e+01
1.680080659566230297e+09,1.618000000000000000e+04,3.640000000000000000e+02,4.160000000000000000e+02,-6.030000000000000000e+02,3.200000000000000000e+01,2.300000000000000000e+01
1.680080659571232319e+09,1.615200000000000000e+04,3.080000000000000000e+02,3.280000000000000000e+02,-6.850000000000000000e+02,3.500000000000000000e+01,2.400000000000000000e+01
1.680080659578574896e+09,1.614800000000000000e+04,3.920000000000000000e+02,2.000000000000000000e+02,-6.510000000000000000e+02,5.300000000000000000e+01,4.600000000000000000e+01
1.680080659580332279e+09,1.616400000000000000e+04,3.080000000000000000e+02,2.920000000000000000e+02,-6.350000000000000000e+02,6.600000000000000000e+01,3.600000000000000000e+01
1.680080659583387613e+09,1.623600000000000000e+04,3.000000000000000000e+02,3.720000000000000000e+02,-6.450000000000000000e+02,6.000000000000000000e+01,2.900000000000000000e+01
1.680080659584939718e+09,1.622800000000000000e+04,2.880000000000000000e+02,4.160000000000000000e+02,-6.440000000000000000e+02,3.900000000000000000e+01,2.800000000000000000e+01
1.680080659588884592e+09,1.619600000000000000e+04,3.200000000000000000e+02,3.920000000000000000e+02,-6.410000000000000000e+02,2.400000000000000000e+01,4.100000000000000000e+01
1.680080659590876579e+09,1.610800000000000000e+04,4.240000000000000000e+02,3.160000000000000000e+02,-6.140000000000000000e+02,5.400000000000000000e+01,3.300000000000000000e+01
1.680080659594234228e+09,1.620800000000000000e+04,3.520000000000000000e+02,3.280000000000000000e+02,-6.150000000000000000e+02,5.300000000000000000e+01,2.400000000000000000e+01
1.680080659595670223e+09,1.615200000000000000e+04,3.280000000000000000e+02,2.200000000000000000e+02,-6.370000000000000000e+02,4.600000000000000000e+01,2.300000000000000000e+01
1.680080659598750830e+09,1.621600000000000000e+04,3.160000000000000000e+02,4.280000000000000000e+02,-6.300000000000000000e+02,4.200000000000000000e+01,2.900000000000000000e+01
1.680080659600684643e+09,1.622800000000000000e+04,4.080000000000000000e+02,2.400000000000000000e+02,-6.570000000000000000e+02,2.700000000000000000e+01,3.900000000000000000e+01
1.680080659603661299e+09,1.615200000000000000e+04,2.480000000000000000e+02,3.120000000000000000e+02,-6.280000000000000000e+02,5.900000000000000000e+01,3.400000000000000000e+01
1.680080659604992867e+09,1.618800000000000000e+04,2.560000000000000000e+02,2.520000000000000000e+02,-6.580000000000000000e+02,4.200000000000000000e+01,1.700000000000000000e+01
1.680080659607848167e+09,1.628800000000000000e+04,2.880000000000000000e+02,2.440000000000000000e+02,-6.520000000000000000e+02,5.200000000000000000e+01,4.000000000000000000e+01
1.680080659609411240e+09,1.615600000000000000e+04,2.600000000000000000e+02,2.680000000000000000e+02,-6.170000000000000000e+02,6.000000000000000000e+01,2.900000000000000000e+01
1.680080659612264872e+09,1.607600000000000000e+04,3.480000000000000000e+02,2.200000000000000000e+02,-6.350000000000000000e+02,5.700000000000000000e+01,4.800000000000000000e+01
1.680080659614064932e+09,1.618800000000000000e+04,3.000000000000000000e+02,2.320000000000000000e+02,-6.450000000000000000e+02,4.800000000000000000e+01,3.600000000000000000e+01
1.680080659617065430e+09,1.613600000000000000e+04,3.960000000000000000e+02,2.680000000000000000e+02,-6.570000000000000000e+02,7.200000000000000000e+01,2.400000000000000000e+01
1.680080659618944407e+09,1.620800000000000000e+04,2.880000000000000000e+02,3.720000000000000000e+02,-6.210000000000000000e+02,5.300000000000000000e+01,4.000000000000000000e+01
1.680080659621912003e+09,1.620000000000000000e+04,2.960000000000000000e+02,1.440000000000000000e+02,-6.220000000000000000e+02,4.800000000000000000e+01,2.100000000000000000e+01
1.680080659623563290e+09,1.616000000000000000e+04,2.760000000000000000e+02,3.600000000000000000e+02,-6.620000000000000000e+02,4.200000000000000000e+01,4.200000000000000000e+01
1.680080659626807690e+09,1.621600000000000000e+04,3.400000000000000000e+02,3.560000000000000000e+02,-6.500000000000000000e+02,6.800000000000000000e+01,4.100000000000000000e+01
1.680080659628271580e+09,1.622400000000000000e+04,3.120000000000000000e+02,2.000000000000000000e+02,-6.530000000000000000e+02,6.900000000000000000e+01,1.800000000000000000e+01
1.680080659631104469e+09,1.612000000000000000e+04,3.120000000000000000e+02,3.480000000000000000e+02,-6.120000000000000000e+02,2.500000000000000000e+01,5.800000000000000000e+01
1.680080659632676840e+09,1.618400000000000000e+04,2.960000000000000000e+02,2.360000000000000000e+02,-6.060000000000000000e+02,7.900000000000000000e+01,5.200000000000000000e+01
1.680080659636072397e+09,1.622800000000000000e+04,2.040000000000000000e+02,2.480000000000000000e+02,-6.450000000000000000e+02,5.000000000000000000e+01,3.200000000000000000e+01
1.680080659637915850e+09,1.629200000000000000e+04,2.960000000000000000e+02,3.280000000000000000e+02,-6.340000000000000000e+02,4.000000000000000000e+01,2.300000000000000000e+01
1.680080659640847921e+09,1.618400000000000000e+04,3.040000000000000000e+02,2.800000000000000000e+02,-6.650000000000000000e+02,9.000000000000000000e+00,4.500000000000000000e+01
1.680080659642404795e+09,1.624000000000000000e+04,3.280000000000000000e+02,3.800000000000000000e+02,-6.110000000000000000e+02,2.600000000000000000e+01,4.300000000000000000e+01
1.680080659645246029e+09,1.612400000000000000e+04,3.280000000000000000e+02,4.160000000000000000e+02,-6.730000000000000000e+02,2.500000000000000000e+01,4.200000000000000000e+01
1.680080659646895409e+09,1.623200000000000000e+04,3.520000000000000000e+02,3.400000000000000000e+02,-6.320000000000000000e+02,4.300000000000000000e+01,5.500000000000000000e+01
1.680080659650118351e+09,1.608000000000000000e+04,2.920000000000000000e+02,1.720000000000000000e+02,-6.220000000000000000e+02,4.600000000000000000e+01,1.200000000000000000e+01
1.680080659651890755e+09,1.622000000000000000e+04,3.480000000000000000e+02,3.280000000000000000e+02,-6.400000000000000000e+02,1.400000000000000000e+01,3.200000000000000000e+01
1.680080659655093431e+09,1.614400000000000000e+04,2.080000000000000000e+02,2.680000000000000000e+02,-6.730000000000000000e+02,7.100000000000000000e+01,3.200000000000000000e+01
1.680080659656499624e+09,1.618800000000000000e+04,2.640000000000000000e+02,2.880000000000000000e+02,-6.580000000000000000e+02,6.200000000000000000e+01,3.800000000000000000e+01
1.680080659659685612e+09,1.615200000000000000e+04,3.000000000000000000e+02,4.080000000000000000e+02,-6.390000000000000000e+02,6.000000000000000000e+01,1.800000000000000000e+01
1.680080659661412001e+09,1.614800000000000000e+04,3.080000000000000000e+02,2.800000000000000000e+02,-6.460000000000000000e+02,4.600000000000000000e+01,1.700000000000000000e+01
1.680080659664284945e+09,1.621600000000000000e+04,2.720000000000000000e+02,3.760000000000000000e+02,-6.300000000000000000e+02,2.900000000000000000e+01,3.900000000000000000e+01
1.680080659666295290e+09,1.619200000000000000e+04,2.400000000000000000e+02,3.200000000000000000e+02,-6.540000000000000000e+02,2.000000000000000000e+01,5.100000000000000000e+01
1.680080659669670820e+09,1.616800000000000000e+04,2.760000000000000000e+02,3.080000000000000000e+02,-6.370000000000000000e+02,5.600000000000000000e+01,2.300000000000000000e+01
1.680080659671725273e+09,1.615600000000000000e+04,4.120000000000000000e+02,3.280000000000000000e+02,-6.520000000000000000e+02,1.800000000000000000e+01,5.000000000000000000e+00
1.680080659674525023e+09,1.610000000000000000e+04,3.320000000000000000e+02,4.240000000000000000e+02,-6.350000000000000000e+02,7.700000000000000000e+01,3.800000000000000000e+01
1.680080659676479816e+09,1.617600000000000000e+04,2.560000000000000000e+02,4.200000000000000000e+02,-6.250000000000000000e+02,1.600000000000000000e+01,3.200000000000000000e+01
1.680080659679445505e+09,1.611600000000000000e+04,3.000000000000000000e+02,2.360000000000000000e+02,-6.570000000000000000e+02,7.300000000000000000e+01,5.300000000000000000e+01
1.680080659680997849e+09,1.627600000000000000e+04,3.840000000000000000e+02,2.840000000000000000e+02,-6.190000000000000000e+02,7.000000000000000000e+00,3.300000000000000000e+01
1.680080659683932781e+09,1.618800000000000000e+04,2.880000000000000000e+02,4.840000000000000000e+02,-6.740000000000000000e+02,4.100000000000000000e+01,3.000000000000000000e+00
1.680080659685477734e+09,1.611200000000000000e+04,2.920000000000000000e+02,4.600000000000000000e+02,-6.030000000000000000e+02,4.200000000000000000e+01,5.900000000000000000e+01
1.680080659688428879e+09,1.614000000000000000e+04,2.720000000000000000e+02,3.160000000000000000e+02,-6.840000000000000000e+02,5.500000000000000000e+01,4.600000000000000000e+01
1.680080659689688683e+09,1.612400000000000000e+04,3.720000000000000000e+02,2.920000000000000000e+02,-6.360000000000000000e+02,3.100000000000000000e+01,2.400000000000000000e+01
1.680080659692674398e+09,1.613200000000000000e+04,2.720000000000000000e+02,2.320000000000000000e+02,-6.240000000000000000e+02,3.900000000000000000e+01,2.800000000000000000e+01
1.680080659693985462e+09,1.608000000000000000e+04,2.800000000000000000e+02,3.160000000000000000e+02,-6.290000000000000000e+02,3.300000000000000000e+01,2.800000000000000000e+01
1.680080659697089195e+09,1.618800000000000000e+04,3.040000000000000000e+02,3.560000000000000000e+02,-5.900000000000000000e+02,4.800000000000000000e+01,4.600000000000000000e+01
1.680080659698890686e+09,1.627200000000000000e+04,3.600000000000000000e+02,4.680000000000000000e+02,-6.690000000000000000e+02,5.100000000000000000e+01,2.900000000000000000e+01
1.680080659702160835e+09,1.612800000000000000e+04,2.680000000000000000e+02,2.280000000000000000e+02,-6.370000000000000000e+02,5.900000000000000000e+01,3.700000000000000000e+01
1.680080659703585386e+09,1.621600000000000000e+04,2.720000000000000000e+02,3.840000000000000000e+02,-6.500000000000000000e+02,5.200000000000000000e+01,4.200000000000000000e+01
1.680080659706723690e+09,1.619200000000000000e+04,3.240000000000000000e+02,2.920000000000000000e+02,-6.730000000000000000e+02,1.700000000000000000e+01,2.800000000000000000e+01
1.680080659708262444e+09,1.628000000000000000e+04,2.800000000000000000e+02,2.000000000000000000e+02,-5.850000000000000000e+02,3.900000000000000000e+01,4.000000000000000000e+01
1.680080659711348534e+09,1.616400000000000000e+04,3.240000000000000000e+02,2.640000000000000000e+02,-6.430000000000000000e+02,4.700000000000000000e+01,2.900000000000000000e+01
1.680080659712693453e+09,1.614400000000000000e+04,3.400000000000000000e+02,3.120000000000000000e+02,-6.310000000000000000e+02,4.700000000000000000e+01,2.500000000000000000e+01
1.680080659716111183e+09,1.614800000000000000e+04,3.320000000000000000e+02,3.160000000000000000e+02,-6.310000000000000000e+02,7.800000000000000000e+01,3.100000000000000000e+01
1.680080659717632532e+09,1.614000000000000000e+04,2.480000000000000000e+02,3.480000000000000000e+02,-6.340000000000000000e+02,3.600000000000000000e+01,2.800000000000000000e+01
1.680080659720531702e+09,1.622000000000000000e+04,3.680000000000000000e+02,3.880000000000000000e+02,-6.380000000000000000e+02,2.000000000000000000e+01,2.600000000000000000e+01
1.680080659721786261e+09,1.618000000000000000e+04,2.720000000000000000e+02,3.280000000000000000e+02,-6.180000000000000000e+02,4.200000000000000000e+01,2.300000000000000000e+01
1.680080659724770308e+09,1.622800000000000000e+04,3.240000000000000000e+02,2.520000000000000000e+02,-6.380000000000000000e+02,5.100000000000000000e+01,4.000000000000000000e+01
1.680080659726517916e+09,1.625200000000000000e+04,2.760000000000000000e+02,3.160000000000000000e+02,-6.340000000000000000e+02,2.100000000000000000e+01,2.700000000000000000e+01
1.680080659729619741e+09,1.618800000000000000e+04,2.720000000000000000e+02,2.600000000000000000e+02,-6.560000000000000000e+02,3.400000000000000000e+01,3.700000000000000000e+01
1.680080659731194258e+09,1.612800000000000000e+04,2.480000000000000000e+02,2.280000000000000000e+02,-6.390000000000000000e+02,7.700000000000000000e+01,3.300000000000000000e+01
1.680080659733957052e+09,1.628000000000000000e+04,2.720000000000000000e+02,2.480000000000000000e+02,-6.290000000000000000e+02,5.600000000000000000e+01,9.000000000000000000e+00
1.680080659735671043e+09,1.616000000000000000e+04,3.200000000000000000e+02,4.440000000000000000e+02,-6.750000000000000000e+02,5.000000000000000000e+01,4.100000000000000000e+01
1.680080659738657236e+09,1.610800000000000000e+04,3.240000000000000000e+02,3.200000000000000000e+02,-6.200000000000000000e+02,6.300000000000000000e+01,2.100000000000000000e+01
1.680080659740226269e+09,1.618800000000000000e+04,3.160000000000000000e+02,3.080000000000000000e+02,-6.380000000000000000e+02,6.300000000000000000e+01,4.800000000000000000e+01
1.680080659743318558e+09,1.618000000000000000e+04,3.120000000000000000e+02,3.200000000000000000e+02,-6.310000000000000000e+02,7.000000000000000000e+01,3.700000000000000000e+01
1.680080659744912624e+09,1.627200000000000000e+04,3.440000000000000000e+02,3.560000000000000000e+02,-6.700000000000000000e+02,4.400000000000000000e+01,2.000000000000000000e+01
1.680080659748068810e+09,1.618800000000000000e+04,2.320000000000000000e+02,3.640000000000000000e+02,-6.270000000000000000e+02,3.300000000000000000e+01,2.300000000000000000e+01
1.680080659749450207e+09,1.620800000000000000e+04,3.000000000000000000e+02,2.960000000000000000e+02,-6.310000000000000000e+02,5.600000000000000000e+01,4.100000000000000000e+01
1.680080659752529860e+09,1.627600000000000000e+04,2.000000000000000000e+02,2.040000000000000000e+02,-6.130000000000000000e+02,4.800000000000000000e+01,2.900000000000000000e+01
1.680080659754168034e+09,1.617600000000000000e+04,2.560000000000000000e+02,3.440000000000000000e+02,-6.660000000000000000e+02,6.300000000000000000e+01,2.200000000000000000e+01
1.680080659757707119e+09,1.606800000000000000e+04,3.160000000000000000e+02,1.600000000000000000e+02,-6.390000000000000000e+02,6.000000000000000000e+01,2.700000000000000000e+01
1.680080659759066582e+09,1.618800000000000000e+04,3.160000000000000000e+02,3.120000000000000000e+02,-6.140000000000000000e+02,5.400000000000000000e+01,3.600000000000000000e+01
1.680080659762146711e+09,1.611200000000000000e+04,3.600000000000000000e+02,2.840000000000000000e+02,-6.480000000000000000e+02,1.100000000000000000e+01,5.400000000000000000e+01
1.680080659763628006e+09,1.611600000000000000e+04,2.640000000000000000e+02,2.880000000000000000e+02,-6.240000000000000000e+02,6.500000000000000000e+01,2.000000000000000000e+01
1.680080659766689777e+09,1.630000000000000000e+04,3.560000000000000000e+02,3.880000000000000000e+02,-6.340000000000000000e+02,5.700000000000000000e+01,6.500000000000000000e+01
1.680080659768292189e+09,1.616000000000000000e+04,3.760000000000000000e+02,3.480000000000000000e+02,-6.140000000000000000e+02,4.400000000000000000e+01,3.900000000000000000e+01
1.680080659771444559e+09,1.614400000000000000e+04,2.200000000000000000e+02,3.760000000000000000e+02,-6.640000000000000000e+02,2.700000000000000000e+01,2.000000000000000000e+01
1.680080659772772551e+09,1.624800000000000000e+04,4.080000000000000000e+02,3.400000000000000000e+02,-6.090000000000000000e+02,9.000000000000000000e+00,3.000000000000000000e+01
1.680080659775638103e+09,1.616000000000000000e+04,3.080000000000000000e+02,3.000000000000000000e+02,-6.550000000000000000e+02,6.700000000000000000e+01,3.700000000000000000e+01
1.680080659777543068e+09,1.618800000000000000e+04,2.440000000000000000e+02,4.280000000000000000e+02,-6.140000000000000000e+02,5.200000000000000000e+01,4.700000000000000000e+01
1.680080659780557632e+09,1.612400000000000000e+04,2.320000000000000000e+02,4.040000000000000000e+02,-6.350000000000000000e+02,4.700000000000000000e+01,1.400000000000000000e+01
1.680080659782053232e+09,1.621600000000000000e+04,3.640000000000000000e+02,2.720000000000000000e+02,-6.450000000000000000e+02,4.700000000000000000e+01,3.200000000000000000e+01
1.680080659784998178e+09,1.617200000000000000e+04,2.800000000000000000e+02,4.480000000000000000e+02,-6.380000000000000000e+02,2.300000000000000000e+01,2.300000000000000000e+01
1.680080659786524534e+09,1.619200000000000000e+04,2.520000000000000000e+02,3.080000000000000000e+02,-6.030000000000000000e+02,4.200000000000000000e+01,2.400000000000000000e+01
1.680080659789508343e+09,1.628800000000000000e+04,2.080000000000000000e+02,2.440000000000000000e+02,-6.470000000000000000e+02,3.900000000000000000e+01,4.100000000000000000e+01
1.680080659791035175e+09,1.626000000000000000e+04,2.120000000000000000e+02,3.720000000000000000e+02,-6.340000000000000000e+02,4.400000000000000000e+01,4.800000000000000000e+01
1.680080659793964863e+09,1.619600000000000000e+04,2.560000000000000000e+02,3.760000000000000000e+02,-6.440000000000000000e+02,5.700000000000000000e+01,3.100000000000000000e+01
1.680080659795209885e+09,1.616400000000000000e+04,2.920000000000000000e+02,3.040000000000000000e+02,-6.370000000000000000e+02,4.400000000000000000e+01,4.100000000000000000e+01
1.680080659798228264e+09,1.624000000000000000e+04,2.480000000000000000e+02,2.200000000000000000e+02,-6.220000000000000000e+02,4.000000000000000000e+01,3.500000000000000000e+01
1.680080659799798250e+09,1.620400000000000000e+04,2.680000000000000000e+02,2.200000000000000000e+02,-6.520000000000000000e+02,4.900000000000000000e+01,3.200000000000000000e+01
1.680080659802687645e+09,1.612400000000000000e+04,3.640000000000000000e+02,3.480000000000000000e+02,-6.750000000000000000e+02,4.100000000000000000e+01,1.600000000000000000e+01
1.680080659804232359e+09,1.621200000000000000e+04,2.920000000000000000e+02,3.560000000000000000e+02,-6.100000000000000000e+02,2.500000000000000000e+01,2.800000000000000000e+01
1.680080659807285070e+09,1.618800000000000000e+04,3.920000000000000000e+02,2.880000000000000000e+02,-6.550000000000000000e+02,4.000000000000000000e+01,2.300000000000000000e+01
1.680080659808695555e+09,1.625600000000000000e+04,3.400000000000000000e+02,3.000000000000000000e+02,-6.130000000000000000e+02,3.000000000000000000e+01,1.600000000000000000e+01
1.680080659811548233e+09,1.627200000000000000e+04,2.720000000000000000e+02,2.880000000000000000e+02,-6.570000000000000000e+02,2.100000000000000000e+01,3.500000000000000000e+01
1.680080659812919855e+09,1.618800000000000000e+04,3.600000000000000000e+02,2.600000000000000000e+02,-5.890000000000000000e+02,3.900000000000000000e+01,4.400000000000000000e+01
1.680080659815825939e+09,1.618400000000000000e+04,3.120000000000000000e+02,2.160000000000000000e+02,-6.780000000000000000e+02,3.600000000000000000e+01,3.200000000000000000e+01
1.680080659817289114e+09,1.619600000000000000e+04,2.440000000000000000e+02,3.240000000000000000e+02,-6.380000000000000000e+02,3.400000000000000000e+01,4.800000000000000000e+01
1.680080659820639849e+09,1.621600000000000000e+04,3.640000000000000000e+02,2.520000000000000000e+02,-6.240000000000000000e+02,6.400000000000000000e+01,2.300000000000000000e+01
1.680080659822066784e+09,1.636400000000000000e+04,3.520000000000000000e+02,2.200000000000000000e+02,-6.710000000000000000e+02,3.900000000000000000e+01,3.300000000000000000e+01
1.680080659825389624e+09,1.624400000000000000e+04,3.160000000000000000e+02,2.600000000000000000e+02,-6.610000000000000000e+02,3.900000000000000000e+01,2.000000000000000000e+01
1.680080659826941967e+09,1.624000000000000000e+04,3.440000000000000000e+02,4.560000000000000000e+02,-6.070000000000000000e+02,4.400000000000000000e+01,3.100000000000000000e+01
1.680080659830035448e+09,1.614400000000000000e+04,3.280000000000000000e+02,1.480000000000000000e+02,-6.850000000000000000e+02,3.200000000000000000e+01,4.200000000000000000e+01
1.680080659831518412e+09,1.616800000000000000e+04,2.560000000000000000e+02,1.760000000000000000e+02,-6.210000000000000000e+02,1.200000000000000000e+01,3.600000000000000000e+01
1.680080659834474802e+09,1.612000000000000000e+04,3.920000000000000000e+02,2.440000000000000000e+02,-6.630000000000000000e+02,3.500000000000000000e+01,4.400000000000000000e+01
1.680080659836163044e+09,1.615200000000000000e+04,3.600000000000000000e+02,2.720000000000000000e+02,-6.380000000000000000e+02,4.900000000000000000e+01,4.400000000000000000e+01
1.680080659839228868e+09,1.620800000000000000e+04,2.440000000000000000e+02,3.080000000000000000e+02,-6.350000000000000000e+02,5.500000000000000000e+01,4.100000000000000000e+01
1.680080659840881824e+09,1.622400000000000000e+04,2.520000000000000000e+02,4.000000000000000000e+02,-6.390000000000000000e+02,6.400000000000000000e+01,7.000000000000000000e+00
1.680080659843966961e+09,1.622800000000000000e+04,2.960000000000000000e+02,2.920000000000000000e+02,-6.340000000000000000e+02,6.500000000000000000e+01,3.600000000000000000e+01
1.680080659845474005e+09,1.623600000000000000e+04,1.920000000000000000e+02,2.760000000000000000e+02,-6.660000000000000000e+02,3.600000000000000000e+01,5.400000000000000000e+01
1.680080659848472357e+09,1.628000000000000000e+04,3.960000000000000000e+02,3.240000000000000000e+02,-6.470000000000000000e+02,7.700000000000000000e+01,3.800000000000000000e+01
1.680080659849992990e+09,1.608800000000000000e+04,3.120000000000000000e+02,3.760000000000000000e+02,-6.730000000000000000e+02,3.200000000000000000e+01,3.800000000000000000e+01
1.680080659853049994e+09,1.609600000000000000e+04,3.280000000000000000e+02,3.520000000000000000e+02,-6.390000000000000000e+02,4.700000000000000000e+01,2.300000000000000000e+01
1.680080659854641438e+09,1.617200000000000000e+04,2.560000000000000000e+02,1.720000000000000000e+02,-6.280000000000000000e+02,5.300000000000000000e+01,5.300000000000000000e+01
1.680080659857519865e+09,1.623600000000000000e+04,3.520000000000000000e+02,2.160000000000000000e+02,-6.160000000000000000e+02,3.500000000000000000e+01,3.900000000000000000e+01
1.680080659859419346e+09,1.620800000000000000e+04,3.480000000000000000e+02,2.720000000000000000e+02,-6.630000000000000000e+02,4.400000000000000000e+01,3.100000000000000000e+01
1.680080659862398863e+09,1.614400000000000000e+04,3.240000000000000000e+02,1.640000000000000000e+02,-6.200000000000000000e+02,5.100000000000000000e+01,5.400000000000000000e+01
1.680080659864132643e+09,1.618400000000000000e+04,2.840000000000000000e+02,2.760000000000000000e+02,-6.690000000000000000e+02,4.500000000000000000e+01,4.000000000000000000e+01
1.680080659867509604e+09,1.624000000000000000e+04,3.360000000000000000e+02,2.640000000000000000e+02,-6.610000000000000000e+02,4.700000000000000000e+01,3.400000000000000000e+01
1.680080659869840145e+09,1.607600000000000000e+04,3.760000000000000000e+02,2.840000000000000000e+02,-6.280000000000000000e+02,6.600000000000000000e+01,3.300000000000000000e+01
1.680080659872915030e+09,1.615200000000000000e+04,3.520000000000000000e+02,2.920000000000000000e+02,-6.580000000000000000e+02,4.900000000000000000e+01,3.000000000000000000e+01
1.680080659874632597e+09,1.612000000000000000e+04,2.680000000000000000e+02,4.440000000000000000e+02,-6.430000000000000000e+02,3.300000000000000000e+01,4.500000000000000000e+01
1.680080659877969503e+09,1.622400000000000000e+04,3.840000000000000000e+02,3.240000000000000000e+02,-5.950000000000000000e+02,5.400000000000000000e+01,3.900000000000000000e+01
1.680080659879393816e+09,1.632400000000000000e+04,3.800000000000000000e+02,4.600000000000000000e+02,-6.220000000000000000e+02,4.100000000000000000e+01,4.800000000000000000e+01
1.680080659882617950e+09,1.628800000000000000e+04,2.160000000000000000e+02,3.880000000000000000e+02,-6.440000000000000000e+02,7.400000000000000000e+01,2.800000000000000000e+01
1.680080659884727240e+09,1.617200000000000000e+04,3.720000000000000000e+02,3.320000000000000000e+02,-6.800000000000000000e+02,5.100000000000000000e+01,4.400000000000000000e+01
1.680080659887869835e+09,1.618800000000000000e+04,3.480000000000000000e+02,2.640000000000000000e+02,-6.210000000000000000e+02,4.000000000000000000e+01,2.500000000000000000e+01
1.680080659889639139e+09,1.617600000000000000e+04,3.160000000000000000e+02,3.440000000000000000e+02,-6.450000000000000000e+02,6.200000000000000000e+01,4.600000000000000000e+01
1.680080659892765999e+09,1.614400000000000000e+04,3.520000000000000000e+02,3.480000000000000000e+02,-6.390000000000000000e+02,3.200000000000000000e+01,2.000000000000000000e+01
1.680080659894049168e+09,1.622000000000000000e+04,3.360000000000000000e+02,2.960000000000000000e+02,-6.550000000000000000e+02,3.300000000000000000e+01,2.400000000000000000e+01
1.680080659897119284e+09,1.608800000000000000e+04,2.720000000000000000e+02,3.040000000000000000e+02,-6.310000000000000000e+02,5.500000000000000000e+01,4.100000000000000000e+01
1.680080659898728132e+09,1.614000000000000000e+04,3.000000000000000000e+02,2.200000000000000000e+02,-6.560000000000000000e+02,3.400000000000000000e+01,3.400000000000000000e+01
1.680080659901938677e+09,1.626000000000000000e+04,2.920000000000000000e+02,2.240000000000000000e+02,-6.380000000000000000e+02,4.800000000000000000e+01,1.400000000000000000e+01
1.680080659903504848e+09,1.624400000000000000e+04,2.760000000000000000e+02,3.440000000000000000e+02,-6.160000000000000000e+02,7.800000000000000000e+01,5.300000000000000000e+01
1.680080659906659842e+09,1.614000000000000000e+04,2.920000000000000000e+02,4.160000000000000000e+02,-6.360000000000000000e+02,5.600000000000000000e+01,3.200000000000000000e+01
1.680080659908076525e+09,1.611200000000000000e+04,3.680000000000000000e+02,3.360000000000000000e+02,-6.490000000000000000e+02,4.000000000000000000e+01,2.700000000000000000e+01
1.680080659911100149e+09,1.617600000000000000e+04,3.240000000000000000e+02,2.840000000000000000e+02,-6.160000000000000000e+02,8.000000000000000000e+01,3.000000000000000000e+01
1.680080659912502766e+09,1.612000000000000000e+04,3.440000000000000000e+02,3.480000000000000000e+02,-6.750000000000000000e+02,8.000000000000000000e+00,3.100000000000000000e+01
1.680080659915724754e+09,1.615600000000000000e+04,3.760000000000000000e+02,2.440000000000000000e+02,-6.330000000000000000e+02,4.300000000000000000e+01,3.900000000000000000e+01
1.680080659917366982e+09,1.624800000000000000e+04,2.800000000000000000e+02,3.040000000000000000e+02,-6.620000000000000000e+02,4.200000000000000000e+01,2.500000000000000000e+01
1.680080659920512438e+09,1.614400000000000000e+04,2.960000000000000000e+02,3.560000000000000000e+02,-6.290000000000000000e+02,3.400000000000000000e+01,1.000000000000000000e+01
1.680080659922089100e+09,1.623200000000000000e+04,2.400000000000000000e+02,3.640000000000000000e+02,-6.210000000000000000e+02,5.000000000000000000e+01,4.500000000000000000e+01
1.680080659924889326e+09,1.618400000000000000e+04,2.760000000000000000e+02,3.400000000000000000e+02,-6.330000000000000000e+02,6.900000000000000000e+01,3.900000000000000000e+01
1.680080659926558971e+09,1.622800000000000000e+04,3.520000000000000000e+02,2.800000000000000000e+02,-6.380000000000000000e+02,5.100000000000000000e+01,2.700000000000000000e+01
1.680080659929604292e+09,1.624000000000000000e+04,3.000000000000000000e+02,3.000000000000000000e+02,-6.550000000000000000e+02,2.700000000000000000e+01,4.100000000000000000e+01
1.680080659931491613e+09,1.626400000000000000e+04,3.280000000000000000e+02,3.000000000000000000e+02,-6.410000000000000000e+02,7.100000000000000000e+01,3.500000000000000000e+01
1.680080659934337854e+09,1.625200000000000000e+04,2.600000000000000000e+02,2.520000000000000000e+02,-6.140000000000000000e+02,4.600000000000000000e+01,0.000000000000000000e+00
1.680080659935883522e+09,1.618000000000000000e+04,3.560000000000000000e+02,2.720000000000000000e+02,-6.430000000000000000e+02,6.600000000000000000e+01,9.000000000000000000e+00
1.680080659938855886e+09,1.618800000000000000e+04,3.040000000000000000e+02,3.120000000000000000e+02,-6.280000000000000000e+02,4.200000000000000000e+01,4.200000000000000000e+01
1.680080659940336466e+09,1.615200000000000000e+04,3.280000000000000000e+02,3.840000000000000000e+02,-6.480000000000000000e+02,3.700000000000000000e+01,2.600000000000000000e+01
1.680080659943529844e+09,1.616400000000000000e+04,2.600000000000000000e+02,3.280000000000000000e+02,-6.530000000000000000e+02,5.500000000000000000e+01,3.200000000000000000e+01
1.680080659945223093e+09,1.626400000000000000e+04,2.880000000000000000e+02,3.400000000000000000e+02,-6.410000000000000000e+02,2.700000000000000000e+01,3.400000000000000000e+01
1.680080659948188782e+09,1.618400000000000000e+04,3.320000000000000000e+02,3.720000000000000000e+02,-6.400000000000000000e+02,1.900000000000000000e+01,3.300000000000000000e+01
1.680080659949510098e+09,1.624000000000000000e+04,2.760000000000000000e+02,3.520000000000000000e+02,-6.270000000000000000e+02,3.500000000000000000e+01,5.100000000000000000e+01
1.680080659952490091e+09,1.624000000000000000e+04,2.680000000000000000e+02,4.720000000000000000e+02,-6.400000000000000000e+02,2.500000000000000000e+01,5.000000000000000000e+01
1.680080659954928398e+09,1.607200000000000000e+04,2.680000000000000000e+02,4.360000000000000000e+02,-6.440000000000000000e+02,2.900000000000000000e+01,1.900000000000000000e+01
1.680080659957784653e+09,1.611200000000000000e+04,2.680000000000000000e+02,2.200000000000000000e+02,-6.470000000000000000e+02,5.000000000000000000e+01,2.600000000000000000e+01
1.680080659959330797e+09,1.622000000000000000e+04,3.280000000000000000e+02,2.880000000000000000e+02,-6.280000000000000000e+02,5.200000000000000000e+01,3.500000000000000000e+01
1.680080659962293386e+09,1.620000000000000000e+04,2.680000000000000000e+02,3.760000000000000000e+02,-6.340000000000000000e+02,5.400000000000000000e+01,1.900000000000000000e+01
1.680080659963938713e+09,1.623600000000000000e+04,2.120000000000000000e+02,4.680000000000000000e+02,-6.630000000000000000e+02,3.900000000000000000e+01,4.500000000000000000e+01
1.680080659967258692e+09,1.622000000000000000e+04,2.920000000000000000e+02,3.480000000000000000e+02,-6.420000000000000000e+02,4.300000000000000000e+01,4.500000000000000000e+01
1.680080659968811512e+09,1.612800000000000000e+04,3.120000000000000000e+02,1.800000000000000000e+02,-6.420000000000000000e+02,1.700000000000000000e+01,4.700000000000000000e+01
1.680080659972078562e+09,1.613200000000000000e+04,2.960000000000000000e+02,4.240000000000000000e+02,-6.250000000000000000e+02,4.100000000000000000e+01,2.300000000000000000e+01
1.680080659973526239e+09,1.614400000000000000e+04,3.080000000000000000e+02,4.440000000000000000e+02,-6.360000000000000000e+02,5.600000000000000000e+01,3.200000000000000000e+01
1.680080659976629257e+09,1.616400000000000000e+04,2.560000000000000000e+02,2.720000000000000000e+02,-5.870000000000000000e+02,5.300000000000000000e+01,4.300000000000000000e+01
1.680080659978007317e+09,1.622800000000000000e+04,2.160000000000000000e+02,1.600000000000000000e+02,-6.580000000000000000e+02,6.100000000000000000e+01,3.500000000000000000e+01
1.680080659980981350e+09,1.608400000000000000e+04,2.480000000000000000e+02,3.080000000000000000e+02,-6.200000000000000000e+02,7.100000000000000000e+01,4.600000000000000000e+01
1.680080659982626677e+09,1.618800000000000000e+04,2.840000000000000000e+02,3.640000000000000000e+02,-6.780000000000000000e+02,6.400000000000000000e+01,2.500000000000000000e+01
1.680080659985958815e+09,1.610800000000000000e+04,3.400000000000000000e+02,2.960000000000000000e+02,-6.440000000000000000e+02,8.300000000000000000e+01,5.200000000000000000e+01
1.680080659988141537e+09,1.610000000000000000e+04,3.440000000000000000e+02,2.960000000000000000e+02,-6.710000000000000000e+02,3.700000000000000000e+01,4.000000000000000000e+01
1.680080659991346836e+09,1.623600000000000000e+04,2.840000000000000000e+02,4.520000000000000000e+02,-6.500000000000000000e+02,2.700000000000000000e+01,3.800000000000000000e+01
1.680080659992898226e+09,1.615200000000000000e+04,3.400000000000000000e+02,3.320000000000000000e+02,-6.350000000000000000e+02,2.500000000000000000e+01,1.400000000000000000e+01
1.680080659996016979e+09,1.620800000000000000e+04,2.440000000000000000e+02,3.840000000000000000e+02,-6.530000000000000000e+02,5.800000000000000000e+01,3.700000000000000000e+01
1.680080659997876406e+09,1.619600000000000000e+04,3.120000000000000000e+02,4.120000000000000000e+02,-6.220000000000000000e+02,3.400000000000000000e+01,2.800000000000000000e+01
1.680080660001025438e+09,1.616800000000000000e+04,3.560000000000000000e+02,3.800000000000000000e+02,-6.550000000000000000e+02,7.600000000000000000e+01,4.000000000000000000e+01
1.680080660002958298e+09,1.612000000000000000e+04,2.520000000000000000e+02,2.400000000000000000e+02,-6.290000000000000000e+02,5.300000000000000000e+01,2.900000000000000000e+01
1.680080660006071329e+09,1.620000000000000000e+04,3.720000000000000000e+02,3.000000000000000000e+02,-6.350000000000000000e+02,3.300000000000000000e+01,2.300000000000000000e+01
1.680080660007870197e+09,1.625600000000000000e+04,2.840000000000000000e+02,3.480000000000000000e+02,-6.400000000000000000e+02,5.500000000000000000e+01,2.400000000000000000e+01
1.680080660011003494e+09,1.623600000000000000e+04,2.880000000000000000e+02,4.400000000000000000e+02,-6.530000000000000000e+02,6.200000000000000000e+01,2.500000000000000000e+01
1.680080660012685299e+09,1.617600000000000000e+04,3.360000000000000000e+02,4.680000000000000000e+02,-6.150000000000000000e+02,6.200000000000000000e+01,3.600000000000000000e+01
1.680080660015898705e+09,1.625600000000000000e+04,4.000000000000000000e+02,2.640000000000000000e+02,-6.190000000000000000e+02,3.800000000000000000e+01,3.300000000000000000e+01
1.680080660017820358e+09,1.624000000000000000e+04,3.160000000000000000e+02,2.600000000000000000e+02,-6.480000000000000000e+02,9.100000000000000000e+01,1.600000000000000000e+01
1.680080660020955563e+09,1.615600000000000000e+04,2.720000000000000000e+02,2.880000000000000000e+02,-6.230000000000000000e+02,4.400000000000000000e+01,4.600000000000000000e+01
1.680080660022436619e+09,1.622800000000000000e+04,4.040000000000000000e+02,2.480000000000000000e+02,-6.390000000000000000e+02,4.900000000000000000e+01,2.900000000000000000e+01
1.680080660025630474e+09,1.611600000000000000e+04,3.400000000000000000e+02,2.600000000000000000e+02,-6.390000000000000000e+02,4.800000000000000000e+01,5.200000000000000000e+01
1.680080660027000904e+09,1.618800000000000000e+04,3.960000000000000000e+02,2.600000000000000000e+02,-6.310000000000000000e+02,6.500000000000000000e+01,5.600000000000000000e+01
1.680080660030042648e+09,1.607600000000000000e+04,3.000000000000000000e+02,1.640000000000000000e+02,-6.010000000000000000e+02,2.400000000000000000e+01,2.700000000000000000e+01
1.680080660031638384e+09,1.620800000000000000e+04,2.720000000000000000e+02,2.800000000000000000e+02,-6.470000000000000000e+02,6.500000000000000000e+01,3.600000000000000000e+01
1.680080660038262606e+09,1.611200000000000000e+04,2.480000000000000000e+02,2.600000000000000000e+02,-6.580000000000000000e+02,2.200000000000000000e+01,4.800000000000000000e+01
1.680080660039914131e+09,1.611200000000000000e+04,3.760000000000000000e+02,2.400000000000000000e+02,-6.170000000000000000e+02,5.400000000000000000e+01,2.600000000000000000e+01
1.680080660043374062e+09,1.609200000000000000e+04,3.400000000000000000e+02,2.760000000000000000e+02,-6.460000000000000000e+02,4.100000000000000000e+01,2.100000000000000000e+01
1.680080660045273066e+09,1.620400000000000000e+04,2.840000000000000000e+02,1.560000000000000000e+02,-6.330000000000000000e+02,4.200000000000000000e+01,4.300000000000000000e+01
1.680080660048524857e+09,1.626800000000000000e+04,2.320000000000000000e+02,2.360000000000000000e+02,-6.350000000000000000e+02,4.400000000000000000e+01,3.400000000000000000e+01
1.680080660050438166e+09,1.625200000000000000e+04,2.960000000000000000e+02,3.280000000000000000e+02,-6.420000000000000000e+02,3.500000000000000000e+01,3.400000000000000000e+01
1.680080660053496838e+09,1.616800000000000000e+04,2.720000000000000000e+02,3.160000000000000000e+02,-6.480000000000000000e+02,1.700000000000000000e+01,2.200000000000000000e+01
1.680080660054730892e+09,1.614400000000000000e+04,3.400000000000000000e+02,2.480000000000000000e+02,-6.260000000000000000e+02,3.900000000000000000e+01,4.000000000000000000e+01
1.680080660057726383e+09,1.604000000000000000e+04,3.400000000000000000e+02,1.960000000000000000e+02,-6.250000000000000000e+02,7.900000000000000000e+01,3.600000000000000000e+01
1.680080660059466839e+09,1.618800000000000000e+04,3.080000000000000000e+02,3.240000000000000000e+02,-6.310000000000000000e+02,3.700000000000000000e+01,4.100000000000000000e+01
1.680080660063271284e+09,1.620800000000000000e+04,2.640000000000000000e+02,2.720000000000000000e+02,-6.560000000000000000e+02,6.500000000000000000e+01,2.900000000000000000e+01
1.680080660064645290e+09,1.613600000000000000e+04,3.000000000000000000e+02,3.360000000000000000e+02,-6.250000000000000000e+02,2.800000000000000000e+01,3.300000000000000000e+01
1.680080660068059921e+09,1.616000000000000000e+04,2.040000000000000000e+02,3.120000000000000000e+02,-6.390000000000000000e+02,6.500000000000000000e+01,5.400000000000000000e+01
1.680080660069635153e+09,1.610800000000000000e+04,3.240000000000000000e+02,3.520000000000000000e+02,-6.270000000000000000e+02,2.400000000000000000e+01,4.800000000000000000e+01
1.680080660072549582e+09,1.617200000000000000e+04,3.400000000000000000e+02,2.760000000000000000e+02,-6.630000000000000000e+02,5.600000000000000000e+01,3.400000000000000000e+01
1.680080660074516296e+09,1.626400000000000000e+04,3.800000000000000000e+02,3.840000000000000000e+02,-6.190000000000000000e+02,3.900000000000000000e+01,4.200000000000000000e+01
1.680080660077564716e+09,1.627200000000000000e+04,1.960000000000000000e+02,2.880000000000000000e+02,-6.400000000000000000e+02,5.900000000000000000e+01,1.200000000000000000e+01
1.680080660079127550e+09,1.614000000000000000e+04,3.640000000000000000e+02,3.040000000000000000e+02,-6.490000000000000000e+02,5.700000000000000000e+01,2.100000000000000000e+01
1.680080660082115650e+09,1.613200000000000000e+04,1.960000000000000000e+02,2.840000000000000000e+02,-6.430000000000000000e+02,2.800000000000000000e+01,4.300000000000000000e+01
1.680080660083806992e+09,1.614800000000000000e+04,2.440000000000000000e+02,2.640000000000000000e+02,-6.030000000000000000e+02,4.100000000000000000e+01,1.700000000000000000e+01
1.680080660086863279e+09,1.614800000000000000e+04,3.000000000000000000e+02,3.240000000000000000e+02,-6.390000000000000000e+02,5.900000000000000000e+01,2.700000000000000000e+01
1.680080660088531256e+09,1.620800000000000000e+04,3.800000000000000000e+02,3.400000000000000000e+02,-6.310000000000000000e+02,2.100000000000000000e+01,3.000000000000000000e+01
1.680080660091818333e+09,1.623200000000000000e+04,3.400000000000000000e+02,3.480000000000000000e+02,-6.710000000000000000e+02,5.800000000000000000e+01,2.000000000000000000e+01
1.680080660093392134e+09,1.618800000000000000e+04,3.240000000000000000e+02,3.240000000000000000e+02,-6.450000000000000000e+02,4.400000000000000000e+01,3.300000000000000000e+01
1.680080660096846104e+09,1.622400000000000000e+04,3.680000000000000000e+02,3.760000000000000000e+02,-6.160000000000000000e+02,6.500000000000000000e+01,1.900000000000000000e+01
1.680080660098354101e+09,1.614800000000000000e+04,2.920000000000000000e+02,2.080000000000000000e+02,-6.160000000000000000e+02,3.600000000000000000e+01,4.100000000000000000e+01
1.680080660101822376e+09,1.624000000000000000e+04,3.480000000000000000e+02,3.160000000000000000e+02,-6.440000000000000000e+02,1.900000000000000000e+01,4.300000000000000000e+01
1.680080660103478193e+09,1.629600000000000000e+04,3.440000000000000000e+02,3.480000000000000000e+02,-6.610000000000000000e+02,4.000000000000000000e+01,1.400000000000000000e+01
1.680080660106523275e+09,1.616400000000000000e+04,2.120000000000000000e+02,2.680000000000000000e+02,-6.260000000000000000e+02,4.700000000000000000e+01,3.600000000000000000e+01
1.680080660108083487e+09,1.614400000000000000e+04,3.040000000000000000e+02,3.520000000000000000e+02,-6.580000000000000000e+02,5.300000000000000000e+01,4.000000000000000000e+01
1.680080660111382008e+09,1.621200000000000000e+04,2.840000000000000000e+02,4.160000000000000000e+02,-6.480000000000000000e+02,5.200000000000000000e+01,2.700000000000000000e+01
1.680080660113012314e+09,1.614400000000000000e+04,3.400000000000000000e+02,2.320000000000000000e+02,-6.390000000000000000e+02,6.800000000000000000e+01,3.600000000000000000e+01
1.680080660116509914e+09,1.613200000000000000e+04,3.240000000000000000e+02,3.680000000000000000e+02,-6.410000000000000000e+02,3.800000000000000000e+01,2.200000000000000000e+01
1.680080660118138790e+09,1.614400000000000000e+04,2.920000000000000000e+02,3.520000000000000000e+02,-6.530000000000000000e+02,5.500000000000000000e+01,4.200000000000000000e+01
1.680080660121204138e+09,1.605600000000000000e+04,3.160000000000000000e+02,2.360000000000000000e+02,-6.340000000000000000e+02,2.700000000000000000e+01,3.200000000000000000e+01
1.680080660122778177e+09,1.612400000000000000e+04,3.280000000000000000e+02,4.240000000000000000e+02,-6.270000000000000000e+02,5.300000000000000000e+01,4.300000000000000000e+01
1.680080660126291513e+09,1.621600000000000000e+04,3.160000000000000000e+02,3.000000000000000000e+02,-6.150000000000000000e+02,6.200000000000000000e+01,4.700000000000000000e+01
1.680080660127963543e+09,1.622000000000000000e+04,3.800000000000000000e+02,3.080000000000000000e+02,-6.630000000000000000e+02,1.800000000000000000e+01,1.400000000000000000e+01
1.680080660132184744e+09,1.613600000000000000e+04,3.520000000000000000e+02,2.480000000000000000e+02,-6.320000000000000000e+02,4.800000000000000000e+01,4.500000000000000000e+01
1.680080660133539438e+09,1.618000000000000000e+04,2.560000000000000000e+02,2.800000000000000000e+02,-6.530000000000000000e+02,3.100000000000000000e+01,2.300000000000000000e+01
1.680080660136708975e+09,1.611200000000000000e+04,2.880000000000000000e+02,3.320000000000000000e+02,-6.260000000000000000e+02,5.900000000000000000e+01,4.300000000000000000e+01
1.680080660138109922e+09,1.623200000000000000e+04,3.640000000000000000e+02,2.280000000000000000e+02,-6.470000000000000000e+02,5.300000000000000000e+01,4.100000000000000000e+01
1.680080660141186476e+09,1.619600000000000000e+04,1.960000000000000000e+02,3.120000000000000000e+02,-6.350000000000000000e+02,1.400000000000000000e+01,5.600000000000000000e+01
1.680080660142587900e+09,1.609200000000000000e+04,2.680000000000000000e+02,2.040000000000000000e+02,-6.460000000000000000e+02,5.000000000000000000e+01,3.300000000000000000e+01
1.680080660145637274e+09,1.621200000000000000e+04,2.320000000000000000e+02,2.800000000000000000e+02,-6.300000000000000000e+02,5.300000000000000000e+01,4.100000000000000000e+01
1.680080660147382498e+09,1.613600000000000000e+04,4.040000000000000000e+02,3.080000000000000000e+02,-6.650000000000000000e+02,4.300000000000000000e+01,4.300000000000000000e+01
1.680080660150447130e+09,1.614000000000000000e+04,2.760000000000000000e+02,1.880000000000000000e+02,-6.530000000000000000e+02,6.900000000000000000e+01,4.100000000000000000e+01
1.680080660151948452e+09,1.611600000000000000e+04,2.800000000000000000e+02,4.040000000000000000e+02,-6.670000000000000000e+02,3.600000000000000000e+01,5.100000000000000000e+01
1.680080660155129433e+09,1.616000000000000000e+04,2.560000000000000000e+02,2.600000000000000000e+02,-6.400000000000000000e+02,2.400000000000000000e+01,3.500000000000000000e+01
1.680080660156564474e+09,1.614400000000000000e+04,3.200000000000000000e+02,2.960000000000000000e+02,-6.640000000000000000e+02,5.700000000000000000e+01,4.000000000000000000e+01
1.680080660159915209e+09,1.616400000000000000e+04,3.400000000000000000e+02,3.440000000000000000e+02,-6.680000000000000000e+02,4.800000000000000000e+01,6.400000000000000000e+01
1.680080660161214113e+09,1.621200000000000000e+04,3.160000000000000000e+02,3.080000000000000000e+02,-6.300000000000000000e+02,5.900000000000000000e+01,3.500000000000000000e+01
1.680080660164598465e+09,1.618800000000000000e+04,3.720000000000000000e+02,4.040000000000000000e+02,-6.070000000000000000e+02,6.100000000000000000e+01,4.800000000000000000e+01
1.680080660166596174e+09,1.616000000000000000e+04,2.640000000000000000e+02,3.080000000000000000e+02,-6.860000000000000000e+02,4.500000000000000000e+01,4.500000000000000000e+01
1.680080660169534683e+09,1.615200000000000000e+04,2.640000000000000000e+02,2.280000000000000000e+02,-6.280000000000000000e+02,7.100000000000000000e+01,2.900000000000000000e+01
1.680080660171055317e+09,1.614000000000000000e+04,1.120000000000000000e+02,2.640000000000000000e+02,-6.620000000000000000e+02,5.200000000000000000e+01,4.200000000000000000e+01
1.680080660174210548e+09,1.625200000000000000e+04,3.080000000000000000e+02,3.600000000000000000e+02,-6.300000000000000000e+02,2.300000000000000000e+01,2.900000000000000000e+01
1.680080660175663948e+09,1.613200000000000000e+04,2.560000000000000000e+02,3.120000000000000000e+02,-6.020000000000000000e+02,4.400000000000000000e+01,4.200000000000000000e+01
1.680080660179076672e+09,1.605600000000000000e+04,3.520000000000000000e+02,4.360000000000000000e+02,-6.260000000000000000e+02,3.400000000000000000e+01,4.300000000000000000e+01
1.680080660180882454e+09,1.618400000000000000e+04,2.760000000000000000e+02,3.880000000000000000e+02,-6.550000000000000000e+02,3.600000000000000000e+01,3.300000000000000000e+01
1.680080660183843851e+09,1.619200000000000000e+04,3.120000000000000000e+02,3.000000000000000000e+02,-6.540000000000000000e+02,3.800000000000000000e+01,3.300000000000000000e+01
1.680080660185200691e+09,1.617600000000000000e+04,2.920000000000000000e+02,2.920000000000000000e+02,-6.330000000000000000e+02,2.400000000000000000e+01,4.100000000000000000e+01
1.680080660189039707e+09,1.614800000000000000e+04,3.360000000000000000e+02,3.120000000000000000e+02,-6.610000000000000000e+02,4.100000000000000000e+01,5.400000000000000000e+01
1.680080660191161871e+09,1.630400000000000000e+04,2.320000000000000000e+02,3.560000000000000000e+02,-6.100000000000000000e+02,5.000000000000000000e+01,4.700000000000000000e+01
1.680080660194020510e+09,1.619600000000000000e+04,3.040000000000000000e+02,2.400000000000000000e+02,-6.140000000000000000e+02,4.500000000000000000e+01,5.100000000000000000e+01
1.680080660195861101e+09,1.618400000000000000e+04,2.480000000000000000e+02,2.720000000000000000e+02,-6.650000000000000000e+02,4.900000000000000000e+01,3.600000000000000000e+01
1.680080660199200630e+09,1.617200000000000000e+04,2.320000000000000000e+02,2.360000000000000000e+02,-6.280000000000000000e+02,4.300000000000000000e+01,2.400000000000000000e+01
1.680080660200849771e+09,1.617600000000000000e+04,4.200000000000000000e+02,2.840000000000000000e+02,-6.170000000000000000e+02,5.500000000000000000e+01,4.000000000000000000e+01
1.680080660203887701e+09,1.605600000000000000e+04,3.480000000000000000e+02,3.120000000000000000e+02,-6.170000000000000000e+02,3.100000000000000000e+01,3.400000000000000000e+01
1.680080660205505848e+09,1.611200000000000000e+04,2.720000000000000000e+02,2.680000000000000000e+02,-6.320000000000000000e+02,5.900000000000000000e+01,5.300000000000000000e+01
1.680080660208609104e+09,1.619600000000000000e+04,2.280000000000000000e+02,2.920000000000000000e+02,-6.100000000000000000e+02,4.700000000000000000e+01,5.000000000000000000e+01
1.680080660209904671e+09,1.617600000000000000e+04,2.400000000000000000e+02,3.320000000000000000e+02,-6.430000000000000000e+02,6.900000000000000000e+01,2.900000000000000000e+01
1.680080660213061571e+09,1.611200000000000000e+04,3.680000000000000000e+02,3.480000000000000000e+02,-6.240000000000000000e+02,5.800000000000000000e+01,2.700000000000000000e+01
1.680080660214697361e+09,1.621200000000000000e+04,2.360000000000000000e+02,4.000000000000000000e+02,-6.260000000000000000e+02,4.700000000000000000e+01,4.800000000000000000e+01
1.680080660217896938e+09,1.612400000000000000e+04,3.040000000000000000e+02,2.960000000000000000e+02,-6.400000000000000000e+02,6.400000000000000000e+01,1.900000000000000000e+01
1.680080660219349146e+09,1.604800000000000000e+04,2.640000000000000000e+02,3.800000000000000000e+02,-6.300000000000000000e+02,6.600000000000000000e+01,4.000000000000000000e+01
1.680080660222417355e+09,1.617600000000000000e+04,2.720000000000000000e+02,2.280000000000000000e+02,-6.310000000000000000e+02,4.100000000000000000e+01,3.700000000000000000e+01
1.680080660223690987e+09,1.619200000000000000e+04,3.440000000000000000e+02,2.280000000000000000e+02,-6.300000000000000000e+02,3.500000000000000000e+01,3.000000000000000000e+01
1.680080660226790190e+09,1.613200000000000000e+04,3.640000000000000000e+02,3.520000000000000000e+02,-6.150000000000000000e+02,3.600000000000000000e+01,3.500000000000000000e+01
1.680080660228623152e+09,1.612000000000000000e+04,3.080000000000000000e+02,2.280000000000000000e+02,-6.430000000000000000e+02,6.100000000000000000e+01,3.300000000000000000e+01
1.680080660231630087e+09,1.621600000000000000e+04,2.680000000000000000e+02,4.000000000000000000e+02,-6.520000000000000000e+02,4.400000000000000000e+01,1.700000000000000000e+01
1.680080660233312845e+09,1.612000000000000000e+04,2.800000000000000000e+02,3.200000000000000000e+02,-6.240000000000000000e+02,5.900000000000000000e+01,2.900000000000000000e+01
1.680080660236443043e+09,1.621200000000000000e+04,4.080000000000000000e+02,2.960000000000000000e+02,-6.270000000000000000e+02,2.200000000000000000e+01,3.400000000000000000e+01
1.680080660237810135e+09,1.615600000000000000e+04,3.880000000000000000e+02,4.000000000000000000e+02,-6.180000000000000000e+02,4.600000000000000000e+01,1.600000000000000000e+01
1.680080660240825415e+09,1.621600000000000000e+04,3.480000000000000000e+02,3.800000000000000000e+02,-6.160000000000000000e+02,2.900000000000000000e+01,1.600000000000000000e+01
1.680080660242132664e+09,1.618800000000000000e+04,3.560000000000000000e+02,3.800000000000000000e+02,-6.090000000000000000e+02,8.400000000000000000e+01,1.800000000000000000e+01
1.680080660245394707e+09,1.623600000000000000e+04,2.960000000000000000e+02,2.960000000000000000e+02,-6.230000000000000000e+02,4.200000000000000000e+01,3.300000000000000000e+01
1.680080660247061491e+09,1.616800000000000000e+04,3.440000000000000000e+02,1.600000000000000000e+02,-6.530000000000000000e+02,6.100000000000000000e+01,4.800000000000000000e+01
1.680080660250109434e+09,1.621200000000000000e+04,2.400000000000000000e+02,2.480000000000000000e+02,-6.470000000000000000e+02,5.900000000000000000e+01,2.500000000000000000e+01
1.680080660253384352e+09,1.613600000000000000e+04,1.760000000000000000e+02,3.040000000000000000e+02,-6.480000000000000000e+02,5.000000000000000000e+01,1.200000000000000000e+01
1.680080660257017612e+09,1.619600000000000000e+04,3.000000000000000000e+02,2.840000000000000000e+02,-6.340000000000000000e+02,8.700000000000000000e+01,4.300000000000000000e+01
1.680080660258524895e+09,1.611600000000000000e+04,2.760000000000000000e+02,3.680000000000000000e+02,-6.470000000000000000e+02,3.800000000000000000e+01,3.800000000000000000e+01
1.680080660261629105e+09,1.615200000000000000e+04,2.920000000000000000e+02,2.920000000000000000e+02,-6.490000000000000000e+02,6.200000000000000000e+01,3.000000000000000000e+01
1.680080660263156414e+09,1.617600000000000000e+04,4.040000000000000000e+02,3.320000000000000000e+02,-6.430000000000000000e+02,4.600000000000000000e+01,3.800000000000000000e+01
1.680080660266867638e+09,1.622000000000000000e+04,2.560000000000000000e+02,4.360000000000000000e+02,-6.560000000000000000e+02,5.300000000000000000e+01,4.500000000000000000e+01
1.680080660268286943e+09,1.614000000000000000e+04,2.080000000000000000e+02,3.720000000000000000e+02,-6.330000000000000000e+02,6.100000000000000000e+01,3.700000000000000000e+01
1.680080660271301270e+09,1.617200000000000000e+04,2.040000000000000000e+02,2.680000000000000000e+02,-6.400000000000000000e+02,4.300000000000000000e+01,4.300000000000000000e+01
1.680080660273092747e+09,1.618400000000000000e+04,2.400000000000000000e+02,2.640000000000000000e+02,-6.600000000000000000e+02,4.500000000000000000e+01,3.900000000000000000e+01
1.680080660276160479e+09,1.622800000000000000e+04,2.480000000000000000e+02,2.440000000000000000e+02,-6.430000000000000000e+02,4.300000000000000000e+01,2.800000000000000000e+01
1.680080660278657675e+09,1.618800000000000000e+04,3.800000000000000000e+02,3.120000000000000000e+02,-6.530000000000000000e+02,5.400000000000000000e+01,2.000000000000000000e+01
1.680080660281804562e+09,1.616000000000000000e+04,2.720000000000000000e+02,4.640000000000000000e+02,-6.570000000000000000e+02,5.700000000000000000e+01,2.000000000000000000e+01
1.680080660283843517e+09,1.618800000000000000e+04,4.440000000000000000e+02,3.320000000000000000e+02,-6.440000000000000000e+02,4.600000000000000000e+01,2.100000000000000000e+01
1.680080660287166357e+09,1.618000000000000000e+04,3.720000000000000000e+02,3.760000000000000000e+02,-6.110000000000000000e+02,2.700000000000000000e+01,3.500000000000000000e+01
1.680080660289116859e+09,1.628400000000000000e+04,2.800000000000000000e+02,2.720000000000000000e+02,-6.610000000000000000e+02,5.000000000000000000e+01,1.600000000000000000e+01
1.680080660292250872e+09,1.611200000000000000e+04,2.640000000000000000e+02,2.640000000000000000e+02,-6.590000000000000000e+02,5.400000000000000000e+01,6.200000000000000000e+01
1.680080660293767214e+09,1.612000000000000000e+04,3.680000000000000000e+02,2.720000000000000000e+02,-6.320000000000000000e+02,4.300000000000000000e+01,3.400000000000000000e+01
1.680080660297009945e+09,1.620000000000000000e+04,3.320000000000000000e+02,3.000000000000000000e+02,-6.170000000000000000e+02,4.800000000000000000e+01,4.000000000000000000e+01
1.680080660298676968e+09,1.614800000000000000e+04,3.000000000000000000e+02,1.840000000000000000e+02,-6.630000000000000000e+02,3.800000000000000000e+01,7.000000000000000000e+00
1.680080660301502466e+09,1.607200000000000000e+04,3.400000000000000000e+02,2.240000000000000000e+02,-6.280000000000000000e+02,4.000000000000000000e+01,3.600000000000000000e+01
1.680080660303029776e+09,1.612800000000000000e+04,3.080000000000000000e+02,3.280000000000000000e+02,-6.310000000000000000e+02,5.600000000000000000e+01,2.800000000000000000e+01
1.680080660305978775e+09,1.621600000000000000e+04,3.160000000000000000e+02,4.000000000000000000e+02,-6.300000000000000000e+02,3.300000000000000000e+01,3.200000000000000000e+01
1.680080660307528257e+09,1.618800000000000000e+04,3.680000000000000000e+02,3.200000000000000000e+02,-6.450000000000000000e+02,3.800000000000000000e+01,3.200000000000000000e+01
1.680080660310559034e+09,1.616000000000000000e+04,3.040000000000000000e+02,1.880000000000000000e+02,-6.340000000000000000e+02,6.100000000000000000e+01,2.800000000000000000e+01
1.680080660312306881e+09,1.620400000000000000e+04,3.160000000000000000e+02,3.840000000000000000e+02,-6.430000000000000000e+02,5.100000000000000000e+01,2.600000000000000000e+01
1.680080660315362215e+09,1.618400000000000000e+04,3.640000000000000000e+02,4.000000000000000000e+02,-6.200000000000000000e+02,2.000000000000000000e+01,2.400000000000000000e+01
1.680080660316776514e+09,1.617200000000000000e+04,3.160000000000000000e+02,3.600000000000000000e+02,-6.130000000000000000e+02,3.700000000000000000e+01,4.700000000000000000e+01
1.680080660319820642e+09,1.626400000000000000e+04,3.840000000000000000e+02,2.280000000000000000e+02,-6.340000000000000000e+02,9.000000000000000000e+00,5.300000000000000000e+01
1.680080660321408987e+09,1.612800000000000000e+04,3.000000000000000000e+02,2.320000000000000000e+02,-6.090000000000000000e+02,3.100000000000000000e+01,3.300000000000000000e+01
1.680080660324609995e+09,1.619600000000000000e+04,2.720000000000000000e+02,4.120000000000000000e+02,-6.250000000000000000e+02,4.500000000000000000e+01,2.800000000000000000e+01
1.680080660326142550e+09,1.613600000000000000e+04,2.680000000000000000e+02,3.880000000000000000e+02,-6.260000000000000000e+02,5.900000000000000000e+01,3.200000000000000000e+01
1.680080660329206944e+09,1.622800000000000000e+04,3.600000000000000000e+02,3.120000000000000000e+02,-5.930000000000000000e+02,6.000000000000000000e+01,1.900000000000000000e+01
1.680080660330924034e+09,1.618800000000000000e+04,3.240000000000000000e+02,2.840000000000000000e+02,-6.700000000000000000e+02,7.100000000000000000e+01,4.500000000000000000e+01
1.680080660334219933e+09,1.611600000000000000e+04,3.240000000000000000e+02,4.240000000000000000e+02,-6.050000000000000000e+02,6.000000000000000000e+01,3.900000000000000000e+01
1.680080660335601807e+09,1.624400000000000000e+04,2.720000000000000000e+02,3.160000000000000000e+02,-6.640000000000000000e+02,3.700000000000000000e+01,2.900000000000000000e+01
1.680080660339059830e+09,1.617200000000000000e+04,3.160000000000000000e+02,4.320000000000000000e+02,-6.360000000000000000e+02,8.900000000000000000e+01,4.200000000000000000e+01
1.680080660340499640e+09,1.619600000000000000e+04,3.440000000000000000e+02,4.520000000000000000e+02,-6.550000000000000000e+02,4.900000000000000000e+01,1.300000000000000000e+01
1.680080660343816757e+09,1.610000000000000000e+04,1.840000000000000000e+02,4.000000000000000000e+02,-6.210000000000000000e+02,1.100000000000000000e+01,4.800000000000000000e+01
1.680080660345628500e+09,1.612800000000000000e+04,2.920000000000000000e+02,3.760000000000000000e+02,-6.170000000000000000e+02,5.400000000000000000e+01,5.100000000000000000e+01
1.680080660348711014e+09,1.616800000000000000e+04,2.920000000000000000e+02,1.960000000000000000e+02,-6.540000000000000000e+02,4.700000000000000000e+01,1.600000000000000000e+01
1.680080660350501299e+09,1.622400000000000000e+04,3.320000000000000000e+02,2.040000000000000000e+02,-6.310000000000000000e+02,3.300000000000000000e+01,2.800000000000000000e+01
1.680080660353748798e+09,1.612400000000000000e+04,3.280000000000000000e+02,3.040000000000000000e+02,-6.680000000000000000e+02,6.500000000000000000e+01,2.100000000000000000e+01
1.680080660355209589e+09,1.615200000000000000e+04,3.160000000000000000e+02,3.800000000000000000e+02,-6.190000000000000000e+02,3.900000000000000000e+01,1.100000000000000000e+01
1.680080660358334541e+09,1.615200000000000000e+04,2.720000000000000000e+02,4.680000000000000000e+02,-6.650000000000000000e+02,4.300000000000000000e+01,2.700000000000000000e+01
1.680080660359511137e+09,1.624000000000000000e+04,2.160000000000000000e+02,3.400000000000000000e+02,-6.170000000000000000e+02,5.500000000000000000e+01,4.800000000000000000e+01
1.680080660362541914e+09,1.628800000000000000e+04,2.080000000000000000e+02,3.760000000000000000e+02,-6.340000000000000000e+02,4.900000000000000000e+01,1.300000000000000000e+01
1.680080660363901615e+09,1.614000000000000000e+04,3.640000000000000000e+02,3.640000000000000000e+02,-6.680000000000000000e+02,2.500000000000000000e+01,3.500000000000000000e+01
1.680080660367121696e+09,1.625200000000000000e+04,3.720000000000000000e+02,4.720000000000000000e+02,-6.290000000000000000e+02,4.900000000000000000e+01,2.900000000000000000e+01
1.680080660369154215e+09,1.618800000000000000e+04,2.400000000000000000e+02,3.280000000000000000e+02,-6.240000000000000000e+02,3.900000000000000000e+01,3.700000000000000000e+01
1.680080660372331619e+09,1.616800000000000000e+04,3.200000000000000000e+02,3.320000000000000000e+02,-6.480000000000000000e+02,6.200000000000000000e+01,5.200000000000000000e+01
1.680080660374277115e+09,1.622800000000000000e+04,2.000000000000000000e+02,3.280000000000000000e+02,-6.330000000000000000e+02,6.700000000000000000e+01,3.900000000000000000e+01
1.680080660377254248e+09,1.616400000000000000e+04,3.240000000000000000e+02,3.680000000000000000e+02,-6.370000000000000000e+02,4.000000000000000000e+01,2.800000000000000000e+01
1.680080660378967524e+09,1.614400000000000000e+04,2.360000000000000000e+02,3.720000000000000000e+02,-6.390000000000000000e+02,1.800000000000000000e+01,2.600000000000000000e+01
1.680080660382356882e+09,1.616400000000000000e+04,2.200000000000000000e+02,3.360000000000000000e+02,-6.110000000000000000e+02,4.000000000000000000e+00,3.800000000000000000e+01
1.680080660383773088e+09,1.615600000000000000e+04,4.000000000000000000e+02,2.440000000000000000e+02,-5.940000000000000000e+02,3.700000000000000000e+01,5.100000000000000000e+01
1.680080660386766434e+09,1.614400000000000000e+04,2.680000000000000000e+02,2.240000000000000000e+02,-6.350000000000000000e+02,4.400000000000000000e+01,2.600000000000000000e+01
1.680080660388097286e+09,1.625600000000000000e+04,3.440000000000000000e+02,2.040000000000000000e+02,-6.530000000000000000e+02,3.000000000000000000e+01,3.700000000000000000e+01
1.680080660391374111e+09,1.621200000000000000e+04,4.040000000000000000e+02,3.640000000000000000e+02,-6.360000000000000000e+02,4.900000000000000000e+01,1.200000000000000000e+01
1.680080660393017054e+09,1.616000000000000000e+04,3.640000000000000000e+02,2.400000000000000000e+02,-6.310000000000000000e+02,4.300000000000000000e+01,4.300000000000000000e+01
1.680080660396559000e+09,1.618800000000000000e+04,2.920000000000000000e+02,2.880000000000000000e+02,-6.250000000000000000e+02,5.400000000000000000e+01,5.100000000000000000e+01
1.680080660398011446e+09,1.612800000000000000e+04,4.160000000000000000e+02,2.760000000000000000e+02,-7.000000000000000000e+02,3.500000000000000000e+01,4.500000000000000000e+01
1.680080660401101589e+09,1.619600000000000000e+04,3.840000000000000000e+02,1.520000000000000000e+02,-6.420000000000000000e+02,5.600000000000000000e+01,3.700000000000000000e+01
1.680080660402617455e+09,1.628400000000000000e+04,3.080000000000000000e+02,3.360000000000000000e+02,-6.490000000000000000e+02,1.200000000000000000e+01,2.900000000000000000e+01
1.680080660405326366e+09,1.619200000000000000e+04,2.960000000000000000e+02,4.440000000000000000e+02,-6.360000000000000000e+02,4.600000000000000000e+01,4.000000000000000000e+01
1.680080660406886339e+09,1.613600000000000000e+04,2.800000000000000000e+02,2.720000000000000000e+02,-6.310000000000000000e+02,2.000000000000000000e+01,4.200000000000000000e+01
1.680080660409972429e+09,1.609600000000000000e+04,3.920000000000000000e+02,3.320000000000000000e+02,-6.820000000000000000e+02,4.900000000000000000e+01,2.500000000000000000e+01
1.680080660411468744e+09,1.618400000000000000e+04,2.960000000000000000e+02,2.320000000000000000e+02,-6.140000000000000000e+02,3.400000000000000000e+01,1.800000000000000000e+01
1.680080660414446115e+09,1.618800000000000000e+04,2.960000000000000000e+02,3.480000000000000000e+02,-6.660000000000000000e+02,5.800000000000000000e+01,2.600000000000000000e+01
1.680080660415983677e+09,1.616400000000000000e+04,3.120000000000000000e+02,4.000000000000000000e+02,-6.320000000000000000e+02,7.400000000000000000e+01,2.600000000000000000e+01
1.680080660419083834e+09,1.617600000000000000e+04,2.760000000000000000e+02,2.280000000000000000e+02,-6.210000000000000000e+02,5.900000000000000000e+01,2.900000000000000000e+01
1.680080660420382261e+09,1.630400000000000000e+04,3.240000000000000000e+02,3.760000000000000000e+02,-6.250000000000000000e+02,8.000000000000000000e+00,2.600000000000000000e+01
1.680080660423153400e+09,1.610800000000000000e+04,2.720000000000000000e+02,2.600000000000000000e+02,-6.540000000000000000e+02,8.200000000000000000e+01,3.300000000000000000e+01
1.680080660424897194e+09,1.616400000000000000e+04,2.640000000000000000e+02,3.840000000000000000e+02,-6.510000000000000000e+02,4.900000000000000000e+01,3.600000000000000000e+01
1.680080660427890062e+09,1.610400000000000000e+04,2.520000000000000000e+02,2.920000000000000000e+02,-6.190000000000000000e+02,2.800000000000000000e+01,3.500000000000000000e+01
1.680080660429734945e+09,1.621200000000000000e+04,2.760000000000000000e+02,4.360000000000000000e+02,-6.330000000000000000e+02,3.700000000000000000e+01,5.000000000000000000e+00
1.680080660432955503e+09,1.620800000000000000e+04,3.120000000000000000e+02,3.520000000000000000e+02,-6.210000000000000000e+02,8.300000000000000000e+01,4.000000000000000000e+01
1.680080660434746027e+09,1.614400000000000000e+04,3.400000000000000000e+02,3.040000000000000000e+02,-6.460000000000000000e+02,5.200000000000000000e+01,1.500000000000000000e+01
1.680080660438209295e+09,1.615600000000000000e+04,3.320000000000000000e+02,2.360000000000000000e+02,-6.190000000000000000e+02,4.000000000000000000e+01,4.000000000000000000e+01
1.680080660443302870e+09,1.610400000000000000e+04,3.080000000000000000e+02,2.640000000000000000e+02,-6.280000000000000000e+02,4.600000000000000000e+01,6.900000000000000000e+01
1.680080660446185589e+09,1.620000000000000000e+04,2.760000000000000000e+02,2.920000000000000000e+02,-6.290000000000000000e+02,2.100000000000000000e+01,1.900000000000000000e+01
1.680080660447799444e+09,1.618800000000000000e+04,2.320000000000000000e+02,3.320000000000000000e+02,-6.100000000000000000e+02,7.300000000000000000e+01,4.400000000000000000e+01
1.680080660450821877e+09,1.607200000000000000e+04,3.120000000000000000e+02,3.920000000000000000e+02,-6.270000000000000000e+02,4.900000000000000000e+01,2.600000000000000000e+01
1.680080660452682257e+09,1.620000000000000000e+04,3.080000000000000000e+02,2.920000000000000000e+02,-6.270000000000000000e+02,4.900000000000000000e+01,3.400000000000000000e+01
1.680080660455844402e+09,1.622800000000000000e+04,3.400000000000000000e+02,3.480000000000000000e+02,-6.270000000000000000e+02,6.000000000000000000e+01,5.900000000000000000e+01
1.680080660457398891e+09,1.623600000000000000e+04,3.280000000000000000e+02,3.240000000000000000e+02,-6.410000000000000000e+02,4.700000000000000000e+01,3.700000000000000000e+01
1.680080660460417509e+09,1.616400000000000000e+04,3.480000000000000000e+02,1.920000000000000000e+02,-6.450000000000000000e+02,3.800000000000000000e+01,4.100000000000000000e+01
1.680080660462022066e+09,1.622800000000000000e+04,3.240000000000000000e+02,2.160000000000000000e+02,-6.460000000000000000e+02,5.000000000000000000e+01,5.000000000000000000e+01
1.680080660465942621e+09,1.626000000000000000e+04,2.920000000000000000e+02,2.840000000000000000e+02,-6.430000000000000000e+02,2.800000000000000000e+01,1.700000000000000000e+01
1.680080660469778061e+09,1.618000000000000000e+04,3.480000000000000000e+02,3.400000000000000000e+02,-6.570000000000000000e+02,5.300000000000000000e+01,3.700000000000000000e+01
1.680080660472887278e+09,1.619200000000000000e+04,3.240000000000000000e+02,2.720000000000000000e+02,-6.330000000000000000e+02,6.200000000000000000e+01,5.000000000000000000e+00
1.680080660474663019e+09,1.614400000000000000e+04,3.000000000000000000e+02,3.800000000000000000e+02,-6.540000000000000000e+02,1.300000000000000000e+01,1.600000000000000000e+01
1.680080660478019476e+09,1.622000000000000000e+04,2.640000000000000000e+02,4.080000000000000000e+02,-6.090000000000000000e+02,3.900000000000000000e+01,4.300000000000000000e+01
1.680080660479648829e+09,1.619600000000000000e+04,2.760000000000000000e+02,3.480000000000000000e+02,-6.560000000000000000e+02,4.700000000000000000e+01,4.800000000000000000e+01
1.680080660482832670e+09,1.621600000000000000e+04,2.600000000000000000e+02,2.960000000000000000e+02,-6.190000000000000000e+02,4.700000000000000000e+01,3.300000000000000000e+01
1.680080660484156370e+09,1.619600000000000000e+04,3.760000000000000000e+02,3.760000000000000000e+02,-6.690000000000000000e+02,3.100000000000000000e+01,4.400000000000000000e+01
1.680080660487185478e+09,1.624400000000000000e+04,2.880000000000000000e+02,3.240000000000000000e+02,-6.550000000000000000e+02,4.700000000000000000e+01,4.000000000000000000e+01
1.680080660488538027e+09,1.613200000000000000e+04,2.600000000000000000e+02,3.400000000000000000e+02,-6.550000000000000000e+02,5.600000000000000000e+01,1.900000000000000000e+01
1.680080660491452217e+09,1.614400000000000000e+04,3.000000000000000000e+02,1.440000000000000000e+02,-6.090000000000000000e+02,3.800000000000000000e+01,4.900000000000000000e+01
1.680080660493319511e+09,1.607200000000000000e+04,2.600000000000000000e+02,3.880000000000000000e+02,-6.490000000000000000e+02,5.600000000000000000e+01,3.100000000000000000e+01
1.680080660496869087e+09,1.620400000000000000e+04,2.960000000000000000e+02,3.760000000000000000e+02,-6.390000000000000000e+02,2.000000000000000000e+01,3.700000000000000000e+01
1.680080660498322725e+09,1.617600000000000000e+04,3.360000000000000000e+02,3.160000000000000000e+02,-5.840000000000000000e+02,4.500000000000000000e+01,7.000000000000000000e+00
1.680080660501096010e+09,1.616800000000000000e+04,2.600000000000000000e+02,2.120000000000000000e+02,-6.740000000000000000e+02,3.800000000000000000e+01,4.800000000000000000e+01
1.680080660502885342e+09,1.604400000000000000e+04,2.520000000000000000e+02,4.440000000000000000e+02,-6.460000000000000000e+02,4.400000000000000000e+01,3.700000000000000000e+01
1.680080660505929947e+09,1.608800000000000000e+04,3.480000000000000000e+02,1.560000000000000000e+02,-6.490000000000000000e+02,3.100000000000000000e+01,3.600000000000000000e+01
1.680080660507608652e+09,1.624000000000000000e+04,3.280000000000000000e+02,2.240000000000000000e+02,-6.070000000000000000e+02,3.400000000000000000e+01,4.300000000000000000e+01
1.680080660510773659e+09,1.622400000000000000e+04,2.920000000000000000e+02,4.080000000000000000e+02,-6.110000000000000000e+02,4.800000000000000000e+01,2.000000000000000000e+00
1.680080660512231588e+09,1.620400000000000000e+04,3.360000000000000000e+02,4.280000000000000000e+02,-6.190000000000000000e+02,6.000000000000000000e+01,3.000000000000000000e+01
1.680080660515376568e+09,1.629200000000000000e+04,3.080000000000000000e+02,2.960000000000000000e+02,-6.250000000000000000e+02,3.600000000000000000e+01,2.500000000000000000e+01
1.680080660516900301e+09,1.630000000000000000e+04,4.000000000000000000e+02,2.240000000000000000e+02,-6.380000000000000000e+02,2.000000000000000000e+01,1.100000000000000000e+01
1.680080660520361423e+09,1.622400000000000000e+04,2.880000000000000000e+02,2.680000000000000000e+02,-6.410000000000000000e+02,5.600000000000000000e+01,3.400000000000000000e+01
1.680080660521832466e+09,1.614800000000000000e+04,3.520000000000000000e+02,2.880000000000000000e+02,-6.210000000000000000e+02,5.800000000000000000e+01,3.700000000000000000e+01
1.680080660525105476e+09,1.618800000000000000e+04,3.240000000000000000e+02,2.880000000000000000e+02,-6.110000000000000000e+02,6.600000000000000000e+01,3.100000000000000000e+01
1.680080660526510239e+09,1.617600000000000000e+04,3.120000000000000000e+02,1.880000000000000000e+02,-6.490000000000000000e+02,6.000000000000000000e+01,4.700000000000000000e+01
1.680080660529974222e+09,1.617200000000000000e+04,3.480000000000000000e+02,2.960000000000000000e+02,-6.490000000000000000e+02,3.700000000000000000e+01,4.200000000000000000e+01
1.680080660531342030e+09,1.618400000000000000e+04,2.080000000000000000e+02,2.720000000000000000e+02,-6.140000000000000000e+02,4.900000000000000000e+01,4.900000000000000000e+01
1.680080660534578085e+09,1.610000000000000000e+04,3.280000000000000000e+02,2.880000000000000000e+02,-6.510000000000000000e+02,2.600000000000000000e+01,1.700000000000000000e+01
1.680080660536001444e+09,1.616000000000000000e+04,4.480000000000000000e+02,3.320000000000000000e+02,-6.090000000000000000e+02,5.600000000000000000e+01,3.700000000000000000e+01
1.680080660539408445e+09,1.617600000000000000e+04,2.760000000000000000e+02,2.840000000000000000e+02,-6.110000000000000000e+02,1.100000000000000000e+01,6.300000000000000000e+01
1.680080660541091919e+09,1.622000000000000000e+04,3.720000000000000000e+02,1.960000000000000000e+02,-6.250000000000000000e+02,7.100000000000000000e+01,6.400000000000000000e+01
1.680080660544257879e+09,1.610800000000000000e+04,2.760000000000000000e+02,1.880000000000000000e+02,-6.400000000000000000e+02,5.200000000000000000e+01,2.300000000000000000e+01
1.680080660545851946e+09,1.619600000000000000e+04,4.160000000000000000e+02,4.040000000000000000e+02,-6.680000000000000000e+02,4.500000000000000000e+01,4.300000000000000000e+01
1.680080660549378872e+09,1.618400000000000000e+04,3.600000000000000000e+02,4.080000000000000000e+02,-6.730000000000000000e+02,6.800000000000000000e+01,1.400000000000000000e+01
1.680080660550904036e+09,1.622800000000000000e+04,3.840000000000000000e+02,4.400000000000000000e+02,-6.260000000000000000e+02,2.800000000000000000e+01,1.600000000000000000e+01
1.680080660554193735e+09,1.619600000000000000e+04,3.320000000000000000e+02,2.480000000000000000e+02,-6.730000000000000000e+02,5.800000000000000000e+01,2.800000000000000000e+01
1.680080660555789709e+09,1.613200000000000000e+04,3.440000000000000000e+02,3.520000000000000000e+02,-6.280000000000000000e+02,6.300000000000000000e+01,3.800000000000000000e+01
1.680080660558868170e+09,1.620400000000000000e+04,2.640000000000000000e+02,4.000000000000000000e+02,-6.040000000000000000e+02,5.100000000000000000e+01,4.500000000000000000e+01
1.680080660561100483e+09,1.613200000000000000e+04,2.200000000000000000e+02,4.120000000000000000e+02,-6.550000000000000000e+02,6.300000000000000000e+01,1.500000000000000000e+01
1.680080660565776348e+09,1.615200000000000000e+04,3.320000000000000000e+02,4.520000000000000000e+02,-6.610000000000000000e+02,5.300000000000000000e+01,2.200000000000000000e+01
1.680080660567369938e+09,1.618400000000000000e+04,3.280000000000000000e+02,3.880000000000000000e+02,-6.410000000000000000e+02,4.200000000000000000e+01,2.600000000000000000e+01
1.680080660570545197e+09,1.612000000000000000e+04,3.400000000000000000e+02,2.400000000000000000e+02,-6.270000000000000000e+02,3.000000000000000000e+01,2.000000000000000000e+01
1.680080660572360277e+09,1.615600000000000000e+04,2.840000000000000000e+02,3.800000000000000000e+02,-6.440000000000000000e+02,8.000000000000000000e+00,3.200000000000000000e+01
1.680080660575484753e+09,1.616800000000000000e+04,2.920000000000000000e+02,2.800000000000000000e+02,-6.560000000000000000e+02,7.400000000000000000e+01,2.500000000000000000e+01
1.680080660576993227e+09,1.616400000000000000e+04,2.240000000000000000e+02,3.560000000000000000e+02,-6.200000000000000000e+02,6.700000000000000000e+01,3.500000000000000000e+01
1.680080660580028534e+09,1.617600000000000000e+04,2.840000000000000000e+02,3.320000000000000000e+02,-5.800000000000000000e+02,4.900000000000000000e+01,4.900000000000000000e+01
1.680080660581357002e+09,1.615600000000000000e+04,3.160000000000000000e+02,2.680000000000000000e+02,-6.300000000000000000e+02,6.600000000000000000e+01,2.300000000000000000e+01
1.680080660584574461e+09,1.619600000000000000e+04,2.720000000000000000e+02,3.600000000000000000e+02,-6.450000000000000000e+02,2.800000000000000000e+01,4.800000000000000000e+01
1.680080660586578846e+09,1.610800000000000000e+04,2.440000000000000000e+02,2.320000000000000000e+02,-6.440000000000000000e+02,4.900000000000000000e+01,5.200000000000000000e+01
1.680080660589502096e+09,1.609200000000000000e+04,2.120000000000000000e+02,3.320000000000000000e+02,-6.310000000000000000e+02,5.500000000000000000e+01,2.600000000000000000e+01
1.680080660591348886e+09,1.636800000000000000e+04,2.960000000000000000e+02,3.000000000000000000e+02,-6.660000000000000000e+02,2.700000000000000000e+01,2.500000000000000000e+01
1.680080660594546318e+09,1.613200000000000000e+04,2.360000000000000000e+02,3.000000000000000000e+02,-6.270000000000000000e+02,4.200000000000000000e+01,3.300000000000000000e+01
1.680080660596367598e+09,1.610800000000000000e+04,3.280000000000000000e+02,3.520000000000000000e+02,-6.390000000000000000e+02,4.700000000000000000e+01,1.600000000000000000e+01
1.680080660599397659e+09,1.613600000000000000e+04,1.360000000000000000e+02,2.960000000000000000e+02,-6.540000000000000000e+02,5.800000000000000000e+01,3.700000000000000000e+01
1.680080660601227760e+09,1.615200000000000000e+04,3.040000000000000000e+02,3.000000000000000000e+02,-5.940000000000000000e+02,5.900000000000000000e+01,2.900000000000000000e+01
1.680080660604294538e+09,1.613600000000000000e+04,2.760000000000000000e+02,3.720000000000000000e+02,-6.220000000000000000e+02,6.900000000000000000e+01,6.100000000000000000e+01
1.680080660605677843e+09,1.622000000000000000e+04,3.120000000000000000e+02,3.000000000000000000e+02,-6.290000000000000000e+02,4.900000000000000000e+01,2.100000000000000000e+01
1.680080660609098196e+09,1.613200000000000000e+04,3.360000000000000000e+02,3.080000000000000000e+02,-6.310000000000000000e+02,6.000000000000000000e+01,5.300000000000000000e+01
1.680080660610822439e+09,1.620400000000000000e+04,2.120000000000000000e+02,2.520000000000000000e+02,-6.590000000000000000e+02,3.100000000000000000e+01,3.100000000000000000e+01
1.680080660613968134e+09,1.622000000000000000e+04,2.400000000000000000e+02,2.960000000000000000e+02,-6.510000000000000000e+02,4.600000000000000000e+01,2.500000000000000000e+01
1.680080660615677595e+09,1.624800000000000000e+04,2.360000000000000000e+02,2.880000000000000000e+02,-6.370000000000000000e+02,6.500000000000000000e+01,3.700000000000000000e+01
1.680080660618730783e+09,1.618000000000000000e+04,2.760000000000000000e+02,3.560000000000000000e+02,-6.200000000000000000e+02,2.400000000000000000e+01,5.200000000000000000e+01
1.680080660620426416e+09,1.621200000000000000e+04,2.840000000000000000e+02,3.160000000000000000e+02,-6.490000000000000000e+02,4.200000000000000000e+01,5.100000000000000000e+01
1.680080660623297691e+09,1.621600000000000000e+04,2.840000000000000000e+02,2.040000000000000000e+02,-6.410000000000000000e+02,2.800000000000000000e+01,2.800000000000000000e+01
1.680080660625128031e+09,1.629200000000000000e+04,3.360000000000000000e+02,2.800000000000000000e+02,-6.510000000000000000e+02,5.800000000000000000e+01,4.400000000000000000e+01
1.680080660628231287e+09,1.612800000000000000e+04,3.160000000000000000e+02,3.040000000000000000e+02,-6.510000000000000000e+02,4.600000000000000000e+01,2.100000000000000000e+01
1.680080660630274534e+09,1.625200000000000000e+04,4.080000000000000000e+02,3.000000000000000000e+02,-6.230000000000000000e+02,8.000000000000000000e+01,4.900000000000000000e+01
1.680080660633618832e+09,1.613200000000000000e+04,4.000000000000000000e+02,2.320000000000000000e+02,-6.040000000000000000e+02,4.300000000000000000e+01,0.000000000000000000e+00
1.680080660634937763e+09,1.616800000000000000e+04,3.280000000000000000e+02,2.480000000000000000e+02,-6.610000000000000000e+02,6.300000000000000000e+01,1.500000000000000000e+01
1.680080660638137341e+09,1.620000000000000000e+04,3.080000000000000000e+02,3.280000000000000000e+02,-6.600000000000000000e+02,3.100000000000000000e+01,3.100000000000000000e+01
1.680080660639685392e+09,1.621200000000000000e+04,2.960000000000000000e+02,3.640000000000000000e+02,-6.150000000000000000e+02,2.300000000000000000e+01,2.700000000000000000e+01
1.680080660642819405e+09,1.622400000000000000e+04,3.880000000000000000e+02,2.720000000000000000e+02,-6.670000000000000000e+02,6.100000000000000000e+01,3.000000000000000000e+01
1.680080660644407511e+09,1.616800000000000000e+04,2.520000000000000000e+02,3.080000000000000000e+02,-6.450000000000000000e+02,3.600000000000000000e+01,3.600000000000000000e+01
1.680080660647606611e+09,1.616000000000000000e+04,3.360000000000000000e+02,2.600000000000000000e+02,-6.500000000000000000e+02,5.700000000000000000e+01,1.700000000000000000e+01
1.680080660648933649e+09,1.610000000000000000e+04,3.120000000000000000e+02,1.920000000000000000e+02,-6.130000000000000000e+02,4.700000000000000000e+01,3.400000000000000000e+01
1.680080660651984215e+09,1.620800000000000000e+04,3.640000000000000000e+02,3.520000000000000000e+02,-6.920000000000000000e+02,1.300000000000000000e+01,3.600000000000000000e+01
1.680080660653623343e+09,1.624800000000000000e+04,1.880000000000000000e+02,3.760000000000000000e+02,-6.300000000000000000e+02,3.900000000000000000e+01,3.000000000000000000e+01
1.680080660656747341e+09,1.620800000000000000e+04,2.320000000000000000e+02,1.640000000000000000e+02,-6.710000000000000000e+02,2.500000000000000000e+01,5.000000000000000000e+00
1.680080660658502817e+09,1.614400000000000000e+04,3.400000000000000000e+02,3.440000000000000000e+02,-5.990000000000000000e+02,2.800000000000000000e+01,2.400000000000000000e+01
1.680080660661544561e+09,1.626800000000000000e+04,2.240000000000000000e+02,3.640000000000000000e+02,-6.550000000000000000e+02,6.800000000000000000e+01,3.400000000000000000e+01
1.680080660663288832e+09,1.627200000000000000e+04,3.240000000000000000e+02,3.360000000000000000e+02,-6.380000000000000000e+02,4.300000000000000000e+01,3.900000000000000000e+01
1.680080660666529417e+09,1.625200000000000000e+04,2.720000000000000000e+02,3.920000000000000000e+02,-6.340000000000000000e+02,4.900000000000000000e+01,3.800000000000000000e+01
1.680080660668039799e+09,1.623200000000000000e+04,2.080000000000000000e+02,4.040000000000000000e+02,-6.220000000000000000e+02,4.300000000000000000e+01,3.000000000000000000e+01
1.680080660671206236e+09,1.613600000000000000e+04,3.120000000000000000e+02,3.680000000000000000e+02,-6.610000000000000000e+02,2.300000000000000000e+01,3.200000000000000000e+01
1.680080660672714472e+09,1.606400000000000000e+04,3.160000000000000000e+02,3.880000000000000000e+02,-6.660000000000000000e+02,4.300000000000000000e+01,3.200000000000000000e+01
1.680080660676105499e+09,1.626800000000000000e+04,2.240000000000000000e+02,3.440000000000000000e+02,-6.270000000000000000e+02,1.000000000000000000e+02,2.000000000000000000e+01
1.680080660677477598e+09,1.615200000000000000e+04,2.800000000000000000e+02,3.840000000000000000e+02,-6.410000000000000000e+02,4.900000000000000000e+01,7.000000000000000000e+00
1.680080660680519104e+09,1.623600000000000000e+04,3.320000000000000000e+02,3.560000000000000000e+02,-6.330000000000000000e+02,5.300000000000000000e+01,3.500000000000000000e+01
1.680080660682268620e+09,1.623200000000000000e+04,3.120000000000000000e+02,4.800000000000000000e+02,-6.200000000000000000e+02,4.900000000000000000e+01,1.500000000000000000e+01
1.680080660685114145e+09,1.614800000000000000e+04,3.240000000000000000e+02,2.000000000000000000e+02,-6.150000000000000000e+02,5.200000000000000000e+01,3.800000000000000000e+01
1.680080660686943293e+09,1.620000000000000000e+04,3.480000000000000000e+02,2.440000000000000000e+02,-6.310000000000000000e+02,5.500000000000000000e+01,1.200000000000000000e+01
1.680080660690117836e+09,1.620800000000000000e+04,3.320000000000000000e+02,3.040000000000000000e+02,-6.090000000000000000e+02,5.000000000000000000e+01,3.000000000000000000e+01
1.680080660691904068e+09,1.608000000000000000e+04,3.760000000000000000e+02,2.520000000000000000e+02,-6.210000000000000000e+02,5.000000000000000000e+01,4.000000000000000000e+01
1.680080660695140600e+09,1.614400000000000000e+04,3.200000000000000000e+02,1.960000000000000000e+02,-6.180000000000000000e+02,4.200000000000000000e+01,4.000000000000000000e+01
1.680080660696672440e+09,1.622000000000000000e+04,3.320000000000000000e+02,4.320000000000000000e+02,-6.280000000000000000e+02,3.500000000000000000e+01,4.000000000000000000e+01
1.680080660700179338e+09,1.617600000000000000e+04,3.520000000000000000e+02,3.040000000000000000e+02,-6.380000000000000000e+02,3.700000000000000000e+01,4.200000000000000000e+01
1.680080660701667070e+09,1.624400000000000000e+04,3.200000000000000000e+02,3.800000000000000000e+02,-6.250000000000000000e+02,6.000000000000000000e+01,5.500000000000000000e+01
1.680080660704668999e+09,1.620000000000000000e+04,3.520000000000000000e+02,2.600000000000000000e+02,-6.330000000000000000e+02,5.300000000000000000e+01,3.900000000000000000e+01
1.680080660706440210e+09,1.613200000000000000e+04,3.160000000000000000e+02,4.240000000000000000e+02,-6.440000000000000000e+02,3.300000000000000000e+01,3.000000000000000000e+01
1.680080660709480047e+09,1.615600000000000000e+04,3.600000000000000000e+02,2.280000000000000000e+02,-6.240000000000000000e+02,3.300000000000000000e+01,2.500000000000000000e+01
1.680080660711559534e+09,1.620000000000000000e+04,4.280000000000000000e+02,2.040000000000000000e+02,-6.380000000000000000e+02,4.300000000000000000e+01,2.800000000000000000e+01
1.680080660714659929e+09,1.616400000000000000e+04,3.280000000000000000e+02,2.520000000000000000e+02,-6.540000000000000000e+02,2.800000000000000000e+01,1.700000000000000000e+01
1.680080660716359138e+09,1.614400000000000000e+04,3.760000000000000000e+02,3.080000000000000000e+02,-6.220000000000000000e+02,2.700000000000000000e+01,4.300000000000000000e+01
1.680080660719595432e+09,1.622400000000000000e+04,3.480000000000000000e+02,3.440000000000000000e+02,-6.040000000000000000e+02,5.600000000000000000e+01,4.300000000000000000e+01
1.680080660721343756e+09,1.624400000000000000e+04,4.120000000000000000e+02,2.760000000000000000e+02,-6.490000000000000000e+02,7.100000000000000000e+01,5.000000000000000000e+01
1.680080660724559069e+09,1.616800000000000000e+04,3.720000000000000000e+02,2.360000000000000000e+02,-6.220000000000000000e+02,5.900000000000000000e+01,2.600000000000000000e+01
1.680080660726460218e+09,1.622800000000000000e+04,3.080000000000000000e+02,3.080000000000000000e+02,-6.200000000000000000e+02,4.800000000000000000e+01,3.500000000000000000e+01
1.680080660729725122e+09,1.617600000000000000e+04,2.280000000000000000e+02,3.920000000000000000e+02,-6.380000000000000000e+02,4.400000000000000000e+01,3.600000000000000000e+01
1.680080660731099129e+09,1.621200000000000000e+04,2.600000000000000000e+02,3.000000000000000000e+02,-6.370000000000000000e+02,3.100000000000000000e+01,4.500000000000000000e+01
1.680080660734298468e+09,1.617200000000000000e+04,3.400000000000000000e+02,3.320000000000000000e+02,-6.410000000000000000e+02,3.500000000000000000e+01,2.000000000000000000e+01
1.680080660736201048e+09,1.627600000000000000e+04,1.840000000000000000e+02,3.240000000000000000e+02,-6.190000000000000000e+02,1.700000000000000000e+01,3.800000000000000000e+01
1.680080660739421606e+09,1.619200000000000000e+04,2.440000000000000000e+02,3.080000000000000000e+02,-6.790000000000000000e+02,4.900000000000000000e+01,4.200000000000000000e+01
1.680080660740991831e+09,1.612800000000000000e+04,2.960000000000000000e+02,3.120000000000000000e+02,-6.290000000000000000e+02,4.400000000000000000e+01,1.600000000000000000e+01
1.680080660744263411e+09,1.613600000000000000e+04,2.520000000000000000e+02,3.040000000000000000e+02,-6.350000000000000000e+02,5.100000000000000000e+01,4.600000000000000000e+01
1.680080660745992661e+09,1.620800000000000000e+04,2.400000000000000000e+02,1.960000000000000000e+02,-6.430000000000000000e+02,2.800000000000000000e+01,3.800000000000000000e+01
1.680080660749229670e+09,1.623200000000000000e+04,2.600000000000000000e+02,2.680000000000000000e+02,-6.490000000000000000e+02,3.700000000000000000e+01,3.100000000000000000e+01
1.680080660750878572e+09,1.624400000000000000e+04,3.120000000000000000e+02,3.080000000000000000e+02,-6.480000000000000000e+02,4.000000000000000000e+01,4.000000000000000000e+01
1.680080660753997326e+09,1.622400000000000000e+04,2.960000000000000000e+02,3.760000000000000000e+02,-6.510000000000000000e+02,7.700000000000000000e+01,3.100000000000000000e+01
1.680080660755463600e+09,1.614400000000000000e+04,2.280000000000000000e+02,3.320000000000000000e+02,-6.890000000000000000e+02,3.300000000000000000e+01,5.500000000000000000e+01
1.680080660758952856e+09,1.605200000000000000e+04,2.200000000000000000e+02,4.440000000000000000e+02,-6.470000000000000000e+02,3.800000000000000000e+01,2.200000000000000000e+01
1.680080660760488987e+09,1.627600000000000000e+04,3.160000000000000000e+02,3.920000000000000000e+02,-6.490000000000000000e+02,8.100000000000000000e+01,2.300000000000000000e+01
1.680080660763456106e+09,1.625200000000000000e+04,2.000000000000000000e+02,5.000000000000000000e+02,-6.300000000000000000e+02,7.300000000000000000e+01,5.700000000000000000e+01
1.680080660764975548e+09,1.620800000000000000e+04,3.240000000000000000e+02,2.680000000000000000e+02,-6.410000000000000000e+02,5.200000000000000000e+01,4.900000000000000000e+01
1.680080660768054724e+09,1.622000000000000000e+04,2.960000000000000000e+02,2.800000000000000000e+02,-6.430000000000000000e+02,3.900000000000000000e+01,3.400000000000000000e+01
1.680080660769866943e+09,1.626400000000000000e+04,2.480000000000000000e+02,2.000000000000000000e+02,-6.340000000000000000e+02,3.000000000000000000e+01,2.600000000000000000e+01
1.680080660772829771e+09,1.624800000000000000e+04,3.080000000000000000e+02,3.680000000000000000e+02,-6.070000000000000000e+02,5.700000000000000000e+01,6.800000000000000000e+01
1.680080660774125338e+09,1.620800000000000000e+04,2.640000000000000000e+02,3.400000000000000000e+02,-6.590000000000000000e+02,4.800000000000000000e+01,4.300000000000000000e+01
1.680080660778007507e+09,1.614400000000000000e+04,2.720000000000000000e+02,2.440000000000000000e+02,-6.460000000000000000e+02,6.600000000000000000e+01,3.400000000000000000e+01
1.680080660779482126e+09,1.618400000000000000e+04,3.240000000000000000e+02,3.040000000000000000e+02,-6.400000000000000000e+02,4.100000000000000000e+01,4.000000000000000000e+01
1.680080660782680273e+09,1.618000000000000000e+04,2.760000000000000000e+02,1.640000000000000000e+02,-6.330000000000000000e+02,2.700000000000000000e+01,2.200000000000000000e+01
1.680080660784295797e+09,1.614000000000000000e+04,2.760000000000000000e+02,4.160000000000000000e+02,-6.110000000000000000e+02,3.100000000000000000e+01,2.200000000000000000e+01
1.680080660787672043e+09,1.609600000000000000e+04,3.440000000000000000e+02,3.240000000000000000e+02,-6.930000000000000000e+02,5.300000000000000000e+01,3.100000000000000000e+01
1.680080660789441824e+09,1.622000000000000000e+04,2.440000000000000000e+02,2.440000000000000000e+02,-6.450000000000000000e+02,4.600000000000000000e+01,4.700000000000000000e+01
1.680080660792547226e+09,1.612800000000000000e+04,3.000000000000000000e+02,3.560000000000000000e+02,-6.540000000000000000e+02,3.500000000000000000e+01,3.100000000000000000e+01
1.680080660794133186e+09,1.615600000000000000e+04,2.200000000000000000e+02,3.200000000000000000e+02,-6.460000000000000000e+02,5.500000000000000000e+01,1.800000000000000000e+01
1.680080660797248363e+09,1.622000000000000000e+04,3.560000000000000000e+02,3.640000000000000000e+02,-6.720000000000000000e+02,1.600000000000000000e+01,5.600000000000000000e+01
1.680080660799215794e+09,1.621200000000000000e+04,3.080000000000000000e+02,2.400000000000000000e+02,-6.240000000000000000e+02,3.900000000000000000e+01,5.500000000000000000e+01
1.680080660802317381e+09,1.603200000000000000e+04,2.920000000000000000e+02,4.440000000000000000e+02,-6.330000000000000000e+02,7.300000000000000000e+01,4.000000000000000000e+01
1.680080660803826332e+09,1.619200000000000000e+04,2.920000000000000000e+02,2.360000000000000000e+02,-6.540000000000000000e+02,3.000000000000000000e+01,3.900000000000000000e+01
1.680080660807001829e+09,1.608800000000000000e+04,1.840000000000000000e+02,2.480000000000000000e+02,-6.300000000000000000e+02,6.200000000000000000e+01,2.800000000000000000e+01
1.680080660808431387e+09,1.613200000000000000e+04,2.600000000000000000e+02,1.840000000000000000e+02,-6.290000000000000000e+02,6.100000000000000000e+01,3.600000000000000000e+01
1.680080660812064409e+09,1.624000000000000000e+04,3.400000000000000000e+02,4.000000000000000000e+02,-6.500000000000000000e+02,6.400000000000000000e+01,1.000000000000000000e+01
1.680080660813443661e+09,1.617600000000000000e+04,3.440000000000000000e+02,4.280000000000000000e+02,-6.880000000000000000e+02,4.300000000000000000e+01,2.500000000000000000e+01
1.680080660817087173e+09,1.615600000000000000e+04,2.720000000000000000e+02,3.520000000000000000e+02,-6.690000000000000000e+02,5.000000000000000000e+01,4.500000000000000000e+01
1.680080660818472624e+09,1.616800000000000000e+04,2.640000000000000000e+02,5.160000000000000000e+02,-6.510000000000000000e+02,2.800000000000000000e+01,5.400000000000000000e+01
1.680080660821603775e+09,1.620000000000000000e+04,3.280000000000000000e+02,3.560000000000000000e+02,-6.380000000000000000e+02,4.500000000000000000e+01,3.400000000000000000e+01
1.680080660822856426e+09,1.619200000000000000e+04,3.360000000000000000e+02,4.400000000000000000e+02,-6.320000000000000000e+02,4.500000000000000000e+01,2.000000000000000000e+01
1.680080660825910330e+09,1.616400000000000000e+04,3.440000000000000000e+02,2.160000000000000000e+02,-6.460000000000000000e+02,4.700000000000000000e+01,4.000000000000000000e+01
1.680080660827299118e+09,1.620400000000000000e+04,2.680000000000000000e+02,3.760000000000000000e+02,-6.390000000000000000e+02,4.700000000000000000e+01,1.800000000000000000e+01
1.680080660830183029e+09,1.614800000000000000e+04,2.200000000000000000e+02,4.000000000000000000e+02,-6.270000000000000000e+02,5.600000000000000000e+01,2.700000000000000000e+01
1.680080660832125664e+09,1.618000000000000000e+04,3.280000000000000000e+02,1.960000000000000000e+02,-6.230000000000000000e+02,2.300000000000000000e+01,4.700000000000000000e+01
1.680080660835302114e+09,1.619200000000000000e+04,3.080000000000000000e+02,3.920000000000000000e+02,-6.580000000000000000e+02,4.300000000000000000e+01,2.100000000000000000e+01
1.680080660837163925e+09,1.622800000000000000e+04,2.720000000000000000e+02,3.960000000000000000e+02,-6.580000000000000000e+02,4.900000000000000000e+01,2.800000000000000000e+01
1.680080660840395927e+09,1.615600000000000000e+04,3.120000000000000000e+02,3.160000000000000000e+02,-6.430000000000000000e+02,4.800000000000000000e+01,5.300000000000000000e+01
1.680080660841933012e+09,1.615600000000000000e+04,2.560000000000000000e+02,4.280000000000000000e+02,-6.560000000000000000e+02,3.400000000000000000e+01,1.500000000000000000e+01
1.680080660845196247e+09,1.616400000000000000e+04,3.400000000000000000e+02,4.120000000000000000e+02,-6.360000000000000000e+02,3.200000000000000000e+01,3.600000000000000000e+01
1.680080660846871376e+09,1.625200000000000000e+04,3.040000000000000000e+02,3.720000000000000000e+02,-6.530000000000000000e+02,3.800000000000000000e+01,4.200000000000000000e+01
1.680080660850014687e+09,1.628000000000000000e+04,3.480000000000000000e+02,3.440000000000000000e+02,-6.360000000000000000e+02,6.500000000000000000e+01,3.200000000000000000e+01
1.680080660851537466e+09,1.626400000000000000e+04,3.120000000000000000e+02,3.360000000000000000e+02,-6.780000000000000000e+02,5.700000000000000000e+01,4.700000000000000000e+01
1.680080660854570389e+09,1.614800000000000000e+04,4.400000000000000000e+02,3.640000000000000000e+02,-6.330000000000000000e+02,5.500000000000000000e+01,2.800000000000000000e+01
1.680080660855973482e+09,1.610800000000000000e+04,3.680000000000000000e+02,3.400000000000000000e+02,-6.410000000000000000e+02,3.700000000000000000e+01,3.100000000000000000e+01
1.680080660859125614e+09,1.623200000000000000e+04,4.040000000000000000e+02,2.080000000000000000e+02,-6.280000000000000000e+02,7.000000000000000000e+01,1.700000000000000000e+01
1.680080660860781908e+09,1.615200000000000000e+04,4.480000000000000000e+02,2.640000000000000000e+02,-6.370000000000000000e+02,-3.000000000000000000e+00,2.400000000000000000e+01
1.680080660863916397e+09,1.614400000000000000e+04,3.640000000000000000e+02,2.640000000000000000e+02,-6.620000000000000000e+02,4.300000000000000000e+01,4.300000000000000000e+01
1.680080660865373135e+09,1.621600000000000000e+04,2.800000000000000000e+02,2.720000000000000000e+02,-6.500000000000000000e+02,2.000000000000000000e+01,2.700000000000000000e+01
1.680080660868844509e+09,1.608800000000000000e+04,4.240000000000000000e+02,3.080000000000000000e+02,-6.070000000000000000e+02,2.200000000000000000e+01,3.400000000000000000e+01
1.680080660870367289e+09,1.625600000000000000e+04,3.480000000000000000e+02,2.600000000000000000e+02,-6.530000000000000000e+02,5.700000000000000000e+01,3.300000000000000000e+01
1.680080660874444962e+09,1.611200000000000000e+04,3.440000000000000000e+02,2.600000000000000000e+02,-6.310000000000000000e+02,2.800000000000000000e+01,4.600000000000000000e+01
1.680080660877064705e+09,1.625200000000000000e+04,3.000000000000000000e+02,3.440000000000000000e+02,-6.390000000000000000e+02,3.100000000000000000e+01,3.200000000000000000e+01
1.680080660880867243e+09,1.618800000000000000e+04,3.120000000000000000e+02,2.280000000000000000e+02,-6.440000000000000000e+02,3.200000000000000000e+01,4.100000000000000000e+01
1.680080660883072615e+09,1.620400000000000000e+04,2.360000000000000000e+02,3.440000000000000000e+02,-6.530000000000000000e+02,4.400000000000000000e+01,3.800000000000000000e+01
1.680080660886234999e+09,1.627200000000000000e+04,3.560000000000000000e+02,1.760000000000000000e+02,-6.380000000000000000e+02,3.700000000000000000e+01,5.600000000000000000e+01
1.680080660888000965e+09,1.618000000000000000e+04,3.080000000000000000e+02,2.280000000000000000e+02,-6.320000000000000000e+02,5.200000000000000000e+01,4.100000000000000000e+01
1.680080660891026735e+09,1.608000000000000000e+04,3.120000000000000000e+02,2.320000000000000000e+02,-6.210000000000000000e+02,5.100000000000000000e+01,2.400000000000000000e+01
1.680080660892562866e+09,1.618400000000000000e+04,3.240000000000000000e+02,4.400000000000000000e+02,-6.710000000000000000e+02,5.400000000000000000e+01,3.800000000000000000e+01
1.680080660895653725e+09,1.627200000000000000e+04,2.920000000000000000e+02,3.480000000000000000e+02,-6.370000000000000000e+02,5.100000000000000000e+01,5.200000000000000000e+01
1.680080660897235632e+09,1.624800000000000000e+04,3.240000000000000000e+02,3.360000000000000000e+02,-6.170000000000000000e+02,3.700000000000000000e+01,4.700000000000000000e+01
1.680080660900442362e+09,1.615600000000000000e+04,3.720000000000000000e+02,3.520000000000000000e+02,-6.850000000000000000e+02,2.800000000000000000e+01,2.400000000000000000e+01
1.680080660902047157e+09,1.619600000000000000e+04,2.320000000000000000e+02,2.840000000000000000e+02,-6.300000000000000000e+02,5.100000000000000000e+01,2.300000000000000000e+01
1.680080660905277014e+09,1.608000000000000000e+04,1.720000000000000000e+02,2.320000000000000000e+02,-6.530000000000000000e+02,4.300000000000000000e+01,1.800000000000000000e+01
1.680080660907116175e+09,1.604800000000000000e+04,3.200000000000000000e+02,2.960000000000000000e+02,-6.230000000000000000e+02,6.200000000000000000e+01,1.600000000000000000e+01
1.680080660910215378e+09,1.617600000000000000e+04,3.000000000000000000e+02,2.280000000000000000e+02,-6.280000000000000000e+02,1.900000000000000000e+01,3.900000000000000000e+01
1.680080660912060261e+09,1.617200000000000000e+04,2.840000000000000000e+02,2.360000000000000000e+02,-6.340000000000000000e+02,4.600000000000000000e+01,2.800000000000000000e+01
1.680080660915645838e+09,1.626000000000000000e+04,2.560000000000000000e+02,3.400000000000000000e+02,-6.360000000000000000e+02,4.400000000000000000e+01,2.700000000000000000e+01
1.680080660917393923e+09,1.618800000000000000e+04,2.600000000000000000e+02,3.520000000000000000e+02,-6.570000000000000000e+02,6.000000000000000000e+01,3.000000000000000000e+01
1.680080660920902252e+09,1.629600000000000000e+04,3.240000000000000000e+02,3.800000000000000000e+02,-6.420000000000000000e+02,7.000000000000000000e+00,2.800000000000000000e+01
1.680080660922468424e+09,1.623200000000000000e+04,3.160000000000000000e+02,3.760000000000000000e+02,-6.220000000000000000e+02,3.800000000000000000e+01,4.400000000000000000e+01
1.680080660925966501e+09,1.616000000000000000e+04,2.760000000000000000e+02,3.920000000000000000e+02,-6.460000000000000000e+02,6.500000000000000000e+01,4.400000000000000000e+01
1.680080660927484512e+09,1.617200000000000000e+04,2.480000000000000000e+02,3.640000000000000000e+02,-6.450000000000000000e+02,5.800000000000000000e+01,5.600000000000000000e+01
1.680080660930878162e+09,1.619200000000000000e+04,3.040000000000000000e+02,4.880000000000000000e+02,-6.160000000000000000e+02,7.700000000000000000e+01,2.500000000000000000e+01
1.680080660932568550e+09,1.616000000000000000e+04,3.000000000000000000e+02,3.440000000000000000e+02,-6.930000000000000000e+02,6.800000000000000000e+01,5.600000000000000000e+01
1.680080660935986519e+09,1.611200000000000000e+04,3.680000000000000000e+02,3.000000000000000000e+02,-6.210000000000000000e+02,4.500000000000000000e+01,1.200000000000000000e+01
1.680080660937462568e+09,1.614000000000000000e+04,3.400000000000000000e+02,4.400000000000000000e+02,-6.150000000000000000e+02,4.300000000000000000e+01,3.700000000000000000e+01
1.680080660940924168e+09,1.615200000000000000e+04,2.600000000000000000e+02,3.240000000000000000e+02,-6.600000000000000000e+02,5.900000000000000000e+01,9.000000000000000000e+00
1.680080660942651749e+09,1.619200000000000000e+04,2.720000000000000000e+02,4.800000000000000000e+02,-6.290000000000000000e+02,5.000000000000000000e+01,-1.300000000000000000e+01
1.680080660945854425e+09,1.623600000000000000e+04,3.080000000000000000e+02,2.800000000000000000e+02,-6.350000000000000000e+02,4.800000000000000000e+01,3.500000000000000000e+01
1.680080660947809458e+09,1.621200000000000000e+04,2.800000000000000000e+02,3.400000000000000000e+02,-6.270000000000000000e+02,5.000000000000000000e+01,4.100000000000000000e+01
1.680080660950932503e+09,1.616400000000000000e+04,2.920000000000000000e+02,2.480000000000000000e+02,-6.240000000000000000e+02,4.200000000000000000e+01,4.700000000000000000e+01
1.680080660952587605e+09,1.620000000000000000e+04,2.480000000000000000e+02,3.760000000000000000e+02,-6.580000000000000000e+02,2.700000000000000000e+01,3.900000000000000000e+01
1.680080660955725908e+09,1.611200000000000000e+04,3.520000000000000000e+02,3.120000000000000000e+02,-6.810000000000000000e+02,2.400000000000000000e+01,2.800000000000000000e+01
1.680080660957684994e+09,1.616800000000000000e+04,2.760000000000000000e+02,3.240000000000000000e+02,-5.900000000000000000e+02,5.700000000000000000e+01,5.000000000000000000e+01
1.680080660961412430e+09,1.616800000000000000e+04,3.000000000000000000e+02,2.960000000000000000e+02,-6.520000000000000000e+02,3.400000000000000000e+01,4.400000000000000000e+01
1.680080660963820457e+09,1.610000000000000000e+04,3.080000000000000000e+02,3.320000000000000000e+02,-6.220000000000000000e+02,6.600000000000000000e+01,3.700000000000000000e+01
1.680080660967533350e+09,1.617200000000000000e+04,2.520000000000000000e+02,2.200000000000000000e+02,-6.160000000000000000e+02,6.700000000000000000e+01,3.000000000000000000e+01
1.680080660969527245e+09,1.611600000000000000e+04,1.840000000000000000e+02,1.640000000000000000e+02,-6.980000000000000000e+02,1.900000000000000000e+01,3.600000000000000000e+01
1.680080660972989798e+09,1.626400000000000000e+04,2.600000000000000000e+02,2.280000000000000000e+02,-6.390000000000000000e+02,5.300000000000000000e+01,6.000000000000000000e+01
1.680080660974419594e+09,1.617200000000000000e+04,3.080000000000000000e+02,2.840000000000000000e+02,-6.330000000000000000e+02,2.000000000000000000e+01,4.000000000000000000e+01
1.680080660977849960e+09,1.615600000000000000e+04,2.920000000000000000e+02,2.880000000000000000e+02,-6.760000000000000000e+02,5.700000000000000000e+01,1.900000000000000000e+01
1.680080660979044914e+09,1.620800000000000000e+04,2.800000000000000000e+02,2.880000000000000000e+02,-6.460000000000000000e+02,6.700000000000000000e+01,9.000000000000000000e+00
1.680080660982943296e+09,1.615200000000000000e+04,3.120000000000000000e+02,3.520000000000000000e+02,-6.230000000000000000e+02,4.500000000000000000e+01,3.000000000000000000e+01
1.680080660984505892e+09,1.630000000000000000e+04,2.640000000000000000e+02,3.640000000000000000e+02,-6.440000000000000000e+02,3.600000000000000000e+01,2.400000000000000000e+01
1.680080660987977505e+09,1.625600000000000000e+04,3.040000000000000000e+02,1.760000000000000000e+02,-6.040000000000000000e+02,4.300000000000000000e+01,3.000000000000000000e+01
1.680080660989430189e+09,1.620000000000000000e+04,2.640000000000000000e+02,3.080000000000000000e+02,-6.550000000000000000e+02,4.000000000000000000e+01,5.500000000000000000e+01
1.680080660993412971e+09,1.616800000000000000e+04,2.360000000000000000e+02,3.320000000000000000e+02,-6.240000000000000000e+02,3.300000000000000000e+01,1.200000000000000000e+01
1.680080660995083570e+09,1.618800000000000000e+04,3.160000000000000000e+02,3.520000000000000000e+02,-6.440000000000000000e+02,2.800000000000000000e+01,2.300000000000000000e+01
1.680080660998218060e+09,1.615600000000000000e+04,2.840000000000000000e+02,3.080000000000000000e+02,-6.530000000000000000e+02,3.000000000000000000e+01,3.300000000000000000e+01
1.680080661000184774e+09,1.618000000000000000e+04,2.680000000000000000e+02,3.960000000000000000e+02,-6.400000000000000000e+02,5.500000000000000000e+01,2.000000000000000000e+01
1.680080661003394604e+09,1.620400000000000000e+04,3.400000000000000000e+02,1.640000000000000000e+02,-6.380000000000000000e+02,4.000000000000000000e+01,1.800000000000000000e+01
1.680080661005043030e+09,1.618400000000000000e+04,2.720000000000000000e+02,2.920000000000000000e+02,-6.220000000000000000e+02,4.300000000000000000e+01,4.800000000000000000e+01
1.680080661008244991e+09,1.626800000000000000e+04,2.640000000000000000e+02,3.920000000000000000e+02,-6.580000000000000000e+02,2.800000000000000000e+01,4.400000000000000000e+01
1.680080661009947300e+09,1.616000000000000000e+04,2.040000000000000000e+02,1.560000000000000000e+02,-6.260000000000000000e+02,6.200000000000000000e+01,6.000000000000000000e+01
1.680080661013368607e+09,1.625600000000000000e+04,3.040000000000000000e+02,2.880000000000000000e+02,-6.500000000000000000e+02,5.600000000000000000e+01,1.200000000000000000e+01
1.680080661016869545e+09,1.615200000000000000e+04,3.680000000000000000e+02,2.240000000000000000e+02,-6.570000000000000000e+02,6.600000000000000000e+01,2.800000000000000000e+01
1.680080661019845486e+09,1.619600000000000000e+04,1.800000000000000000e+02,2.720000000000000000e+02,-6.590000000000000000e+02,3.400000000000000000e+01,4.100000000000000000e+01
1.680080661021811962e+09,1.624800000000000000e+04,2.800000000000000000e+02,2.920000000000000000e+02,-6.150000000000000000e+02,5.100000000000000000e+01,5.100000000000000000e+01
1.680080661024933815e+09,1.615600000000000000e+04,3.440000000000000000e+02,3.600000000000000000e+02,-6.390000000000000000e+02,2.400000000000000000e+01,2.800000000000000000e+01
1.680080661026490211e+09,1.616800000000000000e+04,2.720000000000000000e+02,4.120000000000000000e+02,-6.300000000000000000e+02,6.500000000000000000e+01,4.400000000000000000e+01
1.680080661029655218e+09,1.615600000000000000e+04,2.560000000000000000e+02,2.360000000000000000e+02,-6.180000000000000000e+02,5.000000000000000000e+01,4.800000000000000000e+01
1.680080661031100750e+09,1.618000000000000000e+04,2.640000000000000000e+02,3.920000000000000000e+02,-6.340000000000000000e+02,3.800000000000000000e+01,3.600000000000000000e+01
1.680080661034271955e+09,1.614800000000000000e+04,3.600000000000000000e+02,1.280000000000000000e+02,-6.400000000000000000e+02,1.700000000000000000e+01,3.500000000000000000e+01
1.680080661035811663e+09,1.619200000000000000e+04,2.880000000000000000e+02,3.160000000000000000e+02,-6.150000000000000000e+02,4.200000000000000000e+01,4.700000000000000000e+01
1.680080661038910151e+09,1.603600000000000000e+04,2.640000000000000000e+02,2.360000000000000000e+02,-6.440000000000000000e+02,5.900000000000000000e+01,4.700000000000000000e+01
1.680080661040607929e+09,1.615600000000000000e+04,2.400000000000000000e+02,1.960000000000000000e+02,-6.490000000000000000e+02,3.900000000000000000e+01,2.200000000000000000e+01
1.680080661043669939e+09,1.633600000000000000e+04,3.280000000000000000e+02,3.160000000000000000e+02,-6.340000000000000000e+02,5.400000000000000000e+01,3.500000000000000000e+01
1.680080661045392990e+09,1.622400000000000000e+04,3.320000000000000000e+02,3.760000000000000000e+02,-6.130000000000000000e+02,3.900000000000000000e+01,3.600000000000000000e+01
1.680080661048540831e+09,1.624800000000000000e+04,3.600000000000000000e+02,2.840000000000000000e+02,-6.410000000000000000e+02,5.400000000000000000e+01,3.900000000000000000e+01
1.680080661050777674e+09,1.622800000000000000e+04,2.760000000000000000e+02,3.680000000000000000e+02,-6.340000000000000000e+02,7.200000000000000000e+01,1.000000000000000000e+01
1.680080661054347992e+09,1.618800000000000000e+04,3.600000000000000000e+02,4.600000000000000000e+02,-6.420000000000000000e+02,5.100000000000000000e+01,4.500000000000000000e+01
1.680080661055758238e+09,1.624400000000000000e+04,2.840000000000000000e+02,2.600000000000000000e+02,-6.330000000000000000e+02,4.800000000000000000e+01,2.200000000000000000e+01
1.680080661059912443e+09,1.627200000000000000e+04,3.080000000000000000e+02,3.600000000000000000e+02,-6.280000000000000000e+02,6.200000000000000000e+01,2.300000000000000000e+01
1.680080661061324358e+09,1.626800000000000000e+04,3.400000000000000000e+02,2.840000000000000000e+02,-6.300000000000000000e+02,-3.000000000000000000e+00,2.100000000000000000e+01
1.680080661064728498e+09,1.617200000000000000e+04,2.440000000000000000e+02,3.440000000000000000e+02,-6.600000000000000000e+02,4.200000000000000000e+01,3.000000000000000000e+01
1.680080661066907644e+09,1.627200000000000000e+04,4.000000000000000000e+02,3.320000000000000000e+02,-6.080000000000000000e+02,5.600000000000000000e+01,4.200000000000000000e+01
1.680080661070098877e+09,1.623600000000000000e+04,3.640000000000000000e+02,4.440000000000000000e+02,-6.240000000000000000e+02,7.100000000000000000e+01,3.400000000000000000e+01
1.680080661071603060e+09,1.612800000000000000e+04,2.760000000000000000e+02,2.760000000000000000e+02,-6.500000000000000000e+02,4.800000000000000000e+01,3.700000000000000000e+01
1.680080661074752569e+09,1.614400000000000000e+04,3.600000000000000000e+02,3.360000000000000000e+02,-6.520000000000000000e+02,6.700000000000000000e+01,-1.000000000000000000e+00
1.680080661076206923e+09,1.616400000000000000e+04,3.360000000000000000e+02,2.840000000000000000e+02,-6.280000000000000000e+02,7.100000000000000000e+01,1.400000000000000000e+01
1.680080661079275846e+09,1.613200000000000000e+04,2.760000000000000000e+02,2.160000000000000000e+02,-6.330000000000000000e+02,6.000000000000000000e+01,2.400000000000000000e+01
1.680080661080797434e+09,1.622400000000000000e+04,3.200000000000000000e+02,2.600000000000000000e+02,-6.400000000000000000e+02,4.200000000000000000e+01,3.200000000000000000e+01
1.680080661084714413e+09,1.612400000000000000e+04,2.840000000000000000e+02,4.040000000000000000e+02,-6.430000000000000000e+02,1.900000000000000000e+01,5.000000000000000000e+01
1.680080661087297201e+09,1.619200000000000000e+04,2.960000000000000000e+02,2.800000000000000000e+02,-6.560000000000000000e+02,5.600000000000000000e+01,2.900000000000000000e+01
1.680080661090464592e+09,1.631600000000000000e+04,2.640000000000000000e+02,3.360000000000000000e+02,-6.370000000000000000e+02,3.900000000000000000e+01,4.100000000000000000e+01
1.680080661092181206e+09,1.620400000000000000e+04,3.120000000000000000e+02,4.800000000000000000e+02,-6.470000000000000000e+02,4.900000000000000000e+01,2.200000000000000000e+01
1.680080661095385313e+09,1.627200000000000000e+04,2.440000000000000000e+02,2.800000000000000000e+02,-5.970000000000000000e+02,5.500000000000000000e+01,4.100000000000000000e+01
1.680080661097001314e+09,1.623200000000000000e+04,2.760000000000000000e+02,2.960000000000000000e+02,-6.380000000000000000e+02,4.300000000000000000e+01,5.900000000000000000e+01
1.680080661100179195e+09,1.612800000000000000e+04,3.120000000000000000e+02,3.360000000000000000e+02,-6.520000000000000000e+02,4.900000000000000000e+01,3.400000000000000000e+01
1.680080661101780415e+09,1.622400000000000000e+04,3.200000000000000000e+02,2.120000000000000000e+02,-6.670000000000000000e+02,5.700000000000000000e+01,3.900000000000000000e+01
1.680080661105144739e+09,1.630400000000000000e+04,3.080000000000000000e+02,1.960000000000000000e+02,-6.390000000000000000e+02,4.500000000000000000e+01,3.900000000000000000e+01
1.680080661106951475e+09,1.625200000000000000e+04,4.360000000000000000e+02,4.480000000000000000e+02,-6.490000000000000000e+02,4.900000000000000000e+01,2.000000000000000000e+01
1.680080661110337973e+09,1.620400000000000000e+04,3.480000000000000000e+02,2.080000000000000000e+02,-6.240000000000000000e+02,5.100000000000000000e+01,3.500000000000000000e+01
1.680080661112118244e+09,1.617600000000000000e+04,2.080000000000000000e+02,2.400000000000000000e+02,-6.460000000000000000e+02,4.300000000000000000e+01,3.100000000000000000e+01
1.680080661116030216e+09,1.620400000000000000e+04,3.000000000000000000e+02,1.120000000000000000e+02,-6.010000000000000000e+02,2.200000000000000000e+01,4.000000000000000000e+01
1.680080661117902994e+09,1.625200000000000000e+04,2.600000000000000000e+02,2.760000000000000000e+02,-6.510000000000000000e+02,5.400000000000000000e+01,3.000000000000000000e+01
1.680080661121267557e+09,1.626000000000000000e+04,3.240000000000000000e+02,3.200000000000000000e+02,-6.180000000000000000e+02,4.900000000000000000e+01,3.700000000000000000e+01
1.680080661122670650e+09,1.612800000000000000e+04,3.240000000000000000e+02,3.600000000000000000e+02,-6.550000000000000000e+02,3.600000000000000000e+01,3.400000000000000000e+01
1.680080661126108170e+09,1.610800000000000000e+04,2.920000000000000000e+02,2.280000000000000000e+02,-6.710000000000000000e+02,2.400000000000000000e+01,3.500000000000000000e+01
1.680080661127562761e+09,1.610000000000000000e+04,2.680000000000000000e+02,2.120000000000000000e+02,-6.070000000000000000e+02,3.800000000000000000e+01,2.200000000000000000e+01
1.680080661131170034e+09,1.624000000000000000e+04,2.720000000000000000e+02,3.080000000000000000e+02,-6.640000000000000000e+02,4.800000000000000000e+01,4.000000000000000000e+01
1.680080661132549286e+09,1.625600000000000000e+04,3.120000000000000000e+02,3.200000000000000000e+02,-6.220000000000000000e+02,6.500000000000000000e+01,5.100000000000000000e+01
1.680080661135814667e+09,1.626400000000000000e+04,3.920000000000000000e+02,2.440000000000000000e+02,-6.330000000000000000e+02,5.300000000000000000e+01,2.900000000000000000e+01
1.680080661137291670e+09,1.619200000000000000e+04,3.480000000000000000e+02,2.880000000000000000e+02,-6.320000000000000000e+02,4.000000000000000000e+01,2.600000000000000000e+01
1.680080661140667915e+09,1.620800000000000000e+04,2.600000000000000000e+02,4.680000000000000000e+02,-6.460000000000000000e+02,6.200000000000000000e+01,1.300000000000000000e+01
1.680080661142092943e+09,1.620800000000000000e+04,2.920000000000000000e+02,3.360000000000000000e+02,-6.400000000000000000e+02,5.300000000000000000e+01,4.700000000000000000e+01
1.680080661145478725e+09,1.616800000000000000e+04,3.520000000000000000e+02,3.520000000000000000e+02,-6.590000000000000000e+02,4.800000000000000000e+01,3.700000000000000000e+01
1.680080661146908522e+09,1.619600000000000000e+04,3.880000000000000000e+02,3.920000000000000000e+02,-6.260000000000000000e+02,3.700000000000000000e+01,2.400000000000000000e+01
1.680080661150305510e+09,1.620800000000000000e+04,2.840000000000000000e+02,3.560000000000000000e+02,-6.610000000000000000e+02,2.700000000000000000e+01,3.100000000000000000e+01
1.680080661151645422e+09,1.625600000000000000e+04,3.560000000000000000e+02,3.640000000000000000e+02,-6.530000000000000000e+02,5.900000000000000000e+01,3.800000000000000000e+01
1.680080661155066252e+09,1.622000000000000000e+04,3.640000000000000000e+02,3.840000000000000000e+02,-6.500000000000000000e+02,5.700000000000000000e+01,4.700000000000000000e+01
1.680080661156324387e+09,1.622800000000000000e+04,3.000000000000000000e+02,2.840000000000000000e+02,-6.270000000000000000e+02,2.100000000000000000e+01,3.800000000000000000e+01
1.680080661159729242e+09,1.618000000000000000e+04,2.480000000000000000e+02,3.400000000000000000e+02,-6.720000000000000000e+02,5.300000000000000000e+01,2.500000000000000000e+01
1.680080661161029816e+09,1.612800000000000000e+04,2.720000000000000000e+02,3.200000000000000000e+02,-6.060000000000000000e+02,5.900000000000000000e+01,5.200000000000000000e+01
1.680080661164287090e+09,1.614800000000000000e+04,2.640000000000000000e+02,3.240000000000000000e+02,-6.300000000000000000e+02,4.600000000000000000e+01,3.900000000000000000e+01
1.680080661165782928e+09,1.609600000000000000e+04,2.600000000000000000e+02,4.560000000000000000e+02,-6.420000000000000000e+02,3.400000000000000000e+01,3.500000000000000000e+01
1.680080661169281721e+09,1.616000000000000000e+04,3.280000000000000000e+02,1.960000000000000000e+02,-6.740000000000000000e+02,4.700000000000000000e+01,1.300000000000000000e+01
1.680080661170821667e+09,1.618800000000000000e+04,2.400000000000000000e+02,1.920000000000000000e+02,-6.310000000000000000e+02,4.200000000000000000e+01,4.000000000000000000e+01
1.680080661174158096e+09,1.610400000000000000e+04,2.960000000000000000e+02,4.120000000000000000e+02,-6.450000000000000000e+02,2.800000000000000000e+01,4.700000000000000000e+01
1.680080661175403357e+09,1.616000000000000000e+04,2.200000000000000000e+02,3.280000000000000000e+02,-6.230000000000000000e+02,8.500000000000000000e+01,2.900000000000000000e+01
1.680080661178892136e+09,1.620400000000000000e+04,2.400000000000000000e+02,3.360000000000000000e+02,-6.570000000000000000e+02,5.900000000000000000e+01,2.400000000000000000e+01
1.680080661182473421e+09,1.625200000000000000e+04,2.240000000000000000e+02,3.440000000000000000e+02,-6.410000000000000000e+02,3.900000000000000000e+01,3.000000000000000000e+01
1.680080661185798168e+09,1.627200000000000000e+04,2.360000000000000000e+02,3.320000000000000000e+02,-6.350000000000000000e+02,1.700000000000000000e+01,2.800000000000000000e+01
1.680080661189638615e+09,1.615200000000000000e+04,2.960000000000000000e+02,3.600000000000000000e+02,-6.590000000000000000e+02,4.100000000000000000e+01,4.100000000000000000e+01
1.680080661193083048e+09,1.617600000000000000e+04,2.920000000000000000e+02,2.560000000000000000e+02,-6.560000000000000000e+02,5.700000000000000000e+01,4.500000000000000000e+01
1.680080661196833134e+09,1.621200000000000000e+04,2.960000000000000000e+02,2.080000000000000000e+02,-6.560000000000000000e+02,2.500000000000000000e+01,5.000000000000000000e+00
1.680080661200237036e+09,1.617600000000000000e+04,2.840000000000000000e+02,3.720000000000000000e+02,-6.490000000000000000e+02,2.600000000000000000e+01,3.300000000000000000e+01
1.680080661203656673e+09,1.619600000000000000e+04,3.320000000000000000e+02,2.880000000000000000e+02,-6.450000000000000000e+02,6.700000000000000000e+01,2.000000000000000000e+00
1.680080661206823111e+09,1.619600000000000000e+04,3.320000000000000000e+02,3.160000000000000000e+02,-6.200000000000000000e+02,2.900000000000000000e+01,4.800000000000000000e+01
1.680080661209991693e+09,1.617600000000000000e+04,2.640000000000000000e+02,2.920000000000000000e+02,-6.390000000000000000e+02,6.100000000000000000e+01,7.600000000000000000e+01
1.680080661213317871e+09,1.630000000000000000e+04,3.720000000000000000e+02,3.160000000000000000e+02,-6.150000000000000000e+02,4.300000000000000000e+01,3.500000000000000000e+01
1.680080661217154264e+09,1.617200000000000000e+04,2.800000000000000000e+02,2.760000000000000000e+02,-6.400000000000000000e+02,3.700000000000000000e+01,1.900000000000000000e+01
1.680080661220473051e+09,1.620800000000000000e+04,2.440000000000000000e+02,2.160000000000000000e+02,-6.180000000000000000e+02,2.400000000000000000e+01,4.300000000000000000e+01
1.680080661224081755e+09,1.620000000000000000e+04,3.240000000000000000e+02,3.400000000000000000e+02,-6.500000000000000000e+02,5.300000000000000000e+01,5.300000000000000000e+01
1.680080661227562428e+09,1.617600000000000000e+04,2.760000000000000000e+02,3.000000000000000000e+02,-6.570000000000000000e+02,2.500000000000000000e+01,2.100000000000000000e+01
1.680080661231050014e+09,1.614400000000000000e+04,2.960000000000000000e+02,3.080000000000000000e+02,-6.510000000000000000e+02,4.700000000000000000e+01,2.000000000000000000e+01
1.680080661234281301e+09,1.620400000000000000e+04,3.080000000000000000e+02,2.200000000000000000e+02,-6.340000000000000000e+02,5.900000000000000000e+01,5.000000000000000000e+01
1.680080661237576246e+09,1.618800000000000000e+04,2.560000000000000000e+02,3.400000000000000000e+02,-6.400000000000000000e+02,2.200000000000000000e+01,5.100000000000000000e+01
1.680080661266438723e+09,1.625200000000000000e+04,3.120000000000000000e+02,1.600000000000000000e+02,-6.790000000000000000e+02,3.700000000000000000e+01,3.200000000000000000e+01
1.680080661289480209e+09,1.615200000000000000e+04,3.600000000000000000e+02,3.080000000000000000e+02,-6.410000000000000000e+02,5.100000000000000000e+01,3.900000000000000000e+01
1.680080661308915138e+09,1.627200000000000000e+04,3.200000000000000000e+02,4.160000000000000000e+02,-6.070000000000000000e+02,3.200000000000000000e+01,3.200000000000000000e+01
1.680080661311759710e+09,1.626800000000000000e+04,3.000000000000000000e+02,4.400000000000000000e+02,-6.360000000000000000e+02,5.800000000000000000e+01,5.400000000000000000e+01
1.680080661314404964e+09,1.614800000000000000e+04,3.040000000000000000e+02,2.720000000000000000e+02,-6.220000000000000000e+02,4.300000000000000000e+01,3.800000000000000000e+01
1.680080661326606989e+09,1.617600000000000000e+04,3.240000000000000000e+02,2.840000000000000000e+02,-6.300000000000000000e+02,6.500000000000000000e+01,2.600000000000000000e+01
1.680080661362286091e+09,1.613200000000000000e+04,2.320000000000000000e+02,2.640000000000000000e+02,-6.210000000000000000e+02,6.000000000000000000e+01,4.400000000000000000e+01
1.680080661378272533e+09,1.619600000000000000e+04,3.480000000000000000e+02,2.760000000000000000e+02,-6.460000000000000000e+02,3.800000000000000000e+01,2.900000000000000000e+01
1.680080661382755756e+09,1.607600000000000000e+04,3.920000000000000000e+02,2.560000000000000000e+02,-6.600000000000000000e+02,5.400000000000000000e+01,2.200000000000000000e+01
1.680080661387353420e+09,1.612400000000000000e+04,2.920000000000000000e+02,2.880000000000000000e+02,-6.510000000000000000e+02,5.800000000000000000e+01,2.800000000000000000e+01
1.680080661394875050e+09,1.620800000000000000e+04,2.320000000000000000e+02,3.080000000000000000e+02,-6.210000000000000000e+02,4.700000000000000000e+01,-1.000000000000000000e+00
1.680080661404365778e+09,1.615600000000000000e+04,3.080000000000000000e+02,2.920000000000000000e+02,-6.580000000000000000e+02,7.500000000000000000e+01,3.600000000000000000e+01
1.680080661409577847e+09,1.625200000000000000e+04,2.080000000000000000e+02,2.600000000000000000e+02,-6.500000000000000000e+02,3.500000000000000000e+01,4.000000000000000000e+01
1.680080661412891150e+09,1.617600000000000000e+04,3.600000000000000000e+02,3.200000000000000000e+02,-6.370000000000000000e+02,4.100000000000000000e+01,4.700000000000000000e+01
1.680080661416792393e+09,1.618000000000000000e+04,2.800000000000000000e+02,5.160000000000000000e+02,-6.360000000000000000e+02,4.100000000000000000e+01,3.600000000000000000e+01
1.680080661431246042e+09,1.615200000000000000e+04,2.920000000000000000e+02,1.920000000000000000e+02,-6.410000000000000000e+02,5.700000000000000000e+01,3.400000000000000000e+01
1.680080661434615850e+09,1.616800000000000000e+04,2.360000000000000000e+02,2.120000000000000000e+02,-6.430000000000000000e+02,4.300000000000000000e+01,3.000000000000000000e+01
1.680080661437935114e+09,1.612000000000000000e+04,3.520000000000000000e+02,3.160000000000000000e+02,-6.490000000000000000e+02,5.200000000000000000e+01,4.300000000000000000e+01
1.680080661439662218e+09,1.612000000000000000e+04,3.600000000000000000e+02,4.280000000000000000e+02,-6.410000000000000000e+02,3.000000000000000000e+01,1.600000000000000000e+01
1.680080661460545063e+09,1.610400000000000000e+04,3.240000000000000000e+02,3.560000000000000000e+02,-6.200000000000000000e+02,5.400000000000000000e+01,2.200000000000000000e+01
1.680080661462320089e+09,1.615600000000000000e+04,3.920000000000000000e+02,2.720000000000000000e+02,-5.980000000000000000e+02,5.300000000000000000e+01,4.700000000000000000e+01
1.680080661465655327e+09,1.612400000000000000e+04,3.200000000000000000e+02,3.040000000000000000e+02,-6.410000000000000000e+02,4.500000000000000000e+01,4.400000000000000000e+01
1.680080661467155218e+09,1.626400000000000000e+04,3.560000000000000000e+02,2.840000000000000000e+02,-6.250000000000000000e+02,4.600000000000000000e+01,3.800000000000000000e+01
1.680080661470502615e+09,1.616000000000000000e+04,3.520000000000000000e+02,3.440000000000000000e+02,-6.290000000000000000e+02,1.100000000000000000e+01,5.000000000000000000e+01
1.680080661471903086e+09,1.614400000000000000e+04,3.480000000000000000e+02,2.240000000000000000e+02,-6.290000000000000000e+02,1.400000000000000000e+01,4.100000000000000000e+01
1.680080661474972248e+09,1.614400000000000000e+04,2.920000000000000000e+02,3.520000000000000000e+02,-6.850000000000000000e+02,3.500000000000000000e+01,2.500000000000000000e+01
1.680080661478478193e+09,1.622800000000000000e+04,3.520000000000000000e+02,2.760000000000000000e+02,-6.080000000000000000e+02,5.900000000000000000e+01,4.800000000000000000e+01
1.680080661482011557e+09,1.623200000000000000e+04,3.560000000000000000e+02,4.680000000000000000e+02,-6.340000000000000000e+02,1.600000000000000000e+01,3.200000000000000000e+01
1.680080661483606577e+09,1.611600000000000000e+04,3.640000000000000000e+02,3.720000000000000000e+02,-6.420000000000000000e+02,4.200000000000000000e+01,3.900000000000000000e+01
1.680080661486907959e+09,1.622400000000000000e+04,2.640000000000000000e+02,2.760000000000000000e+02,-6.560000000000000000e+02,5.700000000000000000e+01,2.300000000000000000e+01
1.680080661488551855e+09,1.613200000000000000e+04,3.640000000000000000e+02,2.960000000000000000e+02,-6.450000000000000000e+02,5.200000000000000000e+01,4.800000000000000000e+01
1.680080661492277145e+09,1.615200000000000000e+04,2.280000000000000000e+02,3.320000000000000000e+02,-6.280000000000000000e+02,5.600000000000000000e+01,3.000000000000000000e+01
1.680080661494038343e+09,1.634800000000000000e+04,2.920000000000000000e+02,2.840000000000000000e+02,-6.240000000000000000e+02,4.100000000000000000e+01,3.000000000000000000e+00
1.680080661497956276e+09,1.612800000000000000e+04,2.760000000000000000e+02,2.920000000000000000e+02,-6.320000000000000000e+02,5.500000000000000000e+01,3.400000000000000000e+01
1.680080661499891043e+09,1.622400000000000000e+04,3.800000000000000000e+02,3.160000000000000000e+02,-6.450000000000000000e+02,4.300000000000000000e+01,4.800000000000000000e+01
1.680080661503056288e+09,1.615600000000000000e+04,2.720000000000000000e+02,3.720000000000000000e+02,-6.080000000000000000e+02,5.700000000000000000e+01,1.200000000000000000e+01
1.680080661504621506e+09,1.626400000000000000e+04,2.760000000000000000e+02,4.120000000000000000e+02,-6.330000000000000000e+02,4.800000000000000000e+01,3.100000000000000000e+01
1.680080661508150578e+09,1.624800000000000000e+04,3.680000000000000000e+02,3.480000000000000000e+02,-6.470000000000000000e+02,6.100000000000000000e+01,4.900000000000000000e+01
1.680080661509772778e+09,1.620400000000000000e+04,2.360000000000000000e+02,4.280000000000000000e+02,-6.490000000000000000e+02,2.700000000000000000e+01,2.700000000000000000e+01
1.680080661513122320e+09,1.613600000000000000e+04,3.200000000000000000e+02,3.320000000000000000e+02,-6.740000000000000000e+02,3.500000000000000000e+01,2.800000000000000000e+01
1.680080661514754534e+09,1.613600000000000000e+04,2.720000000000000000e+02,3.640000000000000000e+02,-6.100000000000000000e+02,2.400000000000000000e+01,4.500000000000000000e+01
1.680080661518056870e+09,1.629600000000000000e+04,2.120000000000000000e+02,3.560000000000000000e+02,-6.560000000000000000e+02,3.900000000000000000e+01,3.100000000000000000e+01
1.680080661519996881e+09,1.609600000000000000e+04,2.640000000000000000e+02,2.640000000000000000e+02,-6.530000000000000000e+02,3.800000000000000000e+01,3.600000000000000000e+01
1.680080661523051739e+09,1.619600000000000000e+04,2.760000000000000000e+02,3.560000000000000000e+02,-6.220000000000000000e+02,8.600000000000000000e+01,3.700000000000000000e+01
1.680080661524751902e+09,1.612000000000000000e+04,2.560000000000000000e+02,3.760000000000000000e+02,-6.760000000000000000e+02,1.900000000000000000e+01,2.600000000000000000e+01
1.680080661528224707e+09,1.628800000000000000e+04,2.240000000000000000e+02,2.840000000000000000e+02,-6.760000000000000000e+02,7.100000000000000000e+01,3.700000000000000000e+01
1.680080661529394865e+09,1.614400000000000000e+04,2.840000000000000000e+02,2.240000000000000000e+02,-6.620000000000000000e+02,4.900000000000000000e+01,3.100000000000000000e+01
1.680080661532835722e+09,1.612800000000000000e+04,2.800000000000000000e+02,2.560000000000000000e+02,-6.330000000000000000e+02,4.300000000000000000e+01,3.100000000000000000e+01
1.680080661534689188e+09,1.618400000000000000e+04,2.400000000000000000e+02,3.800000000000000000e+02,-6.320000000000000000e+02,5.100000000000000000e+01,5.300000000000000000e+01
1.680080661538116693e+09,1.612800000000000000e+04,2.200000000000000000e+02,2.720000000000000000e+02,-6.420000000000000000e+02,5.000000000000000000e+01,4.300000000000000000e+01
1.680080661540037632e+09,1.625600000000000000e+04,2.920000000000000000e+02,3.480000000000000000e+02,-6.330000000000000000e+02,6.500000000000000000e+01,3.000000000000000000e+01
1.680080661543565989e+09,1.611200000000000000e+04,2.640000000000000000e+02,1.240000000000000000e+02,-6.230000000000000000e+02,3.600000000000000000e+01,3.300000000000000000e+01
1.680080661545426846e+09,1.618400000000000000e+04,2.640000000000000000e+02,3.080000000000000000e+02,-6.490000000000000000e+02,2.100000000000000000e+01,3.200000000000000000e+01
1.680080661548678160e+09,1.609600000000000000e+04,1.960000000000000000e+02,4.360000000000000000e+02,-6.800000000000000000e+02,5.600000000000000000e+01,3.000000000000000000e+01
1.680080661550247431e+09,1.615200000000000000e+04,3.120000000000000000e+02,2.880000000000000000e+02,-6.370000000000000000e+02,4.600000000000000000e+01,3.500000000000000000e+01
1.680080661553384781e+09,1.619200000000000000e+04,3.600000000000000000e+02,2.800000000000000000e+02,-6.080000000000000000e+02,3.700000000000000000e+01,1.600000000000000000e+01
1.680080661555005550e+09,1.621600000000000000e+04,3.520000000000000000e+02,2.960000000000000000e+02,-6.450000000000000000e+02,7.300000000000000000e+01,3.800000000000000000e+01
1.680080661558420420e+09,1.628800000000000000e+04,3.440000000000000000e+02,2.840000000000000000e+02,-6.360000000000000000e+02,4.800000000000000000e+01,2.100000000000000000e+01
1.680080661560362101e+09,1.614400000000000000e+04,3.040000000000000000e+02,1.520000000000000000e+02,-6.370000000000000000e+02,2.500000000000000000e+01,5.200000000000000000e+01
1.680080661565135479e+09,1.612800000000000000e+04,1.760000000000000000e+02,2.560000000000000000e+02,-6.380000000000000000e+02,3.800000000000000000e+01,2.300000000000000000e+01
1.680080661566876411e+09,1.618400000000000000e+04,2.760000000000000000e+02,2.640000000000000000e+02,-6.580000000000000000e+02,4.100000000000000000e+01,3.900000000000000000e+01
1.680080661570243359e+09,1.614400000000000000e+04,3.280000000000000000e+02,3.760000000000000000e+02,-6.250000000000000000e+02,5.000000000000000000e+01,2.600000000000000000e+01
1.680080661572605610e+09,1.621200000000000000e+04,3.480000000000000000e+02,3.040000000000000000e+02,-6.560000000000000000e+02,4.600000000000000000e+01,3.800000000000000000e+01
1.680080661576049089e+09,1.624400000000000000e+04,2.920000000000000000e+02,3.280000000000000000e+02,-6.600000000000000000e+02,6.000000000000000000e+01,2.400000000000000000e+01
1.680080661577629089e+09,1.622000000000000000e+04,3.160000000000000000e+02,2.160000000000000000e+02,-6.220000000000000000e+02,2.500000000000000000e+01,3.700000000000000000e+01
1.680080661580862522e+09,1.625600000000000000e+04,3.280000000000000000e+02,3.600000000000000000e+02,-6.590000000000000000e+02,5.400000000000000000e+01,4.300000000000000000e+01
1.680080661582494974e+09,1.623600000000000000e+04,3.440000000000000000e+02,2.440000000000000000e+02,-6.440000000000000000e+02,5.300000000000000000e+01,1.700000000000000000e+01
1.680080661585904121e+09,1.622000000000000000e+04,1.920000000000000000e+02,2.640000000000000000e+02,-6.320000000000000000e+02,6.500000000000000000e+01,2.900000000000000000e+01
1.680080661587517262e+09,1.613200000000000000e+04,3.520000000000000000e+02,2.640000000000000000e+02,-6.150000000000000000e+02,1.000000000000000000e+01,4.900000000000000000e+01
1.680080661590968609e+09,1.608800000000000000e+04,3.160000000000000000e+02,3.040000000000000000e+02,-6.780000000000000000e+02,4.500000000000000000e+01,2.200000000000000000e+01
1.680080661593016624e+09,1.618400000000000000e+04,2.800000000000000000e+02,1.680000000000000000e+02,-6.400000000000000000e+02,6.300000000000000000e+01,3.800000000000000000e+01
1.680080661596676111e+09,1.621600000000000000e+04,3.680000000000000000e+02,3.280000000000000000e+02,-6.270000000000000000e+02,9.400000000000000000e+01,4.100000000000000000e+01
1.680080661598270655e+09,1.620000000000000000e+04,3.560000000000000000e+02,4.240000000000000000e+02,-6.690000000000000000e+02,4.700000000000000000e+01,2.700000000000000000e+01
1.680080661601733923e+09,1.620400000000000000e+04,2.680000000000000000e+02,2.720000000000000000e+02,-6.470000000000000000e+02,2.800000000000000000e+01,4.800000000000000000e+01
1.680080661603758097e+09,1.621200000000000000e+04,2.880000000000000000e+02,2.000000000000000000e+02,-6.100000000000000000e+02,7.600000000000000000e+01,3.400000000000000000e+01
1.680080661607400179e+09,1.611200000000000000e+04,3.600000000000000000e+02,1.840000000000000000e+02,-6.410000000000000000e+02,4.300000000000000000e+01,3.500000000000000000e+01
1.680080661609319687e+09,1.620400000000000000e+04,2.640000000000000000e+02,3.040000000000000000e+02,-6.700000000000000000e+02,2.700000000000000000e+01,3.100000000000000000e+01
1.680080661612631083e+09,1.617200000000000000e+04,3.480000000000000000e+02,4.480000000000000000e+02,-6.510000000000000000e+02,2.700000000000000000e+01,1.700000000000000000e+01
1.680080661614003897e+09,1.620400000000000000e+04,2.560000000000000000e+02,3.160000000000000000e+02,-6.250000000000000000e+02,3.300000000000000000e+01,3.500000000000000000e+01
1.680080661617468357e+09,1.612400000000000000e+04,3.640000000000000000e+02,1.920000000000000000e+02,-6.110000000000000000e+02,6.500000000000000000e+01,4.700000000000000000e+01
1.680080661619039774e+09,1.619600000000000000e+04,3.120000000000000000e+02,2.200000000000000000e+02,-6.560000000000000000e+02,4.800000000000000000e+01,2.800000000000000000e+01
1.680080661622457266e+09,1.625200000000000000e+04,2.280000000000000000e+02,3.880000000000000000e+02,-6.390000000000000000e+02,5.000000000000000000e+01,4.900000000000000000e+01
1.680080661624243259e+09,1.619200000000000000e+04,2.960000000000000000e+02,2.920000000000000000e+02,-6.440000000000000000e+02,5.700000000000000000e+01,2.900000000000000000e+01
1.680080661627611160e+09,1.620000000000000000e+04,3.000000000000000000e+02,2.960000000000000000e+02,-6.370000000000000000e+02,3.900000000000000000e+01,1.300000000000000000e+01
1.680080661629195213e+09,1.618800000000000000e+04,2.880000000000000000e+02,2.280000000000000000e+02,-6.360000000000000000e+02,6.000000000000000000e+01,2.000000000000000000e+01
1.680080661632538319e+09,1.618800000000000000e+04,3.320000000000000000e+02,2.160000000000000000e+02,-6.180000000000000000e+02,2.100000000000000000e+01,4.600000000000000000e+01
1.680080661634156227e+09,1.615600000000000000e+04,3.160000000000000000e+02,1.440000000000000000e+02,-6.390000000000000000e+02,6.400000000000000000e+01,2.200000000000000000e+01
1.680080661637604952e+09,1.620400000000000000e+04,3.080000000000000000e+02,3.880000000000000000e+02,-6.670000000000000000e+02,2.200000000000000000e+01,4.000000000000000000e+01
1.680080661639252186e+09,1.618400000000000000e+04,2.880000000000000000e+02,2.760000000000000000e+02,-6.450000000000000000e+02,3.800000000000000000e+01,2.900000000000000000e+01
1.680080661642301321e+09,1.606000000000000000e+04,2.920000000000000000e+02,3.680000000000000000e+02,-6.150000000000000000e+02,6.400000000000000000e+01,3.400000000000000000e+01
1.680080661643835068e+09,1.618400000000000000e+04,3.440000000000000000e+02,1.440000000000000000e+02,-6.820000000000000000e+02,2.800000000000000000e+01,3.500000000000000000e+01
1.680080661647114277e+09,1.619200000000000000e+04,3.560000000000000000e+02,1.760000000000000000e+02,-6.170000000000000000e+02,5.600000000000000000e+01,2.000000000000000000e+01
1.680080661648764849e+09,1.624000000000000000e+04,3.640000000000000000e+02,3.080000000000000000e+02,-6.650000000000000000e+02,3.400000000000000000e+01,3.400000000000000000e+01
1.680080661652661562e+09,1.620000000000000000e+04,3.160000000000000000e+02,3.040000000000000000e+02,-6.070000000000000000e+02,4.000000000000000000e+00,1.500000000000000000e+01
1.680080661654252529e+09,1.620800000000000000e+04,2.320000000000000000e+02,3.080000000000000000e+02,-6.340000000000000000e+02,7.700000000000000000e+01,5.000000000000000000e+01
1.680080661657851696e+09,1.614400000000000000e+04,4.160000000000000000e+02,3.880000000000000000e+02,-6.000000000000000000e+02,5.300000000000000000e+01,2.200000000000000000e+01
1.680080661659309864e+09,1.605600000000000000e+04,3.120000000000000000e+02,4.120000000000000000e+02,-6.610000000000000000e+02,4.400000000000000000e+01,4.100000000000000000e+01
1.680080661663463354e+09,1.613200000000000000e+04,2.720000000000000000e+02,4.800000000000000000e+02,-6.340000000000000000e+02,6.700000000000000000e+01,5.400000000000000000e+01
1.680080661664989948e+09,1.624000000000000000e+04,2.880000000000000000e+02,2.680000000000000000e+02,-6.230000000000000000e+02,6.500000000000000000e+01,3.700000000000000000e+01
1.680080661668427944e+09,1.615200000000000000e+04,3.560000000000000000e+02,3.280000000000000000e+02,-6.760000000000000000e+02,2.700000000000000000e+01,4.200000000000000000e+01
1.680080661670050859e+09,1.612000000000000000e+04,2.640000000000000000e+02,3.640000000000000000e+02,-5.990000000000000000e+02,4.600000000000000000e+01,3.400000000000000000e+01
1.680080661673206329e+09,1.614400000000000000e+04,2.760000000000000000e+02,3.360000000000000000e+02,-6.520000000000000000e+02,1.000000000000000000e+01,2.600000000000000000e+01
1.680080661675055504e+09,1.614000000000000000e+04,2.720000000000000000e+02,1.840000000000000000e+02,-6.100000000000000000e+02,6.400000000000000000e+01,5.300000000000000000e+01
1.680080661678245544e+09,1.618400000000000000e+04,2.920000000000000000e+02,3.640000000000000000e+02,-6.460000000000000000e+02,4.100000000000000000e+01,3.900000000000000000e+01
1.680080661679878235e+09,1.619600000000000000e+04,2.440000000000000000e+02,4.040000000000000000e+02,-6.640000000000000000e+02,5.100000000000000000e+01,2.500000000000000000e+01
1.680080661683163166e+09,1.622800000000000000e+04,3.280000000000000000e+02,2.520000000000000000e+02,-6.210000000000000000e+02,1.700000000000000000e+01,2.500000000000000000e+01
1.680080661685097933e+09,1.621200000000000000e+04,3.480000000000000000e+02,2.640000000000000000e+02,-5.660000000000000000e+02,5.200000000000000000e+01,3.800000000000000000e+01
1.680080661688738585e+09,1.613200000000000000e+04,2.640000000000000000e+02,3.520000000000000000e+02,-6.240000000000000000e+02,2.800000000000000000e+01,3.100000000000000000e+01
1.680080661690228939e+09,1.612000000000000000e+04,2.440000000000000000e+02,4.560000000000000000e+02,-6.450000000000000000e+02,4.200000000000000000e+01,4.100000000000000000e+01
1.680080661693258286e+09,1.628400000000000000e+04,2.080000000000000000e+02,2.800000000000000000e+02,-6.210000000000000000e+02,5.500000000000000000e+01,3.000000000000000000e+01
1.680080661694935799e+09,1.619600000000000000e+04,3.520000000000000000e+02,4.320000000000000000e+02,-6.380000000000000000e+02,3.700000000000000000e+01,4.600000000000000000e+01
1.680080661698960781e+09,1.614000000000000000e+04,3.320000000000000000e+02,1.960000000000000000e+02,-6.220000000000000000e+02,2.200000000000000000e+01,2.200000000000000000e+01
1.680080661700359821e+09,1.626000000000000000e+04,2.520000000000000000e+02,2.000000000000000000e+02,-6.580000000000000000e+02,8.400000000000000000e+01,3.300000000000000000e+01
1.680080661703571796e+09,1.621200000000000000e+04,3.000000000000000000e+02,6.800000000000000000e+01,-6.080000000000000000e+02,3.000000000000000000e+01,3.500000000000000000e+01
1.680080661704901695e+09,1.610000000000000000e+04,3.480000000000000000e+02,1.760000000000000000e+02,-6.520000000000000000e+02,5.000000000000000000e+01,4.900000000000000000e+01
1.680080661708196163e+09,1.624800000000000000e+04,2.600000000000000000e+02,4.120000000000000000e+02,-6.040000000000000000e+02,5.800000000000000000e+01,3.800000000000000000e+01
1.680080661709479570e+09,1.616800000000000000e+04,2.600000000000000000e+02,2.400000000000000000e+02,-6.620000000000000000e+02,3.500000000000000000e+01,3.700000000000000000e+01
1.680080661712854862e+09,1.614400000000000000e+04,3.960000000000000000e+02,1.640000000000000000e+02,-6.650000000000000000e+02,-2.000000000000000000e+00,2.000000000000000000e+01
1.680080661714475155e+09,1.620400000000000000e+04,2.960000000000000000e+02,3.040000000000000000e+02,-6.150000000000000000e+02,5.500000000000000000e+01,2.800000000000000000e+01
1.680080661717559814e+09,1.624000000000000000e+04,3.400000000000000000e+02,1.920000000000000000e+02,-6.360000000000000000e+02,2.200000000000000000e+01,3.300000000000000000e+01
1.680080661719149828e+09,1.616800000000000000e+04,3.040000000000000000e+02,3.720000000000000000e+02,-6.270000000000000000e+02,5.600000000000000000e+01,2.000000000000000000e+01
1.680080661722239733e+09,1.631600000000000000e+04,3.360000000000000000e+02,3.080000000000000000e+02,-6.020000000000000000e+02,5.500000000000000000e+01,4.300000000000000000e+01
1.680080661723915815e+09,1.613600000000000000e+04,2.560000000000000000e+02,3.680000000000000000e+02,-6.470000000000000000e+02,6.300000000000000000e+01,4.600000000000000000e+01
1.680080661727298498e+09,1.632000000000000000e+04,3.760000000000000000e+02,3.200000000000000000e+02,-6.090000000000000000e+02,3.900000000000000000e+01,3.000000000000000000e+01
1.680080661728681564e+09,1.618000000000000000e+04,3.440000000000000000e+02,3.080000000000000000e+02,-6.700000000000000000e+02,4.500000000000000000e+01,3.000000000000000000e+01
1.680080661731959820e+09,1.605200000000000000e+04,3.000000000000000000e+02,3.280000000000000000e+02,-6.420000000000000000e+02,6.800000000000000000e+01,4.000000000000000000e+00
1.680080661733515024e+09,1.618800000000000000e+04,2.840000000000000000e+02,2.280000000000000000e+02,-6.810000000000000000e+02,4.200000000000000000e+01,2.200000000000000000e+01
1.680080661736925602e+09,1.613200000000000000e+04,2.800000000000000000e+02,3.160000000000000000e+02,-6.600000000000000000e+02,5.900000000000000000e+01,2.700000000000000000e+01
1.680080661739696980e+09,1.620000000000000000e+04,2.880000000000000000e+02,3.160000000000000000e+02,-6.590000000000000000e+02,3.800000000000000000e+01,4.000000000000000000e+01
1.680080661743098021e+09,1.614800000000000000e+04,2.960000000000000000e+02,2.480000000000000000e+02,-6.660000000000000000e+02,4.100000000000000000e+01,2.200000000000000000e+01
1.680080661744667292e+09,1.606800000000000000e+04,3.080000000000000000e+02,2.800000000000000000e+02,-6.130000000000000000e+02,5.100000000000000000e+01,3.300000000000000000e+01
1.680080661747717142e+09,1.614400000000000000e+04,3.000000000000000000e+02,4.200000000000000000e+02,-6.460000000000000000e+02,4.900000000000000000e+01,3.300000000000000000e+01
1.680080661749450445e+09,1.620400000000000000e+04,1.720000000000000000e+02,3.680000000000000000e+02,-6.470000000000000000e+02,6.000000000000000000e+01,5.400000000000000000e+01
1.680080661752573729e+09,1.616000000000000000e+04,3.800000000000000000e+02,2.800000000000000000e+02,-6.440000000000000000e+02,4.500000000000000000e+01,2.000000000000000000e+01
1.680080661754226685e+09,1.616400000000000000e+04,2.600000000000000000e+02,3.120000000000000000e+02,-6.510000000000000000e+02,2.600000000000000000e+01,1.700000000000000000e+01
1.680080661757602215e+09,1.599200000000000000e+04,4.240000000000000000e+02,2.040000000000000000e+02,-6.660000000000000000e+02,3.000000000000000000e+01,5.100000000000000000e+01
1.680080661758988380e+09,1.611200000000000000e+04,3.560000000000000000e+02,2.880000000000000000e+02,-6.310000000000000000e+02,3.500000000000000000e+01,3.000000000000000000e+01
1.680080661762258530e+09,1.626800000000000000e+04,3.280000000000000000e+02,2.080000000000000000e+02,-6.240000000000000000e+02,5.200000000000000000e+01,1.400000000000000000e+01
1.680080661763454914e+09,1.612400000000000000e+04,2.160000000000000000e+02,2.680000000000000000e+02,-6.190000000000000000e+02,5.500000000000000000e+01,1.800000000000000000e+01
1.680080661766700983e+09,1.638800000000000000e+04,3.320000000000000000e+02,3.080000000000000000e+02,-6.050000000000000000e+02,4.200000000000000000e+01,3.100000000000000000e+01
1.680080661768201590e+09,1.620400000000000000e+04,3.280000000000000000e+02,2.120000000000000000e+02,-6.160000000000000000e+02,8.400000000000000000e+01,5.000000000000000000e+01
1.680080661771223545e+09,1.623200000000000000e+04,3.160000000000000000e+02,3.560000000000000000e+02,-6.180000000000000000e+02,-3.000000000000000000e+00,4.200000000000000000e+01
1.680080661772890806e+09,1.615200000000000000e+04,3.400000000000000000e+02,3.520000000000000000e+02,-6.600000000000000000e+02,5.700000000000000000e+01,3.600000000000000000e+01
1.680080661775992393e+09,1.616000000000000000e+04,3.440000000000000000e+02,3.480000000000000000e+02,-5.940000000000000000e+02,5.000000000000000000e+01,3.400000000000000000e+01
1.680080661777639866e+09,1.621200000000000000e+04,2.360000000000000000e+02,2.280000000000000000e+02,-6.470000000000000000e+02,5.300000000000000000e+01,4.900000000000000000e+01
1.680080661780847073e+09,1.625200000000000000e+04,3.160000000000000000e+02,2.280000000000000000e+02,-6.690000000000000000e+02,3.700000000000000000e+01,4.000000000000000000e+01
1.680080661782334805e+09,1.608000000000000000e+04,2.840000000000000000e+02,3.280000000000000000e+02,-6.060000000000000000e+02,3.900000000000000000e+01,6.600000000000000000e+01
1.680080661785528421e+09,1.618800000000000000e+04,4.160000000000000000e+02,3.480000000000000000e+02,-6.320000000000000000e+02,1.300000000000000000e+01,3.800000000000000000e+01
1.680080661786956072e+09,1.614400000000000000e+04,3.760000000000000000e+02,3.640000000000000000e+02,-6.190000000000000000e+02,5.300000000000000000e+01,4.000000000000000000e+01
1.680080661790540218e+09,1.618800000000000000e+04,2.600000000000000000e+02,3.000000000000000000e+02,-6.250000000000000000e+02,5.100000000000000000e+01,4.700000000000000000e+01
1.680080661791927814e+09,1.608400000000000000e+04,2.000000000000000000e+02,3.320000000000000000e+02,-6.630000000000000000e+02,1.700000000000000000e+01,6.300000000000000000e+01
1.680080661795023918e+09,1.616000000000000000e+04,3.680000000000000000e+02,3.560000000000000000e+02,-6.400000000000000000e+02,6.500000000000000000e+01,3.000000000000000000e+01
1.680080661796398401e+09,1.611200000000000000e+04,2.800000000000000000e+02,2.920000000000000000e+02,-6.490000000000000000e+02,4.100000000000000000e+01,4.900000000000000000e+01
1.680080661799385548e+09,1.616400000000000000e+04,3.360000000000000000e+02,3.160000000000000000e+02,-6.260000000000000000e+02,4.600000000000000000e+01,3.800000000000000000e+01
1.680080661801087856e+09,1.617600000000000000e+04,3.600000000000000000e+02,4.840000000000000000e+02,-6.490000000000000000e+02,5.000000000000000000e+01,4.300000000000000000e+01
1.680080661804334164e+09,1.619600000000000000e+04,3.520000000000000000e+02,2.600000000000000000e+02,-6.560000000000000000e+02,6.000000000000000000e+01,2.500000000000000000e+01
1.680080661805839539e+09,1.618800000000000000e+04,3.400000000000000000e+02,3.960000000000000000e+02,-6.240000000000000000e+02,3.200000000000000000e+01,4.300000000000000000e+01
1.680080661809126616e+09,1.615200000000000000e+04,3.160000000000000000e+02,1.800000000000000000e+02,-6.240000000000000000e+02,5.100000000000000000e+01,2.000000000000000000e+01
1.680080661810726643e+09,1.615600000000000000e+04,3.480000000000000000e+02,2.160000000000000000e+02,-6.480000000000000000e+02,6.100000000000000000e+01,1.900000000000000000e+01
1.680080661814139366e+09,1.617200000000000000e+04,3.760000000000000000e+02,4.920000000000000000e+02,-5.980000000000000000e+02,4.900000000000000000e+01,4.300000000000000000e+01
1.680080661815777302e+09,1.624800000000000000e+04,3.200000000000000000e+02,3.960000000000000000e+02,-6.980000000000000000e+02,1.200000000000000000e+01,3.300000000000000000e+01
1.680080661818956614e+09,1.624000000000000000e+04,3.600000000000000000e+02,3.400000000000000000e+02,-6.380000000000000000e+02,5.500000000000000000e+01,3.400000000000000000e+01
1.680080661820464849e+09,1.616000000000000000e+04,3.240000000000000000e+02,4.320000000000000000e+02,-6.690000000000000000e+02,3.200000000000000000e+01,4.400000000000000000e+01
1.680080661823495150e+09,1.624400000000000000e+04,3.040000000000000000e+02,3.600000000000000000e+02,-6.480000000000000000e+02,2.000000000000000000e+01,4.300000000000000000e+01
1.680080661825036287e+09,1.629200000000000000e+04,3.160000000000000000e+02,3.640000000000000000e+02,-6.140000000000000000e+02,4.100000000000000000e+01,4.000000000000000000e+01
1.680080661828096151e+09,1.611200000000000000e+04,3.240000000000000000e+02,4.120000000000000000e+02,-6.520000000000000000e+02,5.100000000000000000e+01,4.500000000000000000e+01
1.680080661829604626e+09,1.617600000000000000e+04,2.760000000000000000e+02,4.880000000000000000e+02,-6.540000000000000000e+02,4.000000000000000000e+01,3.000000000000000000e+01
1.680080661832700253e+09,1.611600000000000000e+04,2.840000000000000000e+02,3.040000000000000000e+02,-6.460000000000000000e+02,3.400000000000000000e+01,3.000000000000000000e+01
1.680080661834223986e+09,1.614800000000000000e+04,2.800000000000000000e+02,3.760000000000000000e+02,-6.350000000000000000e+02,3.000000000000000000e+01,2.500000000000000000e+01
1.680080661837517023e+09,1.618400000000000000e+04,2.520000000000000000e+02,5.040000000000000000e+02,-5.980000000000000000e+02,3.300000000000000000e+01,4.300000000000000000e+01
1.680080661838834286e+09,1.610400000000000000e+04,3.400000000000000000e+02,2.160000000000000000e+02,-6.150000000000000000e+02,4.700000000000000000e+01,5.700000000000000000e+01
1.680080661842146158e+09,1.612000000000000000e+04,2.320000000000000000e+02,4.120000000000000000e+02,-6.210000000000000000e+02,7.000000000000000000e+01,4.000000000000000000e+01
1.680080661844019890e+09,1.616000000000000000e+04,3.080000000000000000e+02,3.440000000000000000e+02,-5.970000000000000000e+02,1.900000000000000000e+01,3.400000000000000000e+01
1.680080661847215891e+09,1.607600000000000000e+04,3.160000000000000000e+02,2.520000000000000000e+02,-6.640000000000000000e+02,6.000000000000000000e+01,1.900000000000000000e+01
1.680080661848730326e+09,1.609600000000000000e+04,1.840000000000000000e+02,3.560000000000000000e+02,-6.150000000000000000e+02,3.100000000000000000e+01,4.600000000000000000e+01
1.680080661852013350e+09,1.621600000000000000e+04,2.160000000000000000e+02,2.600000000000000000e+02,-6.510000000000000000e+02,4.500000000000000000e+01,3.100000000000000000e+01
1.680080661853841305e+09,1.618800000000000000e+04,2.120000000000000000e+02,2.640000000000000000e+02,-6.420000000000000000e+02,5.700000000000000000e+01,-6.000000000000000000e+00
1.680080661857017994e+09,1.614800000000000000e+04,3.160000000000000000e+02,2.600000000000000000e+02,-6.250000000000000000e+02,6.900000000000000000e+01,4.300000000000000000e+01
1.680080661858488083e+09,1.622400000000000000e+04,2.320000000000000000e+02,2.920000000000000000e+02,-6.690000000000000000e+02,4.100000000000000000e+01,1.700000000000000000e+01
1.680080661861963987e+09,1.624400000000000000e+04,2.480000000000000000e+02,3.080000000000000000e+02,-6.200000000000000000e+02,7.700000000000000000e+01,4.600000000000000000e+01
1.680080661863342047e+09,1.619600000000000000e+04,3.320000000000000000e+02,2.600000000000000000e+02,-6.690000000000000000e+02,7.000000000000000000e+01,3.300000000000000000e+01
1.680080661866626024e+09,1.624400000000000000e+04,3.240000000000000000e+02,3.120000000000000000e+02,-6.440000000000000000e+02,3.800000000000000000e+01,3.800000000000000000e+01
1.680080661868126392e+09,1.614000000000000000e+04,3.280000000000000000e+02,3.080000000000000000e+02,-6.330000000000000000e+02,4.700000000000000000e+01,4.500000000000000000e+01
1.680080661871640205e+09,1.619600000000000000e+04,3.440000000000000000e+02,2.960000000000000000e+02,-6.510000000000000000e+02,6.700000000000000000e+01,5.900000000000000000e+01
1.680080661873246431e+09,1.611600000000000000e+04,2.560000000000000000e+02,3.320000000000000000e+02,-6.320000000000000000e+02,6.500000000000000000e+01,4.800000000000000000e+01
1.680080661876794815e+09,1.614400000000000000e+04,2.520000000000000000e+02,2.920000000000000000e+02,-6.450000000000000000e+02,4.300000000000000000e+01,2.400000000000000000e+01
1.680080661878594398e+09,1.622000000000000000e+04,2.360000000000000000e+02,2.680000000000000000e+02,-6.380000000000000000e+02,6.700000000000000000e+01,5.300000000000000000e+01
1.680080661881659985e+09,1.610800000000000000e+04,2.520000000000000000e+02,3.160000000000000000e+02,-6.530000000000000000e+02,3.900000000000000000e+01,4.000000000000000000e+01
1.680080661883518219e+09,1.608800000000000000e+04,2.720000000000000000e+02,4.280000000000000000e+02,-6.300000000000000000e+02,5.300000000000000000e+01,3.500000000000000000e+01
1.680080661886779308e+09,1.621600000000000000e+04,3.400000000000000000e+02,3.440000000000000000e+02,-6.250000000000000000e+02,4.200000000000000000e+01,4.100000000000000000e+01
1.680080661888287067e+09,1.625200000000000000e+04,3.440000000000000000e+02,2.560000000000000000e+02,-6.560000000000000000e+02,3.900000000000000000e+01,2.900000000000000000e+01
1.680080661891560078e+09,1.624000000000000000e+04,2.080000000000000000e+02,1.880000000000000000e+02,-6.590000000000000000e+02,3.600000000000000000e+01,2.300000000000000000e+01
1.680080661893145323e+09,1.615200000000000000e+04,3.160000000000000000e+02,2.640000000000000000e+02,-6.080000000000000000e+02,3.500000000000000000e+01,1.000000000000000000e+00
1.680080661896656752e+09,1.612800000000000000e+04,3.120000000000000000e+02,4.520000000000000000e+02,-6.630000000000000000e+02,2.700000000000000000e+01,4.600000000000000000e+01
1.680080661898519039e+09,1.626400000000000000e+04,2.880000000000000000e+02,3.920000000000000000e+02,-6.830000000000000000e+02,1.900000000000000000e+01,2.900000000000000000e+01
1.680080661901753426e+09,1.614400000000000000e+04,2.360000000000000000e+02,2.680000000000000000e+02,-6.410000000000000000e+02,8.500000000000000000e+01,2.200000000000000000e+01
1.680080661903352976e+09,1.618800000000000000e+04,2.960000000000000000e+02,2.840000000000000000e+02,-6.710000000000000000e+02,1.700000000000000000e+01,3.300000000000000000e+01
1.680080661907220364e+09,1.618800000000000000e+04,2.560000000000000000e+02,3.520000000000000000e+02,-6.730000000000000000e+02,3.600000000000000000e+01,3.100000000000000000e+01
1.680080661908629656e+09,1.613600000000000000e+04,1.560000000000000000e+02,3.400000000000000000e+02,-6.350000000000000000e+02,7.100000000000000000e+01,4.800000000000000000e+01
1.680080661911729336e+09,1.613200000000000000e+04,3.440000000000000000e+02,3.640000000000000000e+02,-6.180000000000000000e+02,4.700000000000000000e+01,2.600000000000000000e+01
1.680080661913779497e+09,1.611600000000000000e+04,2.560000000000000000e+02,2.800000000000000000e+02,-6.640000000000000000e+02,5.700000000000000000e+01,2.400000000000000000e+01
1.680080661916980743e+09,1.611600000000000000e+04,3.000000000000000000e+02,3.040000000000000000e+02,-6.790000000000000000e+02,5.400000000000000000e+01,3.800000000000000000e+01
1.680080661918746710e+09,1.604000000000000000e+04,2.280000000000000000e+02,2.480000000000000000e+02,-6.320000000000000000e+02,5.700000000000000000e+01,5.500000000000000000e+01
1.680080661922063589e+09,1.621600000000000000e+04,3.320000000000000000e+02,2.000000000000000000e+02,-5.990000000000000000e+02,3.600000000000000000e+01,2.700000000000000000e+01
1.680080661923511028e+09,1.626400000000000000e+04,2.560000000000000000e+02,1.000000000000000000e+02,-6.450000000000000000e+02,5.600000000000000000e+01,3.800000000000000000e+01
1.680080661926835060e+09,1.615200000000000000e+04,3.400000000000000000e+02,2.120000000000000000e+02,-6.310000000000000000e+02,7.100000000000000000e+01,2.000000000000000000e+01
1.680080661928036690e+09,1.614400000000000000e+04,2.960000000000000000e+02,2.000000000000000000e+02,-6.460000000000000000e+02,5.000000000000000000e+01,4.000000000000000000e+01
1.680080661931391478e+09,1.620800000000000000e+04,2.920000000000000000e+02,3.920000000000000000e+02,-6.160000000000000000e+02,3.700000000000000000e+01,2.000000000000000000e+01
1.680080661932980061e+09,1.611600000000000000e+04,3.000000000000000000e+02,3.080000000000000000e+02,-6.250000000000000000e+02,6.900000000000000000e+01,2.600000000000000000e+01
1.680080661936123610e+09,1.617600000000000000e+04,3.400000000000000000e+02,2.840000000000000000e+02,-6.170000000000000000e+02,4.400000000000000000e+01,2.000000000000000000e+01
1.680080661937720060e+09,1.621600000000000000e+04,3.080000000000000000e+02,1.880000000000000000e+02,-6.280000000000000000e+02,2.700000000000000000e+01,4.000000000000000000e+00
1.680080661940925837e+09,1.624800000000000000e+04,3.520000000000000000e+02,2.480000000000000000e+02,-6.340000000000000000e+02,5.200000000000000000e+01,2.600000000000000000e+01
1.680080661942543268e+09,1.616400000000000000e+04,3.240000000000000000e+02,2.720000000000000000e+02,-6.630000000000000000e+02,2.600000000000000000e+01,1.500000000000000000e+01
1.680080661945872068e+09,1.620800000000000000e+04,3.920000000000000000e+02,3.840000000000000000e+02,-6.380000000000000000e+02,3.400000000000000000e+01,1.400000000000000000e+01
1.680080661947557449e+09,1.622800000000000000e+04,3.440000000000000000e+02,3.640000000000000000e+02,-5.940000000000000000e+02,8.300000000000000000e+01,3.700000000000000000e+01
1.680080661950916529e+09,1.608000000000000000e+04,3.880000000000000000e+02,2.840000000000000000e+02,-6.240000000000000000e+02,3.000000000000000000e+01,3.700000000000000000e+01
1.680080661952455759e+09,1.629600000000000000e+04,3.600000000000000000e+02,3.760000000000000000e+02,-6.180000000000000000e+02,1.300000000000000000e+01,5.600000000000000000e+01
1.680080661955754995e+09,1.617200000000000000e+04,4.160000000000000000e+02,2.640000000000000000e+02,-6.530000000000000000e+02,5.500000000000000000e+01,2.800000000000000000e+01
1.680080661957276821e+09,1.617600000000000000e+04,2.960000000000000000e+02,2.400000000000000000e+02,-6.280000000000000000e+02,5.100000000000000000e+01,9.000000000000000000e+00
1.680080661960755825e+09,1.619200000000000000e+04,4.080000000000000000e+02,3.280000000000000000e+02,-6.440000000000000000e+02,4.400000000000000000e+01,3.900000000000000000e+01
1.680080661962203026e+09,1.624000000000000000e+04,3.760000000000000000e+02,3.360000000000000000e+02,-6.220000000000000000e+02,6.700000000000000000e+01,2.800000000000000000e+01
1.680080661965462685e+09,1.619200000000000000e+04,3.840000000000000000e+02,3.080000000000000000e+02,-6.420000000000000000e+02,2.800000000000000000e+01,1.300000000000000000e+01
1.680080661967356920e+09,1.617600000000000000e+04,4.360000000000000000e+02,2.720000000000000000e+02,-6.200000000000000000e+02,4.400000000000000000e+01,3.600000000000000000e+01
1.680080661970535994e+09,1.621600000000000000e+04,3.840000000000000000e+02,2.040000000000000000e+02,-6.520000000000000000e+02,3.000000000000000000e+01,1.500000000000000000e+01
1.680080661972200632e+09,1.616800000000000000e+04,4.600000000000000000e+02,3.280000000000000000e+02,-6.580000000000000000e+02,3.600000000000000000e+01,2.200000000000000000e+01
1.680080661975506544e+09,1.616800000000000000e+04,4.160000000000000000e+02,3.360000000000000000e+02,-6.210000000000000000e+02,3.700000000000000000e+01,2.900000000000000000e+01
1.680080661977334023e+09,1.615600000000000000e+04,3.640000000000000000e+02,2.920000000000000000e+02,-6.260000000000000000e+02,5.900000000000000000e+01,3.900000000000000000e+01
1.680080661980635643e+09,1.611200000000000000e+04,3.000000000000000000e+02,4.160000000000000000e+02,-6.250000000000000000e+02,5.000000000000000000e+01,2.500000000000000000e+01
1.680080661982299089e+09,1.610800000000000000e+04,3.240000000000000000e+02,3.840000000000000000e+02,-6.580000000000000000e+02,5.300000000000000000e+01,2.200000000000000000e+01
1.680080661985567331e+09,1.614400000000000000e+04,3.600000000000000000e+02,2.200000000000000000e+02,-6.480000000000000000e+02,5.000000000000000000e+01,3.300000000000000000e+01
1.680080661987244368e+09,1.614400000000000000e+04,3.760000000000000000e+02,2.600000000000000000e+02,-6.370000000000000000e+02,4.400000000000000000e+01,3.000000000000000000e+01
1.680080661990313292e+09,1.614400000000000000e+04,2.840000000000000000e+02,2.960000000000000000e+02,-6.250000000000000000e+02,7.000000000000000000e+01,4.100000000000000000e+01
1.680080661992052317e+09,1.611200000000000000e+04,3.400000000000000000e+02,2.280000000000000000e+02,-6.460000000000000000e+02,4.500000000000000000e+01,4.400000000000000000e+01
1.680080661995176077e+09,1.628800000000000000e+04,2.960000000000000000e+02,2.800000000000000000e+02,-6.480000000000000000e+02,2.700000000000000000e+01,2.300000000000000000e+01
1.680080661997128010e+09,1.623600000000000000e+04,3.440000000000000000e+02,3.320000000000000000e+02,-6.040000000000000000e+02,3.900000000000000000e+01,3.100000000000000000e+01
1.680080662000317335e+09,1.612000000000000000e+04,2.640000000000000000e+02,3.200000000000000000e+02,-6.380000000000000000e+02,6.600000000000000000e+01,4.500000000000000000e+01
1.680080662002071142e+09,1.618400000000000000e+04,2.000000000000000000e+02,4.000000000000000000e+02,-6.540000000000000000e+02,4.100000000000000000e+01,2.600000000000000000e+01
1.680080662005284548e+09,1.616800000000000000e+04,3.320000000000000000e+02,3.960000000000000000e+02,-6.400000000000000000e+02,3.200000000000000000e+01,5.400000000000000000e+01
1.680080662007220268e+09,1.621200000000000000e+04,2.640000000000000000e+02,2.520000000000000000e+02,-6.190000000000000000e+02,4.400000000000000000e+01,5.400000000000000000e+01
1.680080662010704756e+09,1.612000000000000000e+04,2.640000000000000000e+02,2.960000000000000000e+02,-6.500000000000000000e+02,4.200000000000000000e+01,3.100000000000000000e+01
1.680080662012220383e+09,1.617600000000000000e+04,2.600000000000000000e+02,3.680000000000000000e+02,-6.200000000000000000e+02,3.600000000000000000e+01,2.800000000000000000e+01
1.680080662015502691e+09,1.623200000000000000e+04,3.280000000000000000e+02,3.200000000000000000e+02,-6.040000000000000000e+02,4.600000000000000000e+01,2.200000000000000000e+01
1.680080662016787767e+09,1.619200000000000000e+04,3.400000000000000000e+02,3.360000000000000000e+02,-6.560000000000000000e+02,4.700000000000000000e+01,1.900000000000000000e+01
1.680080662020341158e+09,1.621600000000000000e+04,3.240000000000000000e+02,3.440000000000000000e+02,-6.210000000000000000e+02,7.100000000000000000e+01,4.600000000000000000e+01
1.680080662022326946e+09,1.617600000000000000e+04,3.440000000000000000e+02,2.640000000000000000e+02,-6.650000000000000000e+02,3.300000000000000000e+01,2.700000000000000000e+01
1.680080662025634050e+09,1.618400000000000000e+04,3.400000000000000000e+02,4.320000000000000000e+02,-6.430000000000000000e+02,3.200000000000000000e+01,2.700000000000000000e+01
1.680080662026980162e+09,1.614800000000000000e+04,3.600000000000000000e+02,4.120000000000000000e+02,-5.820000000000000000e+02,3.000000000000000000e+01,2.700000000000000000e+01
1.680080662030471325e+09,1.616800000000000000e+04,2.840000000000000000e+02,3.680000000000000000e+02,-6.410000000000000000e+02,3.100000000000000000e+01,3.200000000000000000e+01
1.680080662031965017e+09,1.617600000000000000e+04,2.720000000000000000e+02,3.880000000000000000e+02,-6.390000000000000000e+02,3.300000000000000000e+01,3.500000000000000000e+01
1.680080662035547972e+09,1.616000000000000000e+04,3.400000000000000000e+02,2.560000000000000000e+02,-6.450000000000000000e+02,4.000000000000000000e+01,4.700000000000000000e+01
1.680080662037278175e+09,1.622400000000000000e+04,3.200000000000000000e+02,1.480000000000000000e+02,-6.520000000000000000e+02,5.600000000000000000e+01,4.200000000000000000e+01
1.680080662040614367e+09,1.619600000000000000e+04,3.640000000000000000e+02,3.360000000000000000e+02,-6.460000000000000000e+02,5.500000000000000000e+01,1.800000000000000000e+01
1.680080662042331934e+09,1.609600000000000000e+04,2.920000000000000000e+02,4.120000000000000000e+02,-6.460000000000000000e+02,7.500000000000000000e+01,1.800000000000000000e+01
1.680080662045753241e+09,1.622000000000000000e+04,3.000000000000000000e+02,3.200000000000000000e+02,-6.560000000000000000e+02,3.400000000000000000e+01,3.600000000000000000e+01
1.680080662137289047e+09,1.618000000000000000e+04,3.240000000000000000e+02,3.040000000000000000e+02,-6.380000000000000000e+02,6.500000000000000000e+01,2.100000000000000000e+01
1.680080662139991999e+09,1.619200000000000000e+04,4.400000000000000000e+02,3.560000000000000000e+02,-6.310000000000000000e+02,4.100000000000000000e+01,3.600000000000000000e+01
1.680080662141300201e+09,1.616400000000000000e+04,3.280000000000000000e+02,3.040000000000000000e+02,-5.950000000000000000e+02,1.700000000000000000e+01,4.600000000000000000e+01
1.680080662143876553e+09,1.619200000000000000e+04,2.840000000000000000e+02,3.040000000000000000e+02,-6.770000000000000000e+02,1.700000000000000000e+01,3.500000000000000000e+01
1.680080662145157337e+09,1.615200000000000000e+04,3.080000000000000000e+02,3.800000000000000000e+02,-6.250000000000000000e+02,2.900000000000000000e+01,2.500000000000000000e+01
1.680080662167070627e+09,1.616000000000000000e+04,3.280000000000000000e+02,3.080000000000000000e+02,-6.740000000000000000e+02,6.200000000000000000e+01,1.200000000000000000e+01
1.680080662174151897e+09,1.605600000000000000e+04,2.480000000000000000e+02,3.160000000000000000e+02,-6.240000000000000000e+02,6.500000000000000000e+01,3.500000000000000000e+01
1.680080662179606676e+09,1.622400000000000000e+04,2.680000000000000000e+02,3.360000000000000000e+02,-6.250000000000000000e+02,4.900000000000000000e+01,3.500000000000000000e+01
1.680080662187889099e+09,1.621200000000000000e+04,2.800000000000000000e+02,2.840000000000000000e+02,-6.550000000000000000e+02,1.000000000000000000e+00,1.500000000000000000e+01
1.680080662196700573e+09,1.616400000000000000e+04,3.240000000000000000e+02,3.520000000000000000e+02,-6.710000000000000000e+02,4.600000000000000000e+01,3.800000000000000000e+01
1.680080662198252201e+09,1.619200000000000000e+04,4.480000000000000000e+02,3.280000000000000000e+02,-6.480000000000000000e+02,7.300000000000000000e+01,2.700000000000000000e+01
1.680080662201530218e+09,1.615600000000000000e+04,2.640000000000000000e+02,3.520000000000000000e+02,-6.570000000000000000e+02,4.600000000000000000e+01,2.100000000000000000e+01
1.680080662207684755e+09,1.626800000000000000e+04,2.560000000000000000e+02,2.520000000000000000e+02,-6.360000000000000000e+02,5.700000000000000000e+01,2.800000000000000000e+01
1.680080662217216253e+09,1.615600000000000000e+04,2.560000000000000000e+02,4.240000000000000000e+02,-6.240000000000000000e+02,3.700000000000000000e+01,3.600000000000000000e+01
1.680080662218706131e+09,1.612800000000000000e+04,2.920000000000000000e+02,2.880000000000000000e+02,-6.200000000000000000e+02,6.200000000000000000e+01,2.700000000000000000e+01
1.680080662221549273e+09,1.615600000000000000e+04,2.160000000000000000e+02,3.280000000000000000e+02,-6.170000000000000000e+02,2.700000000000000000e+01,3.900000000000000000e+01
1.680080662223062992e+09,1.623200000000000000e+04,2.760000000000000000e+02,3.920000000000000000e+02,-6.330000000000000000e+02,4.600000000000000000e+01,1.800000000000000000e+01
1.680080662227883577e+09,1.618800000000000000e+04,2.600000000000000000e+02,2.840000000000000000e+02,-6.740000000000000000e+02,6.300000000000000000e+01,2.100000000000000000e+01
1.680080662229519606e+09,1.617600000000000000e+04,3.280000000000000000e+02,4.000000000000000000e+02,-6.420000000000000000e+02,5.700000000000000000e+01,1.800000000000000000e+01
1.680080662232785940e+09,1.615200000000000000e+04,3.560000000000000000e+02,2.280000000000000000e+02,-6.580000000000000000e+02,6.300000000000000000e+01,3.800000000000000000e+01
1.680080662234446526e+09,1.616400000000000000e+04,2.880000000000000000e+02,3.200000000000000000e+02,-6.380000000000000000e+02,4.800000000000000000e+01,3.700000000000000000e+01
1.680080662237465143e+09,1.623200000000000000e+04,3.280000000000000000e+02,4.000000000000000000e+02,-6.340000000000000000e+02,4.300000000000000000e+01,5.600000000000000000e+01
1.680080662239274263e+09,1.606000000000000000e+04,2.400000000000000000e+02,3.040000000000000000e+02,-6.410000000000000000e+02,2.000000000000000000e+01,3.600000000000000000e+01
1.680080662242531538e+09,1.621600000000000000e+04,3.440000000000000000e+02,3.200000000000000000e+02,-6.580000000000000000e+02,8.300000000000000000e+01,2.100000000000000000e+01
1.680080662244107723e+09,1.622000000000000000e+04,4.040000000000000000e+02,2.560000000000000000e+02,-6.350000000000000000e+02,5.600000000000000000e+01,2.200000000000000000e+01
1.680080662247649193e+09,1.611200000000000000e+04,3.000000000000000000e+02,2.160000000000000000e+02,-6.080000000000000000e+02,6.300000000000000000e+01,3.800000000000000000e+01
1.680080662249148607e+09,1.627600000000000000e+04,2.920000000000000000e+02,3.840000000000000000e+02,-6.450000000000000000e+02,4.400000000000000000e+01,5.800000000000000000e+01
1.680080662252965927e+09,1.614400000000000000e+04,2.600000000000000000e+02,4.040000000000000000e+02,-6.430000000000000000e+02,5.100000000000000000e+01,2.900000000000000000e+01
1.680080662254628897e+09,1.620800000000000000e+04,3.200000000000000000e+02,3.080000000000000000e+02,-6.550000000000000000e+02,3.500000000000000000e+01,3.800000000000000000e+01
1.680080662258007526e+09,1.626400000000000000e+04,2.960000000000000000e+02,2.640000000000000000e+02,-6.530000000000000000e+02,3.400000000000000000e+01,2.800000000000000000e+01
1.680080662259840250e+09,1.621200000000000000e+04,2.840000000000000000e+02,3.160000000000000000e+02,-6.420000000000000000e+02,2.100000000000000000e+01,1.400000000000000000e+01
1.680080662263143539e+09,1.628000000000000000e+04,3.440000000000000000e+02,1.320000000000000000e+02,-6.610000000000000000e+02,4.000000000000000000e+01,1.300000000000000000e+01
1.680080662264904737e+09,1.622000000000000000e+04,3.000000000000000000e+02,2.640000000000000000e+02,-6.240000000000000000e+02,4.000000000000000000e+01,3.600000000000000000e+01
1.680080662268312216e+09,1.618400000000000000e+04,3.520000000000000000e+02,4.000000000000000000e+02,-6.670000000000000000e+02,6.100000000000000000e+01,3.500000000000000000e+01
1.680080662269797325e+09,1.632800000000000000e+04,2.680000000000000000e+02,3.280000000000000000e+02,-6.360000000000000000e+02,4.000000000000000000e+01,3.000000000000000000e+01
1.680080662273367405e+09,1.602800000000000000e+04,2.280000000000000000e+02,3.960000000000000000e+02,-6.520000000000000000e+02,4.900000000000000000e+01,2.300000000000000000e+01
1.680080662275015831e+09,1.612400000000000000e+04,3.360000000000000000e+02,3.760000000000000000e+02,-6.320000000000000000e+02,5.300000000000000000e+01,1.900000000000000000e+01
1.680080662278060913e+09,1.620000000000000000e+04,3.560000000000000000e+02,4.600000000000000000e+02,-6.280000000000000000e+02,2.600000000000000000e+01,4.500000000000000000e+01
1.680080662279753208e+09,1.615200000000000000e+04,2.680000000000000000e+02,3.200000000000000000e+02,-6.500000000000000000e+02,5.800000000000000000e+01,2.800000000000000000e+01
1.680080662283069372e+09,1.612400000000000000e+04,3.320000000000000000e+02,2.120000000000000000e+02,-6.290000000000000000e+02,5.200000000000000000e+01,3.000000000000000000e+01
1.680080662284584284e+09,1.623200000000000000e+04,3.160000000000000000e+02,3.200000000000000000e+02,-6.680000000000000000e+02,4.800000000000000000e+01,3.000000000000000000e+01
1.680080662287863731e+09,1.621200000000000000e+04,3.880000000000000000e+02,3.680000000000000000e+02,-6.380000000000000000e+02,2.900000000000000000e+01,3.600000000000000000e+01
1.680080662289721251e+09,1.621600000000000000e+04,2.880000000000000000e+02,2.680000000000000000e+02,-5.970000000000000000e+02,5.700000000000000000e+01,3.500000000000000000e+01
1.680080662294937611e+09,1.620800000000000000e+04,3.040000000000000000e+02,2.680000000000000000e+02,-6.330000000000000000e+02,6.000000000000000000e+00,2.500000000000000000e+01
1.680080662296594143e+09,1.618800000000000000e+04,3.720000000000000000e+02,3.880000000000000000e+02,-6.490000000000000000e+02,8.200000000000000000e+01,2.000000000000000000e+01
1.680080662300706625e+09,1.618400000000000000e+04,3.480000000000000000e+02,2.640000000000000000e+02,-6.200000000000000000e+02,3.800000000000000000e+01,3.900000000000000000e+01
1.680080662302373886e+09,1.618400000000000000e+04,3.600000000000000000e+02,2.880000000000000000e+02,-6.400000000000000000e+02,1.300000000000000000e+01,1.200000000000000000e+01
1.680080662305595636e+09,1.615600000000000000e+04,3.240000000000000000e+02,2.960000000000000000e+02,-6.430000000000000000e+02,4.600000000000000000e+01,2.600000000000000000e+01
1.680080662307508707e+09,1.621600000000000000e+04,3.680000000000000000e+02,2.040000000000000000e+02,-6.050000000000000000e+02,3.300000000000000000e+01,2.000000000000000000e+01
1.680080662310722589e+09,1.622800000000000000e+04,3.480000000000000000e+02,3.720000000000000000e+02,-6.540000000000000000e+02,6.600000000000000000e+01,3.000000000000000000e+01
1.680080662312406540e+09,1.612000000000000000e+04,3.360000000000000000e+02,2.760000000000000000e+02,-6.410000000000000000e+02,5.800000000000000000e+01,5.900000000000000000e+01
1.680080662315607309e+09,1.621200000000000000e+04,3.000000000000000000e+02,4.000000000000000000e+02,-6.600000000000000000e+02,4.500000000000000000e+01,4.000000000000000000e+01
1.680080662317351818e+09,1.619200000000000000e+04,2.920000000000000000e+02,3.560000000000000000e+02,-6.340000000000000000e+02,4.000000000000000000e+01,2.900000000000000000e+01
1.680080662320919991e+09,1.626000000000000000e+04,3.240000000000000000e+02,3.120000000000000000e+02,-6.410000000000000000e+02,6.200000000000000000e+01,4.600000000000000000e+01
1.680080662322687387e+09,1.615600000000000000e+04,3.320000000000000000e+02,3.080000000000000000e+02,-6.420000000000000000e+02,2.500000000000000000e+01,3.400000000000000000e+01
1.680080662325973511e+09,1.620000000000000000e+04,3.480000000000000000e+02,3.080000000000000000e+02,-6.380000000000000000e+02,5.000000000000000000e+01,3.800000000000000000e+01
1.680080662328032255e+09,1.624000000000000000e+04,3.600000000000000000e+02,2.120000000000000000e+02,-6.430000000000000000e+02,1.900000000000000000e+01,3.800000000000000000e+01
1.680080662331576586e+09,1.623600000000000000e+04,2.640000000000000000e+02,2.040000000000000000e+02,-6.240000000000000000e+02,5.200000000000000000e+01,2.400000000000000000e+01
1.680080662333573818e+09,1.616400000000000000e+04,3.600000000000000000e+02,3.600000000000000000e+02,-6.540000000000000000e+02,1.800000000000000000e+01,3.600000000000000000e+01
1.680080662337480783e+09,1.615600000000000000e+04,2.680000000000000000e+02,3.520000000000000000e+02,-6.800000000000000000e+02,5.700000000000000000e+01,3.700000000000000000e+01
1.680080662339586496e+09,1.620400000000000000e+04,3.200000000000000000e+02,2.520000000000000000e+02,-5.890000000000000000e+02,1.100000000000000000e+01,1.700000000000000000e+01
1.680080662342448950e+09,1.617200000000000000e+04,3.120000000000000000e+02,2.360000000000000000e+02,-6.620000000000000000e+02,4.800000000000000000e+01,5.000000000000000000e+01
1.680080662343852282e+09,1.624400000000000000e+04,3.800000000000000000e+02,1.640000000000000000e+02,-6.070000000000000000e+02,4.000000000000000000e+01,4.900000000000000000e+01
1.680080662347535133e+09,1.620000000000000000e+04,2.160000000000000000e+02,3.200000000000000000e+02,-6.320000000000000000e+02,3.100000000000000000e+01,1.700000000000000000e+01
1.680080662348944426e+09,1.614800000000000000e+04,3.000000000000000000e+02,4.040000000000000000e+02,-6.380000000000000000e+02,5.000000000000000000e+01,1.900000000000000000e+01
1.680080662352155209e+09,1.616800000000000000e+04,2.400000000000000000e+02,4.000000000000000000e+02,-6.180000000000000000e+02,7.500000000000000000e+01,4.700000000000000000e+01
1.680080662353721857e+09,1.622000000000000000e+04,3.080000000000000000e+02,2.840000000000000000e+02,-6.610000000000000000e+02,6.500000000000000000e+01,3.700000000000000000e+01
1.680080662357131243e+09,1.622800000000000000e+04,3.080000000000000000e+02,4.400000000000000000e+02,-6.090000000000000000e+02,6.100000000000000000e+01,4.400000000000000000e+01
1.680080662358668566e+09,1.611200000000000000e+04,2.760000000000000000e+02,1.720000000000000000e+02,-6.770000000000000000e+02,3.400000000000000000e+01,1.900000000000000000e+01
1.680080662362052441e+09,1.614000000000000000e+04,3.480000000000000000e+02,2.880000000000000000e+02,-6.690000000000000000e+02,7.400000000000000000e+01,2.600000000000000000e+01
1.680080662363681078e+09,1.613600000000000000e+04,2.800000000000000000e+02,4.800000000000000000e+02,-6.250000000000000000e+02,6.000000000000000000e+01,7.000000000000000000e+00
1.680080662366907120e+09,1.617600000000000000e+04,3.160000000000000000e+02,1.320000000000000000e+02,-6.500000000000000000e+02,3.600000000000000000e+01,2.000000000000000000e+00
1.680080662368294716e+09,1.620000000000000000e+04,3.040000000000000000e+02,2.840000000000000000e+02,-6.470000000000000000e+02,5.500000000000000000e+01,2.200000000000000000e+01
1.680080662371536732e+09,1.613600000000000000e+04,2.800000000000000000e+02,3.080000000000000000e+02,-6.340000000000000000e+02,3.500000000000000000e+01,3.900000000000000000e+01
1.680080662373255968e+09,1.604000000000000000e+04,2.440000000000000000e+02,3.280000000000000000e+02,-6.260000000000000000e+02,6.600000000000000000e+01,2.600000000000000000e+01
1.680080662376588106e+09,1.617600000000000000e+04,3.400000000000000000e+02,4.200000000000000000e+02,-6.440000000000000000e+02,4.000000000000000000e+01,3.000000000000000000e+01
1.680080662378346920e+09,1.624800000000000000e+04,3.280000000000000000e+02,2.400000000000000000e+02,-6.580000000000000000e+02,4.300000000000000000e+01,1.900000000000000000e+01
1.680080662382037878e+09,1.609200000000000000e+04,2.120000000000000000e+02,4.560000000000000000e+02,-6.220000000000000000e+02,3.700000000000000000e+01,2.500000000000000000e+01
1.680080662383703470e+09,1.614800000000000000e+04,1.880000000000000000e+02,2.240000000000000000e+02,-6.240000000000000000e+02,7.100000000000000000e+01,6.000000000000000000e+01
1.680080662387003183e+09,1.622400000000000000e+04,2.360000000000000000e+02,4.320000000000000000e+02,-6.350000000000000000e+02,5.200000000000000000e+01,3.600000000000000000e+01
1.680080662389023066e+09,1.608400000000000000e+04,3.400000000000000000e+02,3.320000000000000000e+02,-6.070000000000000000e+02,3.500000000000000000e+01,1.000000000000000000e+01
1.680080662392720461e+09,1.624400000000000000e+04,2.920000000000000000e+02,2.760000000000000000e+02,-6.390000000000000000e+02,4.400000000000000000e+01,4.300000000000000000e+01
1.680080662394263268e+09,1.618800000000000000e+04,2.320000000000000000e+02,2.560000000000000000e+02,-6.150000000000000000e+02,6.500000000000000000e+01,4.700000000000000000e+01
1.680080662398015738e+09,1.622000000000000000e+04,2.680000000000000000e+02,4.480000000000000000e+02,-6.100000000000000000e+02,6.700000000000000000e+01,2.400000000000000000e+01
1.680080662399578810e+09,1.619600000000000000e+04,3.200000000000000000e+02,2.960000000000000000e+02,-6.400000000000000000e+02,4.500000000000000000e+01,5.100000000000000000e+01
1.680080662403034687e+09,1.608000000000000000e+04,2.920000000000000000e+02,2.520000000000000000e+02,-6.540000000000000000e+02,4.700000000000000000e+01,2.500000000000000000e+01
1.680080662404551744e+09,1.616000000000000000e+04,2.120000000000000000e+02,2.080000000000000000e+02,-6.450000000000000000e+02,4.400000000000000000e+01,3.500000000000000000e+01
1.680080662408149719e+09,1.616400000000000000e+04,3.080000000000000000e+02,2.680000000000000000e+02,-6.350000000000000000e+02,4.400000000000000000e+01,4.200000000000000000e+01
1.680080662409946918e+09,1.627600000000000000e+04,3.120000000000000000e+02,3.200000000000000000e+02,-6.430000000000000000e+02,6.400000000000000000e+01,2.800000000000000000e+01
1.680080662413463593e+09,1.615600000000000000e+04,3.280000000000000000e+02,2.440000000000000000e+02,-6.510000000000000000e+02,4.800000000000000000e+01,3.800000000000000000e+01
1.680080662414744139e+09,1.622800000000000000e+04,2.720000000000000000e+02,3.480000000000000000e+02,-6.310000000000000000e+02,5.200000000000000000e+01,3.400000000000000000e+01
1.680080662418275595e+09,1.620800000000000000e+04,2.760000000000000000e+02,3.680000000000000000e+02,-6.410000000000000000e+02,2.000000000000000000e+01,3.800000000000000000e+01
1.680080662419928551e+09,1.615600000000000000e+04,3.120000000000000000e+02,3.400000000000000000e+02,-6.360000000000000000e+02,3.500000000000000000e+01,3.700000000000000000e+01
1.680080662423684359e+09,1.621600000000000000e+04,3.160000000000000000e+02,3.480000000000000000e+02,-6.540000000000000000e+02,2.000000000000000000e+01,1.100000000000000000e+01
1.680080662425150633e+09,1.625200000000000000e+04,3.480000000000000000e+02,3.720000000000000000e+02,-6.520000000000000000e+02,3.300000000000000000e+01,2.000000000000000000e+01
1.680080662428767204e+09,1.626000000000000000e+04,3.120000000000000000e+02,4.040000000000000000e+02,-6.080000000000000000e+02,5.200000000000000000e+01,2.400000000000000000e+01
1.680080662430018902e+09,1.627200000000000000e+04,4.080000000000000000e+02,3.200000000000000000e+02,-6.780000000000000000e+02,6.300000000000000000e+01,1.700000000000000000e+01
1.680080662433638573e+09,1.620000000000000000e+04,3.680000000000000000e+02,2.480000000000000000e+02,-6.190000000000000000e+02,5.700000000000000000e+01,4.700000000000000000e+01
1.680080662434931517e+09,1.622800000000000000e+04,3.920000000000000000e+02,2.200000000000000000e+02,-6.400000000000000000e+02,6.300000000000000000e+01,4.000000000000000000e+00
1.680080662438668251e+09,1.620800000000000000e+04,3.960000000000000000e+02,4.800000000000000000e+02,-6.550000000000000000e+02,2.000000000000000000e+01,4.000000000000000000e+01
1.680080662442170143e+09,1.612400000000000000e+04,2.920000000000000000e+02,3.640000000000000000e+02,-6.970000000000000000e+02,4.200000000000000000e+01,1.500000000000000000e+01
1.680080662445521593e+09,1.624800000000000000e+04,2.840000000000000000e+02,3.800000000000000000e+02,-6.340000000000000000e+02,6.600000000000000000e+01,3.600000000000000000e+01
1.680080662449079037e+09,1.618800000000000000e+04,3.680000000000000000e+02,3.400000000000000000e+02,-6.430000000000000000e+02,6.200000000000000000e+01,3.600000000000000000e+01
1.680080662452595711e+09,1.614800000000000000e+04,2.800000000000000000e+02,3.240000000000000000e+02,-5.950000000000000000e+02,5.800000000000000000e+01,2.900000000000000000e+01
1.680080662456219912e+09,1.618800000000000000e+04,3.360000000000000000e+02,2.160000000000000000e+02,-6.390000000000000000e+02,1.100000000000000000e+01,2.000000000000000000e+01
1.680080662459585428e+09,1.626000000000000000e+04,3.000000000000000000e+02,2.120000000000000000e+02,-6.600000000000000000e+02,4.500000000000000000e+01,3.300000000000000000e+01
1.680080662462939024e+09,1.618800000000000000e+04,3.360000000000000000e+02,3.680000000000000000e+02,-6.600000000000000000e+02,4.500000000000000000e+01,2.100000000000000000e+01
1.680080662466176748e+09,1.611200000000000000e+04,3.080000000000000000e+02,2.480000000000000000e+02,-6.740000000000000000e+02,5.800000000000000000e+01,4.300000000000000000e+01
1.680080662469552994e+09,1.612000000000000000e+04,3.120000000000000000e+02,2.560000000000000000e+02,-6.320000000000000000e+02,5.500000000000000000e+01,3.900000000000000000e+01
1.680080662472988844e+09,1.612000000000000000e+04,3.840000000000000000e+02,2.520000000000000000e+02,-6.310000000000000000e+02,4.900000000000000000e+01,2.800000000000000000e+01
1.680080662476783991e+09,1.601200000000000000e+04,3.800000000000000000e+02,3.360000000000000000e+02,-6.460000000000000000e+02,4.200000000000000000e+01,3.400000000000000000e+01
1.680080662480251312e+09,1.620000000000000000e+04,2.960000000000000000e+02,2.640000000000000000e+02,-6.520000000000000000e+02,4.600000000000000000e+01,4.400000000000000000e+01
1.680080662483928919e+09,1.620000000000000000e+04,3.120000000000000000e+02,3.080000000000000000e+02,-6.010000000000000000e+02,3.500000000000000000e+01,2.700000000000000000e+01
1.680080662487811804e+09,1.627600000000000000e+04,3.160000000000000000e+02,2.280000000000000000e+02,-6.220000000000000000e+02,4.900000000000000000e+01,3.800000000000000000e+01
1.680080662491550446e+09,1.622000000000000000e+04,2.480000000000000000e+02,4.040000000000000000e+02,-6.080000000000000000e+02,6.700000000000000000e+01,3.700000000000000000e+01
1.680080662495277405e+09,1.628400000000000000e+04,3.080000000000000000e+02,3.480000000000000000e+02,-6.530000000000000000e+02,4.900000000000000000e+01,4.200000000000000000e+01
1.680080662498780251e+09,1.619600000000000000e+04,2.800000000000000000e+02,3.560000000000000000e+02,-6.480000000000000000e+02,7.500000000000000000e+01,2.800000000000000000e+01
1.680080662502554417e+09,1.622800000000000000e+04,3.280000000000000000e+02,3.920000000000000000e+02,-6.430000000000000000e+02,2.600000000000000000e+01,4.900000000000000000e+01
1.680080662505967140e+09,1.617600000000000000e+04,2.840000000000000000e+02,3.080000000000000000e+02,-6.420000000000000000e+02,4.200000000000000000e+01,5.500000000000000000e+01
1.680080662509401560e+09,1.628800000000000000e+04,3.560000000000000000e+02,3.640000000000000000e+02,-6.480000000000000000e+02,1.600000000000000000e+01,3.800000000000000000e+01
1.680080662512529373e+09,1.610000000000000000e+04,3.000000000000000000e+02,1.800000000000000000e+02,-6.300000000000000000e+02,5.400000000000000000e+01,2.800000000000000000e+01
1.680080662516024590e+09,1.616800000000000000e+04,3.240000000000000000e+02,3.520000000000000000e+02,-6.350000000000000000e+02,4.100000000000000000e+01,2.500000000000000000e+01
1.680080662519302130e+09,1.619600000000000000e+04,3.200000000000000000e+02,3.320000000000000000e+02,-6.130000000000000000e+02,3.000000000000000000e+01,3.800000000000000000e+01
1.680080662522436380e+09,1.620400000000000000e+04,3.480000000000000000e+02,3.480000000000000000e+02,-6.320000000000000000e+02,6.700000000000000000e+01,2.000000000000000000e+01
1.680080662525798082e+09,1.626400000000000000e+04,4.200000000000000000e+02,3.960000000000000000e+02,-6.390000000000000000e+02,7.000000000000000000e+01,4.200000000000000000e+01
1.680080662529303551e+09,1.617600000000000000e+04,3.200000000000000000e+02,2.880000000000000000e+02,-6.260000000000000000e+02,3.000000000000000000e+01,3.800000000000000000e+01
1.680080662532524824e+09,1.618000000000000000e+04,1.680000000000000000e+02,2.320000000000000000e+02,-5.960000000000000000e+02,4.500000000000000000e+01,2.500000000000000000e+01
1.680080662536218643e+09,1.616800000000000000e+04,3.000000000000000000e+02,4.440000000000000000e+02,-6.280000000000000000e+02,1.900000000000000000e+01,7.000000000000000000e+01
1.680080662539705276e+09,1.610800000000000000e+04,3.000000000000000000e+02,2.400000000000000000e+02,-6.360000000000000000e+02,5.000000000000000000e+01,3.800000000000000000e+01
1.680080662543127775e+09,1.628000000000000000e+04,2.920000000000000000e+02,3.720000000000000000e+02,-6.320000000000000000e+02,5.200000000000000000e+01,2.000000000000000000e+01
1.680080662546547890e+09,1.618400000000000000e+04,2.520000000000000000e+02,2.240000000000000000e+02,-6.280000000000000000e+02,8.100000000000000000e+01,4.300000000000000000e+01
1.680080662549944401e+09,1.614400000000000000e+04,3.640000000000000000e+02,4.120000000000000000e+02,-6.450000000000000000e+02,3.100000000000000000e+01,3.400000000000000000e+01
1.680080662553574085e+09,1.616800000000000000e+04,2.680000000000000000e+02,2.880000000000000000e+02,-6.560000000000000000e+02,3.000000000000000000e+01,3.000000000000000000e+01
1.680080662556529760e+09,1.613200000000000000e+04,2.720000000000000000e+02,4.320000000000000000e+02,-6.120000000000000000e+02,5.200000000000000000e+01,3.200000000000000000e+01
1.680080662560135365e+09,1.606400000000000000e+04,3.280000000000000000e+02,4.040000000000000000e+02,-6.350000000000000000e+02,4.500000000000000000e+01,6.300000000000000000e+01
1.680080662563468218e+09,1.612800000000000000e+04,3.240000000000000000e+02,2.800000000000000000e+02,-6.080000000000000000e+02,3.200000000000000000e+01,1.000000000000000000e+01
1.680080662567193508e+09,1.630400000000000000e+04,3.000000000000000000e+02,3.280000000000000000e+02,-6.570000000000000000e+02,4.400000000000000000e+01,3.900000000000000000e+01
1.680080662570682287e+09,1.620400000000000000e+04,3.320000000000000000e+02,2.680000000000000000e+02,-6.300000000000000000e+02,3.800000000000000000e+01,2.800000000000000000e+01
1.680080662573906898e+09,1.610400000000000000e+04,2.800000000000000000e+02,3.200000000000000000e+02,-6.310000000000000000e+02,3.500000000000000000e+01,2.800000000000000000e+01
1.680080662577417374e+09,1.616800000000000000e+04,2.320000000000000000e+02,3.560000000000000000e+02,-6.290000000000000000e+02,6.600000000000000000e+01,3.600000000000000000e+01
1.680080662580824614e+09,1.623600000000000000e+04,3.880000000000000000e+02,3.920000000000000000e+02,-6.410000000000000000e+02,5.300000000000000000e+01,1.500000000000000000e+01
1.680080662584287167e+09,1.620000000000000000e+04,2.880000000000000000e+02,2.720000000000000000e+02,-6.690000000000000000e+02,4.900000000000000000e+01,1.800000000000000000e+01
1.680080662587815762e+09,1.617600000000000000e+04,3.520000000000000000e+02,2.680000000000000000e+02,-6.180000000000000000e+02,2.800000000000000000e+01,1.600000000000000000e+01
1.680080662591346025e+09,1.606800000000000000e+04,3.760000000000000000e+02,2.040000000000000000e+02,-6.740000000000000000e+02,4.900000000000000000e+01,3.000000000000000000e+01
1.680080662594574928e+09,1.613600000000000000e+04,2.880000000000000000e+02,3.160000000000000000e+02,-6.570000000000000000e+02,6.100000000000000000e+01,5.300000000000000000e+01
1.680080662597915173e+09,1.609600000000000000e+04,2.720000000000000000e+02,2.800000000000000000e+02,-6.390000000000000000e+02,3.800000000000000000e+01,1.500000000000000000e+01
1.680080662601166964e+09,1.626000000000000000e+04,3.400000000000000000e+02,2.600000000000000000e+02,-6.470000000000000000e+02,3.900000000000000000e+01,3.100000000000000000e+01
1.680080662604585409e+09,1.619200000000000000e+04,2.800000000000000000e+02,3.200000000000000000e+02,-6.380000000000000000e+02,6.300000000000000000e+01,3.400000000000000000e+01
1.680080662607885838e+09,1.614400000000000000e+04,2.640000000000000000e+02,3.080000000000000000e+02,-6.050000000000000000e+02,3.100000000000000000e+01,2.800000000000000000e+01
1.680080662611683369e+09,1.620400000000000000e+04,3.280000000000000000e+02,1.720000000000000000e+02,-6.300000000000000000e+02,2.300000000000000000e+01,1.500000000000000000e+01
1.680080662615242004e+09,1.626000000000000000e+04,3.800000000000000000e+02,2.000000000000000000e+02,-6.510000000000000000e+02,3.300000000000000000e+01,3.300000000000000000e+01
1.680080662618719816e+09,1.610000000000000000e+04,3.640000000000000000e+02,4.360000000000000000e+02,-6.410000000000000000e+02,3.400000000000000000e+01,3.100000000000000000e+01
1.680080662621966124e+09,1.618400000000000000e+04,2.640000000000000000e+02,2.040000000000000000e+02,-6.450000000000000000e+02,7.800000000000000000e+01,3.800000000000000000e+01
1.680080662625795364e+09,1.618800000000000000e+04,3.360000000000000000e+02,3.040000000000000000e+02,-6.710000000000000000e+02,2.700000000000000000e+01,3.900000000000000000e+01
1.680080662630746603e+09,1.610000000000000000e+04,3.120000000000000000e+02,3.880000000000000000e+02,-6.460000000000000000e+02,6.000000000000000000e+01,2.500000000000000000e+01
1.680080662634376764e+09,1.630800000000000000e+04,2.560000000000000000e+02,3.280000000000000000e+02,-6.430000000000000000e+02,3.500000000000000000e+01,3.600000000000000000e+01
1.680080662638067961e+09,1.612800000000000000e+04,3.040000000000000000e+02,2.200000000000000000e+02,-6.290000000000000000e+02,6.000000000000000000e+01,1.200000000000000000e+01
1.680080662641801834e+09,1.625600000000000000e+04,3.120000000000000000e+02,2.760000000000000000e+02,-6.420000000000000000e+02,5.600000000000000000e+01,5.700000000000000000e+01
1.680080662645142078e+09,1.616400000000000000e+04,2.880000000000000000e+02,3.840000000000000000e+02,-6.440000000000000000e+02,-6.000000000000000000e+00,3.700000000000000000e+01
1.680080662648514271e+09,1.610400000000000000e+04,3.120000000000000000e+02,3.240000000000000000e+02,-6.800000000000000000e+02,4.900000000000000000e+01,3.200000000000000000e+01
1.680080662652274609e+09,1.621200000000000000e+04,2.760000000000000000e+02,3.440000000000000000e+02,-6.820000000000000000e+02,5.600000000000000000e+01,3.500000000000000000e+01
1.680080662655981779e+09,1.615200000000000000e+04,1.840000000000000000e+02,4.520000000000000000e+02,-6.320000000000000000e+02,8.200000000000000000e+01,3.600000000000000000e+01
1.680080662659568071e+09,1.618000000000000000e+04,3.520000000000000000e+02,3.120000000000000000e+02,-6.270000000000000000e+02,5.600000000000000000e+01,4.500000000000000000e+01
1.680080662663189650e+09,1.620800000000000000e+04,3.320000000000000000e+02,2.160000000000000000e+02,-6.300000000000000000e+02,6.100000000000000000e+01,3.400000000000000000e+01
1.680080662667026281e+09,1.616400000000000000e+04,3.280000000000000000e+02,2.920000000000000000e+02,-6.280000000000000000e+02,5.700000000000000000e+01,1.300000000000000000e+01
1.680080662670992613e+09,1.609600000000000000e+04,3.720000000000000000e+02,2.800000000000000000e+02,-6.410000000000000000e+02,3.700000000000000000e+01,2.300000000000000000e+01
1.680080662674508572e+09,1.622400000000000000e+04,3.440000000000000000e+02,3.760000000000000000e+02,-6.660000000000000000e+02,5.200000000000000000e+01,2.500000000000000000e+01
1.680080662677965641e+09,1.612000000000000000e+04,3.040000000000000000e+02,3.880000000000000000e+02,-6.550000000000000000e+02,4.400000000000000000e+01,1.900000000000000000e+01
1.680080662681564331e+09,1.618800000000000000e+04,2.480000000000000000e+02,3.360000000000000000e+02,-6.480000000000000000e+02,1.900000000000000000e+01,2.800000000000000000e+01
1.680080662685064077e+09,1.608800000000000000e+04,3.080000000000000000e+02,3.800000000000000000e+02,-6.650000000000000000e+02,2.100000000000000000e+01,2.700000000000000000e+01
1.680080662688359022e+09,1.628000000000000000e+04,2.880000000000000000e+02,3.000000000000000000e+02,-6.390000000000000000e+02,3.100000000000000000e+01,3.400000000000000000e+01
1.680080662691791296e+09,1.612800000000000000e+04,3.360000000000000000e+02,3.160000000000000000e+02,-6.310000000000000000e+02,4.200000000000000000e+01,3.300000000000000000e+01
1.680080662695429087e+09,1.601200000000000000e+04,3.280000000000000000e+02,3.560000000000000000e+02,-6.210000000000000000e+02,6.900000000000000000e+01,4.000000000000000000e+00
1.680080662699044943e+09,1.618400000000000000e+04,2.720000000000000000e+02,4.000000000000000000e+02,-6.320000000000000000e+02,3.400000000000000000e+01,3.400000000000000000e+01
1.680080662702340364e+09,1.609600000000000000e+04,2.080000000000000000e+02,3.920000000000000000e+02,-6.250000000000000000e+02,6.400000000000000000e+01,4.900000000000000000e+01
1.680080662706086397e+09,1.616400000000000000e+04,3.120000000000000000e+02,2.160000000000000000e+02,-6.380000000000000000e+02,6.500000000000000000e+01,1.500000000000000000e+01
1.680080662709663153e+09,1.623600000000000000e+04,3.440000000000000000e+02,2.880000000000000000e+02,-6.460000000000000000e+02,2.400000000000000000e+01,2.700000000000000000e+01
1.680080662713274479e+09,1.622000000000000000e+04,3.800000000000000000e+02,2.520000000000000000e+02,-6.550000000000000000e+02,3.500000000000000000e+01,2.200000000000000000e+01
1.680080662716734648e+09,1.622800000000000000e+04,2.240000000000000000e+02,1.360000000000000000e+02,-6.640000000000000000e+02,3.700000000000000000e+01,4.100000000000000000e+01
1.680080662720302820e+09,1.612400000000000000e+04,2.840000000000000000e+02,4.040000000000000000e+02,-6.450000000000000000e+02,5.500000000000000000e+01,1.000000000000000000e+01
1.680080662724090099e+09,1.619600000000000000e+04,2.680000000000000000e+02,2.040000000000000000e+02,-6.420000000000000000e+02,5.500000000000000000e+01,5.400000000000000000e+01
1.680080662727663755e+09,1.624000000000000000e+04,3.000000000000000000e+02,2.920000000000000000e+02,-6.450000000000000000e+02,2.000000000000000000e+01,2.700000000000000000e+01
1.680080662731076241e+09,1.619600000000000000e+04,2.520000000000000000e+02,2.480000000000000000e+02,-6.740000000000000000e+02,6.200000000000000000e+01,4.200000000000000000e+01
1.680080662734605789e+09,1.619200000000000000e+04,3.480000000000000000e+02,2.600000000000000000e+02,-6.370000000000000000e+02,4.500000000000000000e+01,4.000000000000000000e+01
1.680080662737915993e+09,1.624000000000000000e+04,3.080000000000000000e+02,3.080000000000000000e+02,-6.460000000000000000e+02,4.500000000000000000e+01,4.200000000000000000e+01
1.680080662741490126e+09,1.620800000000000000e+04,3.000000000000000000e+02,2.720000000000000000e+02,-6.190000000000000000e+02,4.500000000000000000e+01,4.000000000000000000e+01
1.680080662744755983e+09,1.618800000000000000e+04,2.440000000000000000e+02,2.920000000000000000e+02,-6.250000000000000000e+02,3.200000000000000000e+01,5.300000000000000000e+01
1.680080662748155117e+09,1.613600000000000000e+04,2.840000000000000000e+02,3.360000000000000000e+02,-6.360000000000000000e+02,5.100000000000000000e+01,3.600000000000000000e+01
1.680080662751504660e+09,1.614400000000000000e+04,3.080000000000000000e+02,2.240000000000000000e+02,-6.280000000000000000e+02,4.200000000000000000e+01,2.200000000000000000e+01
1.680080662755030870e+09,1.616000000000000000e+04,2.760000000000000000e+02,2.520000000000000000e+02,-6.420000000000000000e+02,5.900000000000000000e+01,2.000000000000000000e+01
1.680080662758605003e+09,1.614400000000000000e+04,4.200000000000000000e+02,3.520000000000000000e+02,-6.460000000000000000e+02,3.800000000000000000e+01,2.500000000000000000e+01
1.680080662761851311e+09,1.610800000000000000e+04,3.600000000000000000e+02,3.200000000000000000e+02,-6.460000000000000000e+02,7.000000000000000000e+01,6.300000000000000000e+01
1.680080662765827179e+09,1.604400000000000000e+04,3.080000000000000000e+02,2.640000000000000000e+02,-6.200000000000000000e+02,4.900000000000000000e+01,6.200000000000000000e+01
1.680080662769627094e+09,1.614400000000000000e+04,2.840000000000000000e+02,2.800000000000000000e+02,-6.110000000000000000e+02,6.800000000000000000e+01,2.300000000000000000e+01
1.680080662773049116e+09,1.614400000000000000e+04,3.440000000000000000e+02,2.600000000000000000e+02,-6.420000000000000000e+02,2.600000000000000000e+01,4.000000000000000000e+01
1.680080662776655436e+09,1.622800000000000000e+04,2.360000000000000000e+02,2.760000000000000000e+02,-5.970000000000000000e+02,5.800000000000000000e+01,3.900000000000000000e+01
1.680080662780284643e+09,1.618400000000000000e+04,4.160000000000000000e+02,2.800000000000000000e+02,-6.230000000000000000e+02,3.600000000000000000e+01,2.300000000000000000e+01
1.680080662783808231e+09,1.620400000000000000e+04,3.360000000000000000e+02,2.280000000000000000e+02,-6.530000000000000000e+02,6.000000000000000000e+01,3.300000000000000000e+01
1.680080662787196875e+09,1.621200000000000000e+04,4.280000000000000000e+02,3.360000000000000000e+02,-6.560000000000000000e+02,3.700000000000000000e+01,1.800000000000000000e+01
1.680080662791064262e+09,1.614000000000000000e+04,3.160000000000000000e+02,3.760000000000000000e+02,-6.660000000000000000e+02,6.100000000000000000e+01,2.000000000000000000e+01
1.680080662794842005e+09,1.620000000000000000e+04,3.480000000000000000e+02,3.320000000000000000e+02,-6.280000000000000000e+02,4.500000000000000000e+01,1.200000000000000000e+01
1.680080662798597813e+09,1.616400000000000000e+04,2.960000000000000000e+02,2.160000000000000000e+02,-6.360000000000000000e+02,4.600000000000000000e+01,4.500000000000000000e+01
1.680080662801883698e+09,1.612400000000000000e+04,3.120000000000000000e+02,3.800000000000000000e+02,-6.430000000000000000e+02,5.900000000000000000e+01,3.800000000000000000e+01
1.680080662805398941e+09,1.613600000000000000e+04,2.920000000000000000e+02,2.680000000000000000e+02,-6.360000000000000000e+02,4.500000000000000000e+01,2.100000000000000000e+01
1.680080662808948755e+09,1.628400000000000000e+04,3.760000000000000000e+02,1.720000000000000000e+02,-6.480000000000000000e+02,5.700000000000000000e+01,3.000000000000000000e+01
1.680080662812492609e+09,1.624400000000000000e+04,2.400000000000000000e+02,2.960000000000000000e+02,-6.260000000000000000e+02,4.500000000000000000e+01,1.900000000000000000e+01
1.680080662815891981e+09,1.604400000000000000e+04,2.440000000000000000e+02,3.440000000000000000e+02,-6.720000000000000000e+02,3.800000000000000000e+01,5.500000000000000000e+01
1.680080662819641590e+09,1.618800000000000000e+04,4.360000000000000000e+02,1.880000000000000000e+02,-6.480000000000000000e+02,4.300000000000000000e+01,5.200000000000000000e+01
1.680080662823207617e+09,1.616000000000000000e+04,2.640000000000000000e+02,3.960000000000000000e+02,-6.160000000000000000e+02,4.700000000000000000e+01,4.000000000000000000e+01
1.680080662826722622e+09,1.605600000000000000e+04,2.840000000000000000e+02,2.760000000000000000e+02,-6.720000000000000000e+02,-3.000000000000000000e+00,1.500000000000000000e+01
1.680080662830404043e+09,1.618800000000000000e+04,3.600000000000000000e+02,3.720000000000000000e+02,-6.680000000000000000e+02,5.400000000000000000e+01,1.900000000000000000e+01
1.680080662833815575e+09,1.626400000000000000e+04,2.760000000000000000e+02,2.960000000000000000e+02,-6.500000000000000000e+02,3.200000000000000000e+01,4.200000000000000000e+01
1.680080662837600946e+09,1.618400000000000000e+04,3.000000000000000000e+02,2.960000000000000000e+02,-6.380000000000000000e+02,4.700000000000000000e+01,2.900000000000000000e+01
1.680080662840942860e+09,1.624000000000000000e+04,2.080000000000000000e+02,3.600000000000000000e+02,-6.180000000000000000e+02,6.000000000000000000e+01,3.600000000000000000e+01
1.680080662844765186e+09,1.624000000000000000e+04,3.160000000000000000e+02,2.880000000000000000e+02,-6.450000000000000000e+02,5.700000000000000000e+01,4.600000000000000000e+01
1.680080662848141909e+09,1.622000000000000000e+04,3.880000000000000000e+02,3.960000000000000000e+02,-5.770000000000000000e+02,5.300000000000000000e+01,3.100000000000000000e+01
1.680080662851397514e+09,1.616400000000000000e+04,2.880000000000000000e+02,2.120000000000000000e+02,-6.220000000000000000e+02,4.100000000000000000e+01,3.400000000000000000e+01
1.680080662855218649e+09,1.606800000000000000e+04,4.160000000000000000e+02,2.120000000000000000e+02,-6.240000000000000000e+02,4.300000000000000000e+01,3.800000000000000000e+01
1.680080662858599186e+09,1.616000000000000000e+04,2.520000000000000000e+02,1.920000000000000000e+02,-6.500000000000000000e+02,2.300000000000000000e+01,1.600000000000000000e+01
1.680080662862433434e+09,1.620800000000000000e+04,3.440000000000000000e+02,3.280000000000000000e+02,-6.620000000000000000e+02,3.100000000000000000e+01,2.400000000000000000e+01
1.680080662866046667e+09,1.622800000000000000e+04,4.040000000000000000e+02,3.800000000000000000e+02,-6.660000000000000000e+02,4.400000000000000000e+01,3.000000000000000000e+01
1.680080662869564772e+09,1.620800000000000000e+04,2.520000000000000000e+02,3.640000000000000000e+02,-6.250000000000000000e+02,7.600000000000000000e+01,2.200000000000000000e+01
1.680080662873387575e+09,1.630400000000000000e+04,3.360000000000000000e+02,3.920000000000000000e+02,-6.340000000000000000e+02,6.700000000000000000e+01,3.200000000000000000e+01
1.680080662877169132e+09,1.615600000000000000e+04,2.800000000000000000e+02,4.200000000000000000e+02,-6.450000000000000000e+02,4.500000000000000000e+01,3.100000000000000000e+01
1.680080662880821705e+09,1.614400000000000000e+04,2.960000000000000000e+02,3.080000000000000000e+02,-6.460000000000000000e+02,6.800000000000000000e+01,5.500000000000000000e+01
1.680080662884088516e+09,1.608800000000000000e+04,2.920000000000000000e+02,2.880000000000000000e+02,-6.300000000000000000e+02,3.000000000000000000e+01,2.900000000000000000e+01
1.680080662887685061e+09,1.625600000000000000e+04,3.200000000000000000e+02,4.000000000000000000e+02,-5.910000000000000000e+02,5.900000000000000000e+01,4.500000000000000000e+01
1.680080662891506672e+09,1.614400000000000000e+04,3.320000000000000000e+02,3.880000000000000000e+02,-6.180000000000000000e+02,4.000000000000000000e+01,2.500000000000000000e+01
1.680080662895408630e+09,1.603600000000000000e+04,2.960000000000000000e+02,3.240000000000000000e+02,-5.980000000000000000e+02,3.200000000000000000e+01,4.300000000000000000e+01
1.680080662899150610e+09,1.617600000000000000e+04,3.160000000000000000e+02,2.920000000000000000e+02,-6.180000000000000000e+02,2.500000000000000000e+01,5.300000000000000000e+01
1.680080662903130054e+09,1.611200000000000000e+04,3.200000000000000000e+02,2.840000000000000000e+02,-6.220000000000000000e+02,5.600000000000000000e+01,2.900000000000000000e+01
1.680080662906546831e+09,1.612400000000000000e+04,2.920000000000000000e+02,3.520000000000000000e+02,-6.620000000000000000e+02,2.600000000000000000e+01,2.800000000000000000e+01
1.680080662909920931e+09,1.618800000000000000e+04,2.440000000000000000e+02,3.200000000000000000e+02,-6.760000000000000000e+02,5.700000000000000000e+01,4.500000000000000000e+01
1.680080662913418055e+09,1.617200000000000000e+04,3.280000000000000000e+02,2.520000000000000000e+02,-6.330000000000000000e+02,5.100000000000000000e+01,3.000000000000000000e+01
1.680080662917285442e+09,1.611600000000000000e+04,3.320000000000000000e+02,3.680000000000000000e+02,-6.070000000000000000e+02,7.200000000000000000e+01,5.500000000000000000e+01
1.680080662920907259e+09,1.621600000000000000e+04,2.800000000000000000e+02,1.760000000000000000e+02,-6.120000000000000000e+02,5.500000000000000000e+01,1.900000000000000000e+01
1.680080662924482584e+09,1.620800000000000000e+04,3.320000000000000000e+02,3.080000000000000000e+02,-6.270000000000000000e+02,4.100000000000000000e+01,3.400000000000000000e+01
1.680080662928172827e+09,1.620800000000000000e+04,2.960000000000000000e+02,4.040000000000000000e+02,-6.210000000000000000e+02,6.600000000000000000e+01,3.300000000000000000e+01
1.680080662931925774e+09,1.618000000000000000e+04,3.440000000000000000e+02,3.280000000000000000e+02,-6.030000000000000000e+02,3.000000000000000000e+01,4.500000000000000000e+01
1.680080662935344934e+09,1.617600000000000000e+04,2.920000000000000000e+02,3.760000000000000000e+02,-6.230000000000000000e+02,4.300000000000000000e+01,4.000000000000000000e+01
1.680080662938627243e+09,1.614800000000000000e+04,2.600000000000000000e+02,4.480000000000000000e+02,-6.210000000000000000e+02,3.900000000000000000e+01,2.800000000000000000e+01
1.680080662942124367e+09,1.618000000000000000e+04,3.480000000000000000e+02,2.920000000000000000e+02,-6.090000000000000000e+02,4.100000000000000000e+01,2.800000000000000000e+01
1.680080662945525169e+09,1.619600000000000000e+04,3.280000000000000000e+02,3.680000000000000000e+02,-6.570000000000000000e+02,3.300000000000000000e+01,1.800000000000000000e+01
1.680080662949405432e+09,1.612800000000000000e+04,2.960000000000000000e+02,2.200000000000000000e+02,-6.090000000000000000e+02,6.500000000000000000e+01,2.900000000000000000e+01
1.680080662952907085e+09,1.619600000000000000e+04,3.760000000000000000e+02,1.800000000000000000e+02,-6.490000000000000000e+02,4.000000000000000000e+01,2.400000000000000000e+01
1.680080662956516981e+09,1.602000000000000000e+04,3.800000000000000000e+02,2.160000000000000000e+02,-6.300000000000000000e+02,7.000000000000000000e+01,6.800000000000000000e+01
1.680080662960277557e+09,1.618800000000000000e+04,3.080000000000000000e+02,2.920000000000000000e+02,-6.500000000000000000e+02,4.300000000000000000e+01,3.000000000000000000e+01
1.680080662963515282e+09,1.614000000000000000e+04,3.800000000000000000e+02,3.560000000000000000e+02,-6.230000000000000000e+02,8.400000000000000000e+01,2.100000000000000000e+01
1.680080662967272758e+09,1.616400000000000000e+04,3.760000000000000000e+02,2.520000000000000000e+02,-6.430000000000000000e+02,4.800000000000000000e+01,9.000000000000000000e+00
1.680080662970732450e+09,1.620800000000000000e+04,2.280000000000000000e+02,3.160000000000000000e+02,-6.570000000000000000e+02,6.300000000000000000e+01,3.900000000000000000e+01
1.680080662974156857e+09,1.613200000000000000e+04,3.640000000000000000e+02,2.840000000000000000e+02,-6.020000000000000000e+02,2.700000000000000000e+01,3.600000000000000000e+01
1.680080662977811575e+09,1.617600000000000000e+04,3.280000000000000000e+02,3.400000000000000000e+02,-6.260000000000000000e+02,2.900000000000000000e+01,5.000000000000000000e+01
1.680080662981485605e+09,1.607600000000000000e+04,3.080000000000000000e+02,2.640000000000000000e+02,-6.500000000000000000e+02,7.100000000000000000e+01,1.000000000000000000e+01
1.680080662984844208e+09,1.616800000000000000e+04,2.200000000000000000e+02,3.200000000000000000e+02,-6.480000000000000000e+02,2.700000000000000000e+01,4.500000000000000000e+01
1.680080662988486290e+09,1.626400000000000000e+04,3.320000000000000000e+02,3.600000000000000000e+02,-6.070000000000000000e+02,5.500000000000000000e+01,4.500000000000000000e+01
1.680080662992496967e+09,1.620800000000000000e+04,3.240000000000000000e+02,3.760000000000000000e+02,-6.350000000000000000e+02,6.100000000000000000e+01,3.400000000000000000e+01
1.680080662996362448e+09,1.614800000000000000e+04,4.480000000000000000e+02,2.800000000000000000e+02,-6.350000000000000000e+02,5.300000000000000000e+01,1.600000000000000000e+01
1.680080662999746084e+09,1.615200000000000000e+04,2.400000000000000000e+02,4.200000000000000000e+02,-6.670000000000000000e+02,3.200000000000000000e+01,2.200000000000000000e+01
1.680080663003398657e+09,1.616800000000000000e+04,3.080000000000000000e+02,4.480000000000000000e+02,-6.120000000000000000e+02,2.000000000000000000e+01,3.700000000000000000e+01
1.680080663006626368e+09,1.610400000000000000e+04,2.720000000000000000e+02,3.200000000000000000e+02,-6.380000000000000000e+02,4.400000000000000000e+01,5.900000000000000000e+01
1.680080663010318518e+09,1.613200000000000000e+04,2.600000000000000000e+02,3.560000000000000000e+02,-6.210000000000000000e+02,3.700000000000000000e+01,1.300000000000000000e+01
1.680080663013796806e+09,1.617600000000000000e+04,3.440000000000000000e+02,3.520000000000000000e+02,-6.170000000000000000e+02,4.000000000000000000e+01,3.300000000000000000e+01
1.680080663017281532e+09,1.616000000000000000e+04,2.920000000000000000e+02,2.920000000000000000e+02,-6.420000000000000000e+02,7.600000000000000000e+01,5.900000000000000000e+01
1.680080663020663500e+09,1.622800000000000000e+04,3.440000000000000000e+02,2.600000000000000000e+02,-5.980000000000000000e+02,3.700000000000000000e+01,3.700000000000000000e+01
1.680080663024513721e+09,1.617200000000000000e+04,2.720000000000000000e+02,3.920000000000000000e+02,-6.080000000000000000e+02,6.800000000000000000e+01,3.800000000000000000e+01
1.680080663028361797e+09,1.627600000000000000e+04,3.000000000000000000e+02,1.920000000000000000e+02,-6.350000000000000000e+02,4.400000000000000000e+01,4.500000000000000000e+01
1.680080663032256603e+09,1.603200000000000000e+04,3.960000000000000000e+02,3.840000000000000000e+02,-5.960000000000000000e+02,3.800000000000000000e+01,5.700000000000000000e+01
1.680080663035563707e+09,1.620800000000000000e+04,2.880000000000000000e+02,3.800000000000000000e+02,-6.390000000000000000e+02,4.400000000000000000e+01,2.500000000000000000e+01
1.680080663039081812e+09,1.627600000000000000e+04,3.200000000000000000e+02,3.000000000000000000e+02,-6.670000000000000000e+02,2.900000000000000000e+01,3.200000000000000000e+01
1.680080663043140888e+09,1.618000000000000000e+04,3.160000000000000000e+02,2.720000000000000000e+02,-6.610000000000000000e+02,6.300000000000000000e+01,3.300000000000000000e+01
1.680080663046627045e+09,1.614400000000000000e+04,3.360000000000000000e+02,1.040000000000000000e+02,-6.420000000000000000e+02,4.800000000000000000e+01,2.600000000000000000e+01
1.680080663050038099e+09,1.615200000000000000e+04,3.000000000000000000e+02,2.320000000000000000e+02,-6.110000000000000000e+02,4.100000000000000000e+01,4.300000000000000000e+01
1.680080663053471327e+09,1.631600000000000000e+04,2.680000000000000000e+02,2.720000000000000000e+02,-6.340000000000000000e+02,6.500000000000000000e+01,4.200000000000000000e+01
1.680080663056734324e+09,1.620000000000000000e+04,3.400000000000000000e+02,2.360000000000000000e+02,-6.100000000000000000e+02,4.000000000000000000e+01,4.100000000000000000e+01
1.680080663060634851e+09,1.620400000000000000e+04,3.040000000000000000e+02,2.600000000000000000e+02,-6.420000000000000000e+02,3.200000000000000000e+01,4.900000000000000000e+01
1.680080663064162016e+09,1.617600000000000000e+04,3.200000000000000000e+02,3.560000000000000000e+02,-6.090000000000000000e+02,7.100000000000000000e+01,1.800000000000000000e+01
1.680080663067840576e+09,1.615600000000000000e+04,2.920000000000000000e+02,3.880000000000000000e+02,-6.530000000000000000e+02,4.200000000000000000e+01,4.600000000000000000e+01
1.680080663071191788e+09,1.620800000000000000e+04,3.520000000000000000e+02,3.440000000000000000e+02,-6.370000000000000000e+02,5.200000000000000000e+01,4.500000000000000000e+01
1.680080663075049877e+09,1.609600000000000000e+04,3.640000000000000000e+02,2.560000000000000000e+02,-6.100000000000000000e+02,5.000000000000000000e+01,3.100000000000000000e+01
1.680080663078649282e+09,1.617200000000000000e+04,3.760000000000000000e+02,2.960000000000000000e+02,-6.050000000000000000e+02,4.500000000000000000e+01,3.600000000000000000e+01
1.680080663082317591e+09,1.624000000000000000e+04,3.040000000000000000e+02,3.240000000000000000e+02,-6.250000000000000000e+02,2.800000000000000000e+01,3.600000000000000000e+01
1.680080663085869551e+09,1.614800000000000000e+04,3.600000000000000000e+02,2.440000000000000000e+02,-6.440000000000000000e+02,2.100000000000000000e+01,3.400000000000000000e+01
1.680080663089807510e+09,1.613200000000000000e+04,2.480000000000000000e+02,2.840000000000000000e+02,-6.500000000000000000e+02,5.700000000000000000e+01,3.000000000000000000e+01
1.680080663093260288e+09,1.617200000000000000e+04,3.360000000000000000e+02,3.720000000000000000e+02,-6.300000000000000000e+02,1.400000000000000000e+01,3.600000000000000000e+01
1.680080663096849680e+09,1.621600000000000000e+04,2.320000000000000000e+02,3.400000000000000000e+02,-6.440000000000000000e+02,5.700000000000000000e+01,1.500000000000000000e+01
1.680080663100297451e+09,1.615200000000000000e+04,2.720000000000000000e+02,3.200000000000000000e+02,-6.060000000000000000e+02,3.600000000000000000e+01,2.100000000000000000e+01
1.680080663104245424e+09,1.623200000000000000e+04,3.160000000000000000e+02,2.440000000000000000e+02,-6.370000000000000000e+02,3.000000000000000000e+01,3.400000000000000000e+01
1.680080663107735157e+09,1.617200000000000000e+04,3.440000000000000000e+02,3.320000000000000000e+02,-6.380000000000000000e+02,4.500000000000000000e+01,4.000000000000000000e+01
1.680080663111193180e+09,1.615600000000000000e+04,2.680000000000000000e+02,2.800000000000000000e+02,-6.070000000000000000e+02,4.600000000000000000e+01,3.700000000000000000e+01
1.680080663114749908e+09,1.612000000000000000e+04,2.800000000000000000e+02,3.080000000000000000e+02,-6.220000000000000000e+02,5.600000000000000000e+01,2.700000000000000000e+01
1.680080663118794441e+09,1.624000000000000000e+04,2.800000000000000000e+02,5.280000000000000000e+02,-6.260000000000000000e+02,7.000000000000000000e+01,2.400000000000000000e+01
1.680080663122393131e+09,1.623200000000000000e+04,1.960000000000000000e+02,2.960000000000000000e+02,-6.140000000000000000e+02,5.300000000000000000e+01,4.500000000000000000e+01
1.680080663126052380e+09,1.619600000000000000e+04,3.720000000000000000e+02,3.960000000000000000e+02,-6.040000000000000000e+02,6.800000000000000000e+01,9.000000000000000000e+00
1.680080663129493713e+09,1.623600000000000000e+04,3.400000000000000000e+02,2.400000000000000000e+02,-6.360000000000000000e+02,1.700000000000000000e+01,3.100000000000000000e+01
1.680080663133218050e+09,1.621600000000000000e+04,2.840000000000000000e+02,3.440000000000000000e+02,-6.360000000000000000e+02,4.400000000000000000e+01,4.200000000000000000e+01
1.680080663136878729e+09,1.622400000000000000e+04,2.280000000000000000e+02,3.160000000000000000e+02,-6.290000000000000000e+02,3.900000000000000000e+01,2.000000000000000000e+01
1.680080663140414476e+09,1.623200000000000000e+04,3.600000000000000000e+02,2.280000000000000000e+02,-6.280000000000000000e+02,6.200000000000000000e+01,4.000000000000000000e+01
1.680080663143855810e+09,1.621600000000000000e+04,4.280000000000000000e+02,4.280000000000000000e+02,-5.930000000000000000e+02,2.800000000000000000e+01,3.200000000000000000e+01
1.680080663147209167e+09,1.625600000000000000e+04,3.960000000000000000e+02,4.720000000000000000e+02,-6.500000000000000000e+02,4.300000000000000000e+01,3.300000000000000000e+01
1.680080663150758505e+09,1.628400000000000000e+04,3.080000000000000000e+02,2.960000000000000000e+02,-6.210000000000000000e+02,4.000000000000000000e+01,3.900000000000000000e+01
1.680080663154673100e+09,1.616400000000000000e+04,3.040000000000000000e+02,2.200000000000000000e+02,-6.190000000000000000e+02,5.600000000000000000e+01,5.300000000000000000e+01
1.680080663158239603e+09,1.614400000000000000e+04,2.760000000000000000e+02,4.880000000000000000e+02,-6.470000000000000000e+02,5.400000000000000000e+01,3.100000000000000000e+01
1.680080663161718607e+09,1.614400000000000000e+04,2.720000000000000000e+02,4.680000000000000000e+02,-6.040000000000000000e+02,5.300000000000000000e+01,5.300000000000000000e+01
1.680080663165411234e+09,1.622400000000000000e+04,3.680000000000000000e+02,2.360000000000000000e+02,-6.160000000000000000e+02,7.100000000000000000e+01,3.100000000000000000e+01
1.680080663169068575e+09,1.612800000000000000e+04,3.240000000000000000e+02,4.760000000000000000e+02,-6.160000000000000000e+02,3.900000000000000000e+01,2.400000000000000000e+01
1.680080663172734499e+09,1.615200000000000000e+04,3.360000000000000000e+02,4.640000000000000000e+02,-5.990000000000000000e+02,4.700000000000000000e+01,-3.000000000000000000e+00
1.680080663176117420e+09,1.618000000000000000e+04,3.680000000000000000e+02,3.200000000000000000e+02,-6.820000000000000000e+02,4.600000000000000000e+01,4.600000000000000000e+01
1.680080663179734468e+09,1.620000000000000000e+04,3.080000000000000000e+02,2.960000000000000000e+02,-6.450000000000000000e+02,4.500000000000000000e+01,2.300000000000000000e+01
1.680080663183247805e+09,1.613200000000000000e+04,2.560000000000000000e+02,2.800000000000000000e+02,-6.340000000000000000e+02,4.900000000000000000e+01,4.200000000000000000e+01
1.680080663186935663e+09,1.628800000000000000e+04,3.560000000000000000e+02,3.480000000000000000e+02,-6.040000000000000000e+02,7.200000000000000000e+01,3.800000000000000000e+01
1.680080663190204620e+09,1.612800000000000000e+04,2.760000000000000000e+02,2.200000000000000000e+02,-6.380000000000000000e+02,2.300000000000000000e+01,2.800000000000000000e+01
1.680080663193839073e+09,1.613200000000000000e+04,3.080000000000000000e+02,2.280000000000000000e+02,-6.560000000000000000e+02,5.300000000000000000e+01,2.500000000000000000e+01
1.680080663197788000e+09,1.613200000000000000e+04,3.400000000000000000e+02,2.040000000000000000e+02,-6.300000000000000000e+02,3.300000000000000000e+01,4.400000000000000000e+01
1.680080663201419353e+09,1.624000000000000000e+04,2.760000000000000000e+02,3.400000000000000000e+02,-6.400000000000000000e+02,6.200000000000000000e+01,4.000000000000000000e+01
1.680080663204950571e+09,1.624000000000000000e+04,2.560000000000000000e+02,2.120000000000000000e+02,-6.590000000000000000e+02,7.600000000000000000e+01,3.800000000000000000e+01
1.680080663208552122e+09,1.613200000000000000e+04,2.840000000000000000e+02,4.040000000000000000e+02,-6.210000000000000000e+02,6.600000000000000000e+01,3.200000000000000000e+01
1.680080663212155342e+09,1.621600000000000000e+04,3.120000000000000000e+02,2.600000000000000000e+02,-6.260000000000000000e+02,5.000000000000000000e+01,4.200000000000000000e+01
1.680080663215856314e+09,1.618400000000000000e+04,3.520000000000000000e+02,3.280000000000000000e+02,-5.990000000000000000e+02,3.500000000000000000e+01,3.300000000000000000e+01
1.680080663219353199e+09,1.619600000000000000e+04,3.680000000000000000e+02,3.200000000000000000e+02,-6.490000000000000000e+02,5.800000000000000000e+01,1.600000000000000000e+01
1.680080663223155737e+09,1.619600000000000000e+04,4.320000000000000000e+02,2.720000000000000000e+02,-6.320000000000000000e+02,3.600000000000000000e+01,3.100000000000000000e+01
1.680080663226824760e+09,1.613200000000000000e+04,2.920000000000000000e+02,1.880000000000000000e+02,-6.150000000000000000e+02,5.100000000000000000e+01,4.400000000000000000e+01
1.680080663229861259e+09,1.618400000000000000e+04,3.160000000000000000e+02,3.160000000000000000e+02,-6.030000000000000000e+02,1.600000000000000000e+01,5.700000000000000000e+01
1.680080663233130455e+09,1.618400000000000000e+04,2.760000000000000000e+02,2.840000000000000000e+02,-6.590000000000000000e+02,3.000000000000000000e+01,2.600000000000000000e+01
1.680080663236742258e+09,1.613200000000000000e+04,3.000000000000000000e+02,3.760000000000000000e+02,-6.500000000000000000e+02,6.100000000000000000e+01,3.100000000000000000e+01
1.680080663240746737e+09,1.620000000000000000e+04,3.720000000000000000e+02,2.520000000000000000e+02,-6.370000000000000000e+02,4.900000000000000000e+01,2.700000000000000000e+01
1.680080663244069099e+09,1.624800000000000000e+04,3.080000000000000000e+02,3.160000000000000000e+02,-6.580000000000000000e+02,2.500000000000000000e+01,2.800000000000000000e+01
1.680080663247876167e+09,1.625600000000000000e+04,3.840000000000000000e+02,4.000000000000000000e+02,-6.220000000000000000e+02,5.500000000000000000e+01,3.400000000000000000e+01
1.680080663251535892e+09,1.613200000000000000e+04,3.680000000000000000e+02,3.080000000000000000e+02,-6.120000000000000000e+02,4.600000000000000000e+01,4.600000000000000000e+01
1.680080663255105972e+09,1.601600000000000000e+04,3.240000000000000000e+02,4.560000000000000000e+02,-6.110000000000000000e+02,3.500000000000000000e+01,5.300000000000000000e+01
1.680080663258606195e+09,1.615200000000000000e+04,3.520000000000000000e+02,4.120000000000000000e+02,-6.300000000000000000e+02,3.500000000000000000e+01,4.000000000000000000e+01
1.680080663264137268e+09,1.608800000000000000e+04,2.720000000000000000e+02,2.720000000000000000e+02,-6.430000000000000000e+02,6.700000000000000000e+01,4.600000000000000000e+01
1.680080663267778873e+09,1.618800000000000000e+04,2.960000000000000000e+02,2.240000000000000000e+02,-6.640000000000000000e+02,3.000000000000000000e+01,3.600000000000000000e+01
1.680080663271369219e+09,1.609600000000000000e+04,3.960000000000000000e+02,6.280000000000000000e+02,-6.400000000000000000e+02,3.000000000000000000e+01,2.200000000000000000e+01
1.680080663274609566e+09,1.620800000000000000e+04,2.560000000000000000e+02,2.040000000000000000e+02,-6.650000000000000000e+02,6.000000000000000000e+01,5.500000000000000000e+01
1.680080663278245926e+09,1.618400000000000000e+04,2.960000000000000000e+02,3.480000000000000000e+02,-6.430000000000000000e+02,4.300000000000000000e+01,2.400000000000000000e+01
1.680080663281996250e+09,1.618000000000000000e+04,4.080000000000000000e+02,3.480000000000000000e+02,-6.730000000000000000e+02,4.800000000000000000e+01,4.200000000000000000e+01
1.680080663285175800e+09,1.620400000000000000e+04,3.120000000000000000e+02,3.360000000000000000e+02,-6.240000000000000000e+02,4.600000000000000000e+01,4.200000000000000000e+01
1.680080663288938284e+09,1.614800000000000000e+04,3.680000000000000000e+02,4.480000000000000000e+02,-6.480000000000000000e+02,3.300000000000000000e+01,3.300000000000000000e+01
1.680080663292312145e+09,1.625200000000000000e+04,3.200000000000000000e+02,4.520000000000000000e+02,-6.420000000000000000e+02,4.500000000000000000e+01,3.400000000000000000e+01
1.680080663297058105e+09,1.618400000000000000e+04,3.000000000000000000e+02,3.280000000000000000e+02,-6.410000000000000000e+02,5.100000000000000000e+01,3.600000000000000000e+01
1.680080663300486803e+09,1.612000000000000000e+04,3.880000000000000000e+02,3.120000000000000000e+02,-6.620000000000000000e+02,4.600000000000000000e+01,2.400000000000000000e+01
1.680080663304948568e+09,1.621600000000000000e+04,3.560000000000000000e+02,3.200000000000000000e+02,-6.500000000000000000e+02,2.600000000000000000e+01,1.400000000000000000e+01
1.680080663308765888e+09,1.623200000000000000e+04,3.000000000000000000e+02,4.720000000000000000e+02,-6.740000000000000000e+02,4.600000000000000000e+01,3.500000000000000000e+01
1.680080663312274456e+09,1.624800000000000000e+04,3.320000000000000000e+02,3.960000000000000000e+02,-6.420000000000000000e+02,5.400000000000000000e+01,4.700000000000000000e+01
1.680080663315876961e+09,1.617600000000000000e+04,2.960000000000000000e+02,3.440000000000000000e+02,-6.410000000000000000e+02,8.000000000000000000e+01,4.900000000000000000e+01
1.680080663319578886e+09,1.611600000000000000e+04,2.320000000000000000e+02,3.040000000000000000e+02,-6.200000000000000000e+02,3.800000000000000000e+01,4.100000000000000000e+01
1.680080663322962284e+09,1.617600000000000000e+04,3.640000000000000000e+02,2.400000000000000000e+02,-6.440000000000000000e+02,2.700000000000000000e+01,3.800000000000000000e+01
1.680080663326573133e+09,1.624000000000000000e+04,3.800000000000000000e+02,4.480000000000000000e+02,-6.400000000000000000e+02,1.800000000000000000e+01,3.100000000000000000e+01
1.680080663330214739e+09,1.619600000000000000e+04,2.640000000000000000e+02,2.440000000000000000e+02,-6.550000000000000000e+02,6.700000000000000000e+01,1.900000000000000000e+01
1.680080663333893538e+09,1.620000000000000000e+04,2.560000000000000000e+02,4.480000000000000000e+02,-6.210000000000000000e+02,4.800000000000000000e+01,3.200000000000000000e+01
1.680080663337184906e+09,1.609200000000000000e+04,2.800000000000000000e+02,2.720000000000000000e+02,-6.230000000000000000e+02,5.300000000000000000e+01,2.800000000000000000e+01
1.680080663340981960e+09,1.625200000000000000e+04,2.080000000000000000e+02,4.840000000000000000e+02,-6.110000000000000000e+02,4.800000000000000000e+01,2.600000000000000000e+01
1.680080663344734669e+09,1.614800000000000000e+04,2.320000000000000000e+02,2.720000000000000000e+02,-6.300000000000000000e+02,6.000000000000000000e+01,3.300000000000000000e+01
1.680080663348371744e+09,1.625600000000000000e+04,2.960000000000000000e+02,4.680000000000000000e+02,-6.010000000000000000e+02,4.100000000000000000e+01,2.300000000000000000e+01
1.680080663351818800e+09,1.614400000000000000e+04,2.040000000000000000e+02,2.960000000000000000e+02,-6.230000000000000000e+02,3.800000000000000000e+01,5.000000000000000000e+01
1.680080663355640650e+09,1.619200000000000000e+04,2.640000000000000000e+02,2.720000000000000000e+02,-6.480000000000000000e+02,4.700000000000000000e+01,3.900000000000000000e+01
1.680080663359186411e+09,1.625200000000000000e+04,2.800000000000000000e+02,3.080000000000000000e+02,-6.180000000000000000e+02,5.500000000000000000e+01,4.300000000000000000e+01
1.680080663362599611e+09,1.618000000000000000e+04,2.560000000000000000e+02,2.920000000000000000e+02,-6.540000000000000000e+02,5.500000000000000000e+01,4.300000000000000000e+01
1.680080663366309881e+09,1.611200000000000000e+04,3.480000000000000000e+02,2.680000000000000000e+02,-6.620000000000000000e+02,6.000000000000000000e+01,3.100000000000000000e+01
1.680080663370014191e+09,1.616000000000000000e+04,2.400000000000000000e+02,4.040000000000000000e+02,-6.430000000000000000e+02,4.000000000000000000e+01,3.000000000000000000e+01
1.680080663373682976e+09,1.623600000000000000e+04,1.720000000000000000e+02,2.160000000000000000e+02,-6.510000000000000000e+02,5.100000000000000000e+01,3.900000000000000000e+01
1.680080663377129078e+09,1.621600000000000000e+04,3.080000000000000000e+02,3.480000000000000000e+02,-6.250000000000000000e+02,3.600000000000000000e+01,2.300000000000000000e+01
1.680080663380726576e+09,1.610400000000000000e+04,1.440000000000000000e+02,1.840000000000000000e+02,-6.260000000000000000e+02,6.400000000000000000e+01,4.600000000000000000e+01
1.680080663384542942e+09,1.619600000000000000e+04,2.680000000000000000e+02,2.360000000000000000e+02,-6.220000000000000000e+02,2.900000000000000000e+01,4.000000000000000000e+01
1.680080663388210773e+09,1.628400000000000000e+04,3.840000000000000000e+02,3.080000000000000000e+02,-6.430000000000000000e+02,1.000000000000000000e+00,1.300000000000000000e+01
1.680080663391808987e+09,1.608000000000000000e+04,3.640000000000000000e+02,3.280000000000000000e+02,-6.700000000000000000e+02,5.600000000000000000e+01,3.000000000000000000e+01
1.680080663395428658e+09,1.614400000000000000e+04,2.880000000000000000e+02,3.000000000000000000e+02,-6.600000000000000000e+02,4.200000000000000000e+01,4.800000000000000000e+01
1.680080663399434328e+09,1.616400000000000000e+04,3.440000000000000000e+02,3.880000000000000000e+02,-6.430000000000000000e+02,6.100000000000000000e+01,3.600000000000000000e+01
1.680080663403050184e+09,1.616000000000000000e+04,4.600000000000000000e+02,4.440000000000000000e+02,-6.590000000000000000e+02,9.000000000000000000e+00,2.400000000000000000e+01
1.680080663406590462e+09,1.618800000000000000e+04,2.800000000000000000e+02,2.640000000000000000e+02,-6.730000000000000000e+02,5.400000000000000000e+01,3.500000000000000000e+01
1.680080663410281420e+09,1.621600000000000000e+04,3.480000000000000000e+02,2.960000000000000000e+02,-6.530000000000000000e+02,3.700000000000000000e+01,3.400000000000000000e+01
1.680080663413987398e+09,1.622000000000000000e+04,3.120000000000000000e+02,2.760000000000000000e+02,-6.830000000000000000e+02,6.700000000000000000e+01,3.400000000000000000e+01
1.680080663417829275e+09,1.613200000000000000e+04,3.600000000000000000e+02,4.480000000000000000e+02,-6.270000000000000000e+02,3.500000000000000000e+01,4.300000000000000000e+01
1.680080663421256304e+09,1.614000000000000000e+04,3.000000000000000000e+02,3.200000000000000000e+02,-6.180000000000000000e+02,2.900000000000000000e+01,1.800000000000000000e+01
1.680080663424889088e+09,1.612400000000000000e+04,4.000000000000000000e+02,3.000000000000000000e+02,-6.350000000000000000e+02,4.900000000000000000e+01,4.000000000000000000e+01
1.680080663428301334e+09,1.615600000000000000e+04,3.520000000000000000e+02,4.200000000000000000e+02,-6.440000000000000000e+02,4.500000000000000000e+01,3.800000000000000000e+01
1.680080663431713343e+09,1.617600000000000000e+04,3.240000000000000000e+02,2.840000000000000000e+02,-6.770000000000000000e+02,5.900000000000000000e+01,5.500000000000000000e+01
1.680080663435132504e+09,1.631200000000000000e+04,3.080000000000000000e+02,2.880000000000000000e+02,-6.210000000000000000e+02,5.300000000000000000e+01,3.600000000000000000e+01
1.680080663438900471e+09,1.620400000000000000e+04,3.080000000000000000e+02,1.640000000000000000e+02,-6.600000000000000000e+02,2.300000000000000000e+01,2.500000000000000000e+01
1.680080663442335844e+09,1.624400000000000000e+04,2.560000000000000000e+02,3.040000000000000000e+02,-6.510000000000000000e+02,5.400000000000000000e+01,2.100000000000000000e+01
1.680080663445866346e+09,1.616000000000000000e+04,3.040000000000000000e+02,2.080000000000000000e+02,-6.510000000000000000e+02,3.400000000000000000e+01,5.800000000000000000e+01
1.680080663449845552e+09,1.623200000000000000e+04,2.240000000000000000e+02,3.680000000000000000e+02,-6.790000000000000000e+02,4.700000000000000000e+01,3.200000000000000000e+01
1.680080663453447104e+09,1.620000000000000000e+04,2.480000000000000000e+02,2.720000000000000000e+02,-6.480000000000000000e+02,4.400000000000000000e+01,2.200000000000000000e+01
1.680080663459713697e+09,1.619200000000000000e+04,2.680000000000000000e+02,4.320000000000000000e+02,-6.440000000000000000e+02,4.900000000000000000e+01,2.400000000000000000e+01
1.680080663463464260e+09,1.625200000000000000e+04,3.040000000000000000e+02,3.800000000000000000e+02,-6.490000000000000000e+02,3.600000000000000000e+01,3.400000000000000000e+01
1.680080663467013836e+09,1.610000000000000000e+04,2.920000000000000000e+02,3.080000000000000000e+02,-6.350000000000000000e+02,2.200000000000000000e+01,3.600000000000000000e+01
1.680080663470533848e+09,1.617600000000000000e+04,2.960000000000000000e+02,2.760000000000000000e+02,-6.360000000000000000e+02,5.600000000000000000e+01,2.500000000000000000e+01
1.680080663473953247e+09,1.622000000000000000e+04,2.640000000000000000e+02,2.920000000000000000e+02,-6.430000000000000000e+02,7.100000000000000000e+01,1.700000000000000000e+01
1.680080663478039742e+09,1.621200000000000000e+04,2.880000000000000000e+02,1.800000000000000000e+02,-6.270000000000000000e+02,5.600000000000000000e+01,3.000000000000000000e+01
1.680080663481618404e+09,1.619600000000000000e+04,3.160000000000000000e+02,2.680000000000000000e+02,-6.140000000000000000e+02,5.000000000000000000e+01,3.900000000000000000e+01
1.680080663485289097e+09,1.621600000000000000e+04,4.360000000000000000e+02,3.120000000000000000e+02,-6.100000000000000000e+02,3.300000000000000000e+01,1.400000000000000000e+01
1.680080663488570690e+09,1.620000000000000000e+04,2.320000000000000000e+02,1.960000000000000000e+02,-6.560000000000000000e+02,4.000000000000000000e+01,5.800000000000000000e+01
1.680080663491959333e+09,1.609600000000000000e+04,3.320000000000000000e+02,3.480000000000000000e+02,-6.580000000000000000e+02,3.800000000000000000e+01,7.000000000000000000e+00
1.680080663495383263e+09,1.629600000000000000e+04,2.800000000000000000e+02,2.360000000000000000e+02,-6.530000000000000000e+02,2.900000000000000000e+01,9.000000000000000000e+00
1.680080663498934507e+09,1.616000000000000000e+04,3.240000000000000000e+02,2.880000000000000000e+02,-6.540000000000000000e+02,6.300000000000000000e+01,1.800000000000000000e+01
1.680080663502742290e+09,1.616800000000000000e+04,3.440000000000000000e+02,4.000000000000000000e+02,-6.480000000000000000e+02,8.100000000000000000e+01,4.900000000000000000e+01
1.680080663506446362e+09,1.619200000000000000e+04,4.200000000000000000e+02,2.800000000000000000e+02,-6.370000000000000000e+02,2.800000000000000000e+01,3.600000000000000000e+01
1.680080663510158062e+09,1.610400000000000000e+04,2.640000000000000000e+02,2.200000000000000000e+02,-6.360000000000000000e+02,5.300000000000000000e+01,3.100000000000000000e+01
1.680080663513659954e+09,1.610400000000000000e+04,2.080000000000000000e+02,3.200000000000000000e+02,-6.580000000000000000e+02,4.400000000000000000e+01,3.100000000000000000e+01
1.680080663517194033e+09,1.620400000000000000e+04,3.440000000000000000e+02,3.760000000000000000e+02,-6.710000000000000000e+02,3.000000000000000000e+01,5.900000000000000000e+01
1.680080663520431519e+09,1.619200000000000000e+04,3.720000000000000000e+02,2.840000000000000000e+02,-6.300000000000000000e+02,4.400000000000000000e+01,7.000000000000000000e+00
1.680080663524290800e+09,1.624800000000000000e+04,3.640000000000000000e+02,2.960000000000000000e+02,-6.170000000000000000e+02,5.600000000000000000e+01,4.200000000000000000e+01
1.680080663527976751e+09,1.606000000000000000e+04,3.000000000000000000e+02,3.240000000000000000e+02,-6.260000000000000000e+02,4.100000000000000000e+01,3.700000000000000000e+01
1.680080663531619310e+09,1.616400000000000000e+04,3.440000000000000000e+02,3.760000000000000000e+02,-6.250000000000000000e+02,6.100000000000000000e+01,3.300000000000000000e+01
1.680080663534950972e+09,1.615600000000000000e+04,3.160000000000000000e+02,3.600000000000000000e+02,-6.670000000000000000e+02,8.000000000000000000e+00,4.100000000000000000e+01
1.680080663538388252e+09,1.622000000000000000e+04,3.400000000000000000e+02,3.320000000000000000e+02,-6.700000000000000000e+02,6.500000000000000000e+01,2.200000000000000000e+01
1.680080663541915417e+09,1.611200000000000000e+04,3.280000000000000000e+02,2.600000000000000000e+02,-6.440000000000000000e+02,4.100000000000000000e+01,5.000000000000000000e+01
1.680080663545089483e+09,1.615600000000000000e+04,2.960000000000000000e+02,3.840000000000000000e+02,-6.490000000000000000e+02,6.000000000000000000e+01,1.300000000000000000e+01
1.680080663548676014e+09,1.620000000000000000e+04,2.160000000000000000e+02,3.120000000000000000e+02,-6.360000000000000000e+02,6.000000000000000000e+00,3.500000000000000000e+01
1.680080663552218676e+09,1.618000000000000000e+04,2.760000000000000000e+02,3.000000000000000000e+02,-6.330000000000000000e+02,1.800000000000000000e+01,2.600000000000000000e+01
1.680080663556484699e+09,1.611200000000000000e+04,2.920000000000000000e+02,2.680000000000000000e+02,-6.470000000000000000e+02,4.700000000000000000e+01,5.100000000000000000e+01
1.680080663560136557e+09,1.625200000000000000e+04,2.960000000000000000e+02,3.760000000000000000e+02,-6.340000000000000000e+02,5.700000000000000000e+01,2.200000000000000000e+01
1.680080663563739538e+09,1.619200000000000000e+04,2.640000000000000000e+02,3.480000000000000000e+02,-6.400000000000000000e+02,6.100000000000000000e+01,4.100000000000000000e+01
1.680080663568133116e+09,1.618000000000000000e+04,3.040000000000000000e+02,2.440000000000000000e+02,-6.470000000000000000e+02,3.700000000000000000e+01,4.400000000000000000e+01
1.680080663571899414e+09,1.630800000000000000e+04,2.840000000000000000e+02,4.000000000000000000e+02,-6.350000000000000000e+02,6.000000000000000000e+01,1.200000000000000000e+01
1.680080663575362206e+09,1.616000000000000000e+04,2.240000000000000000e+02,2.480000000000000000e+02,-6.280000000000000000e+02,4.400000000000000000e+01,4.100000000000000000e+01
1.680080663579320669e+09,1.609200000000000000e+04,2.680000000000000000e+02,2.400000000000000000e+02,-6.660000000000000000e+02,3.500000000000000000e+01,2.200000000000000000e+01
1.680080663582772970e+09,1.619600000000000000e+04,3.680000000000000000e+02,3.600000000000000000e+02,-6.350000000000000000e+02,6.900000000000000000e+01,3.100000000000000000e+01
1.680080663586375713e+09,1.617200000000000000e+04,3.240000000000000000e+02,3.280000000000000000e+02,-6.290000000000000000e+02,3.300000000000000000e+01,2.000000000000000000e+01
1.680080663589922667e+09,1.627200000000000000e+04,2.640000000000000000e+02,3.880000000000000000e+02,-6.190000000000000000e+02,4.800000000000000000e+01,3.700000000000000000e+01
1.680080663593374491e+09,1.624000000000000000e+04,2.640000000000000000e+02,2.760000000000000000e+02,-6.470000000000000000e+02,3.900000000000000000e+01,2.800000000000000000e+01
1.680080663597174168e+09,1.614400000000000000e+04,3.600000000000000000e+02,3.680000000000000000e+02,-6.280000000000000000e+02,5.300000000000000000e+01,2.900000000000000000e+01
1.680080663600786924e+09,1.624000000000000000e+04,3.120000000000000000e+02,3.440000000000000000e+02,-6.380000000000000000e+02,6.400000000000000000e+01,9.000000000000000000e+00
1.680080663604390860e+09,1.617600000000000000e+04,3.800000000000000000e+02,2.720000000000000000e+02,-6.440000000000000000e+02,3.900000000000000000e+01,2.700000000000000000e+01
1.680080663607926607e+09,1.622800000000000000e+04,2.520000000000000000e+02,3.800000000000000000e+02,-6.630000000000000000e+02,1.700000000000000000e+01,4.500000000000000000e+01
1.680080663611520529e+09,1.610800000000000000e+04,3.040000000000000000e+02,3.120000000000000000e+02,-6.870000000000000000e+02,6.100000000000000000e+01,3.200000000000000000e+01
1.680080663615115881e+09,1.612800000000000000e+04,3.600000000000000000e+02,2.680000000000000000e+02,-6.690000000000000000e+02,4.400000000000000000e+01,4.400000000000000000e+01
1.680080663618838787e+09,1.618800000000000000e+04,2.680000000000000000e+02,3.040000000000000000e+02,-6.640000000000000000e+02,6.200000000000000000e+01,3.700000000000000000e+01
1.680080663622254610e+09,1.625600000000000000e+04,3.400000000000000000e+02,3.040000000000000000e+02,-6.450000000000000000e+02,5.600000000000000000e+01,2.400000000000000000e+01
1.680080663625850677e+09,1.614400000000000000e+04,3.080000000000000000e+02,3.480000000000000000e+02,-6.080000000000000000e+02,4.300000000000000000e+01,3.200000000000000000e+01
1.680080663629552364e+09,1.618000000000000000e+04,3.040000000000000000e+02,3.480000000000000000e+02,-6.500000000000000000e+02,6.200000000000000000e+01,6.200000000000000000e+01
1.680080663633133173e+09,1.620000000000000000e+04,3.160000000000000000e+02,9.600000000000000000e+01,-6.450000000000000000e+02,4.200000000000000000e+01,2.300000000000000000e+01
1.680080663636730433e+09,1.622800000000000000e+04,2.920000000000000000e+02,4.000000000000000000e+02,-6.370000000000000000e+02,5.300000000000000000e+01,4.600000000000000000e+01
1.680080663640593052e+09,1.619200000000000000e+04,2.440000000000000000e+02,2.880000000000000000e+02,-6.550000000000000000e+02,5.200000000000000000e+01,2.700000000000000000e+01
1.680080663644716263e+09,1.616800000000000000e+04,3.080000000000000000e+02,4.040000000000000000e+02,-6.440000000000000000e+02,4.300000000000000000e+01,2.300000000000000000e+01
1.680080663648336172e+09,1.622000000000000000e+04,2.800000000000000000e+02,4.320000000000000000e+02,-6.410000000000000000e+02,4.800000000000000000e+01,4.800000000000000000e+01
1.680080663651660204e+09,1.619600000000000000e+04,3.000000000000000000e+02,3.280000000000000000e+02,-6.380000000000000000e+02,3.600000000000000000e+01,3.600000000000000000e+01
1.680080663655406475e+09,1.616800000000000000e+04,3.560000000000000000e+02,2.160000000000000000e+02,-6.510000000000000000e+02,2.000000000000000000e+00,3.600000000000000000e+01
1.680080663659051180e+09,1.616400000000000000e+04,3.280000000000000000e+02,2.960000000000000000e+02,-6.790000000000000000e+02,6.700000000000000000e+01,1.100000000000000000e+01
1.680080663662618876e+09,1.608400000000000000e+04,2.880000000000000000e+02,2.600000000000000000e+02,-6.400000000000000000e+02,4.200000000000000000e+01,3.900000000000000000e+01
1.680080663665972471e+09,1.622400000000000000e+04,3.000000000000000000e+02,3.640000000000000000e+02,-6.640000000000000000e+02,5.300000000000000000e+01,2.700000000000000000e+01
1.680080663669738054e+09,1.615600000000000000e+04,3.760000000000000000e+02,3.000000000000000000e+02,-6.330000000000000000e+02,5.400000000000000000e+01,2.600000000000000000e+01
1.680080663673452616e+09,1.618800000000000000e+04,2.800000000000000000e+02,4.280000000000000000e+02,-6.230000000000000000e+02,6.800000000000000000e+01,2.500000000000000000e+01
1.680080663677295685e+09,1.618000000000000000e+04,3.120000000000000000e+02,5.120000000000000000e+02,-5.990000000000000000e+02,5.000000000000000000e+01,3.400000000000000000e+01
1.680080663680433750e+09,1.616400000000000000e+04,2.600000000000000000e+02,3.160000000000000000e+02,-6.450000000000000000e+02,5.000000000000000000e+01,2.300000000000000000e+01
1.680080663684698343e+09,1.626800000000000000e+04,2.680000000000000000e+02,3.960000000000000000e+02,-6.060000000000000000e+02,3.900000000000000000e+01,6.900000000000000000e+01
1.680080663688176394e+09,1.618800000000000000e+04,3.360000000000000000e+02,2.640000000000000000e+02,-6.300000000000000000e+02,8.100000000000000000e+01,4.000000000000000000e+01
1.680080663691744566e+09,1.617600000000000000e+04,3.720000000000000000e+02,4.040000000000000000e+02,-6.120000000000000000e+02,2.600000000000000000e+01,1.500000000000000000e+01
1.680080663695445776e+09,1.624000000000000000e+04,3.440000000000000000e+02,3.280000000000000000e+02,-6.220000000000000000e+02,4.600000000000000000e+01,3.300000000000000000e+01
1.680080663699018717e+09,1.612000000000000000e+04,2.680000000000000000e+02,3.080000000000000000e+02,-6.130000000000000000e+02,2.200000000000000000e+01,2.300000000000000000e+01
1.680080663702490091e+09,1.616400000000000000e+04,3.480000000000000000e+02,2.440000000000000000e+02,-6.430000000000000000e+02,5.700000000000000000e+01,1.600000000000000000e+01
1.680080663705958366e+09,1.621600000000000000e+04,2.280000000000000000e+02,2.480000000000000000e+02,-6.360000000000000000e+02,5.900000000000000000e+01,1.700000000000000000e+01
1.680080663709665537e+09,1.624800000000000000e+04,3.600000000000000000e+02,3.040000000000000000e+02,-6.460000000000000000e+02,4.800000000000000000e+01,3.900000000000000000e+01
1.680080663713286400e+09,1.622400000000000000e+04,2.720000000000000000e+02,3.000000000000000000e+02,-6.390000000000000000e+02,2.300000000000000000e+01,3.100000000000000000e+01
1.680080663716650009e+09,1.614000000000000000e+04,3.280000000000000000e+02,2.760000000000000000e+02,-6.440000000000000000e+02,2.500000000000000000e+01,3.400000000000000000e+01
1.680080663720321417e+09,1.619600000000000000e+04,2.160000000000000000e+02,3.360000000000000000e+02,-6.820000000000000000e+02,3.000000000000000000e+01,3.800000000000000000e+01
1.680080663723852873e+09,1.617600000000000000e+04,3.080000000000000000e+02,1.800000000000000000e+02,-6.690000000000000000e+02,5.300000000000000000e+01,1.000000000000000000e+00
1.680080663727829218e+09,1.618400000000000000e+04,2.760000000000000000e+02,1.920000000000000000e+02,-6.350000000000000000e+02,6.500000000000000000e+01,2.300000000000000000e+01
1.680080663731261015e+09,1.618400000000000000e+04,3.400000000000000000e+02,3.080000000000000000e+02,-6.070000000000000000e+02,5.600000000000000000e+01,2.300000000000000000e+01
1.680080663734959364e+09,1.623200000000000000e+04,3.280000000000000000e+02,3.160000000000000000e+02,-6.230000000000000000e+02,4.500000000000000000e+01,6.000000000000000000e+00
1.680080663738643169e+09,1.614400000000000000e+04,3.160000000000000000e+02,2.040000000000000000e+02,-6.330000000000000000e+02,6.600000000000000000e+01,4.500000000000000000e+01
1.680080663742022753e+09,1.622000000000000000e+04,3.320000000000000000e+02,2.320000000000000000e+02,-6.290000000000000000e+02,2.600000000000000000e+01,9.000000000000000000e+00
1.680080663745656252e+09,1.630400000000000000e+04,3.000000000000000000e+02,2.520000000000000000e+02,-6.420000000000000000e+02,5.700000000000000000e+01,3.900000000000000000e+01
1.680080663749113560e+09,1.609200000000000000e+04,2.480000000000000000e+02,3.400000000000000000e+02,-6.230000000000000000e+02,7.000000000000000000e+01,3.800000000000000000e+01
1.680080663752844572e+09,1.624400000000000000e+04,2.480000000000000000e+02,2.400000000000000000e+02,-6.030000000000000000e+02,2.400000000000000000e+01,3.700000000000000000e+01
1.680080663756430864e+09,1.616400000000000000e+04,3.000000000000000000e+02,2.080000000000000000e+02,-6.440000000000000000e+02,3.500000000000000000e+01,4.100000000000000000e+01
1.680080663759944916e+09,1.616800000000000000e+04,3.160000000000000000e+02,2.600000000000000000e+02,-6.000000000000000000e+02,4.700000000000000000e+01,2.800000000000000000e+01
1.680080663763598680e+09,1.625600000000000000e+04,3.640000000000000000e+02,3.400000000000000000e+02,-6.070000000000000000e+02,4.300000000000000000e+01,3.300000000000000000e+01
1.680080663767560005e+09,1.622800000000000000e+04,3.680000000000000000e+02,3.000000000000000000e+02,-6.300000000000000000e+02,5.600000000000000000e+01,3.300000000000000000e+01
1.680080663771150827e+09,1.616400000000000000e+04,2.760000000000000000e+02,2.560000000000000000e+02,-6.490000000000000000e+02,6.500000000000000000e+01,5.600000000000000000e+01
1.680080663774613619e+09,1.613200000000000000e+04,3.040000000000000000e+02,2.640000000000000000e+02,-6.260000000000000000e+02,2.200000000000000000e+01,4.300000000000000000e+01
1.680080663778339148e+09,1.616000000000000000e+04,3.000000000000000000e+02,4.160000000000000000e+02,-6.480000000000000000e+02,5.500000000000000000e+01,2.900000000000000000e+01
1.680080663781632185e+09,1.615600000000000000e+04,3.880000000000000000e+02,3.400000000000000000e+02,-6.580000000000000000e+02,4.400000000000000000e+01,3.500000000000000000e+01
1.680080663785517454e+09,1.622800000000000000e+04,3.400000000000000000e+02,3.000000000000000000e+02,-6.390000000000000000e+02,6.100000000000000000e+01,3.700000000000000000e+01
1.680080663789099932e+09,1.626000000000000000e+04,1.920000000000000000e+02,4.120000000000000000e+02,-6.150000000000000000e+02,5.200000000000000000e+01,4.300000000000000000e+01
1.680080663792835236e+09,1.622400000000000000e+04,3.160000000000000000e+02,3.080000000000000000e+02,-6.090000000000000000e+02,6.000000000000000000e+01,3.900000000000000000e+01
1.680080663796157360e+09,1.627200000000000000e+04,2.920000000000000000e+02,3.680000000000000000e+02,-6.160000000000000000e+02,4.100000000000000000e+01,5.300000000000000000e+01
1.680080663799803495e+09,1.617600000000000000e+04,4.160000000000000000e+02,3.840000000000000000e+02,-6.460000000000000000e+02,5.400000000000000000e+01,1.000000000000000000e+01
1.680080663803556204e+09,1.624000000000000000e+04,3.360000000000000000e+02,3.840000000000000000e+02,-6.200000000000000000e+02,5.000000000000000000e+01,4.900000000000000000e+01
1.680080663807289839e+09,1.619600000000000000e+04,2.800000000000000000e+02,2.640000000000000000e+02,-6.190000000000000000e+02,5.500000000000000000e+01,4.500000000000000000e+01
1.680080663810720921e+09,1.621600000000000000e+04,2.680000000000000000e+02,4.480000000000000000e+02,-6.220000000000000000e+02,2.100000000000000000e+01,1.300000000000000000e+01
1.680080663814422607e+09,1.626400000000000000e+04,2.600000000000000000e+02,2.120000000000000000e+02,-6.220000000000000000e+02,3.400000000000000000e+01,2.600000000000000000e+01
1.680080663817999601e+09,1.621600000000000000e+04,2.880000000000000000e+02,3.840000000000000000e+02,-6.160000000000000000e+02,4.700000000000000000e+01,1.100000000000000000e+01
1.680080663821685791e+09,1.614400000000000000e+04,1.960000000000000000e+02,3.320000000000000000e+02,-6.590000000000000000e+02,2.400000000000000000e+01,3.100000000000000000e+01
1.680080663825339556e+09,1.610400000000000000e+04,2.840000000000000000e+02,3.880000000000000000e+02,-6.440000000000000000e+02,5.800000000000000000e+01,4.600000000000000000e+01
1.680080663829092026e+09,1.626400000000000000e+04,2.960000000000000000e+02,2.160000000000000000e+02,-6.230000000000000000e+02,4.100000000000000000e+01,2.300000000000000000e+01
1.680080663832897186e+09,1.617600000000000000e+04,3.040000000000000000e+02,4.120000000000000000e+02,-6.410000000000000000e+02,4.500000000000000000e+01,3.100000000000000000e+01
1.680080663836477280e+09,1.623200000000000000e+04,2.800000000000000000e+02,1.800000000000000000e+02,-6.360000000000000000e+02,3.500000000000000000e+01,3.500000000000000000e+01
1.680080663840186834e+09,1.615200000000000000e+04,3.240000000000000000e+02,3.560000000000000000e+02,-6.170000000000000000e+02,5.900000000000000000e+01,4.900000000000000000e+01
1.680080663843858480e+09,1.617600000000000000e+04,2.240000000000000000e+02,2.160000000000000000e+02,-6.200000000000000000e+02,5.500000000000000000e+01,2.600000000000000000e+01
1.680080663847434759e+09,1.626000000000000000e+04,2.960000000000000000e+02,3.120000000000000000e+02,-6.160000000000000000e+02,3.700000000000000000e+01,3.500000000000000000e+01
1.680080663850974560e+09,1.613600000000000000e+04,3.000000000000000000e+02,4.360000000000000000e+02,-6.260000000000000000e+02,3.800000000000000000e+01,2.200000000000000000e+01
1.680080663854679108e+09,1.618800000000000000e+04,3.120000000000000000e+02,2.040000000000000000e+02,-6.210000000000000000e+02,5.200000000000000000e+01,4.900000000000000000e+01
1.680080663858026266e+09,1.622800000000000000e+04,2.520000000000000000e+02,2.200000000000000000e+02,-6.330000000000000000e+02,3.600000000000000000e+01,4.200000000000000000e+01
1.680080663861697674e+09,1.616400000000000000e+04,2.720000000000000000e+02,3.280000000000000000e+02,-6.500000000000000000e+02,3.700000000000000000e+01,4.300000000000000000e+01
1.680080663865058422e+09,1.622400000000000000e+04,3.320000000000000000e+02,2.720000000000000000e+02,-6.600000000000000000e+02,5.600000000000000000e+01,1.500000000000000000e+01
1.680080663868729830e+09,1.618400000000000000e+04,3.520000000000000000e+02,3.320000000000000000e+02,-6.270000000000000000e+02,5.300000000000000000e+01,3.700000000000000000e+01
1.680080663872278214e+09,1.618400000000000000e+04,2.560000000000000000e+02,5.320000000000000000e+02,-6.300000000000000000e+02,4.400000000000000000e+01,3.700000000000000000e+01
1.680080663875909090e+09,1.614800000000000000e+04,2.520000000000000000e+02,2.960000000000000000e+02,-6.310000000000000000e+02,6.400000000000000000e+01,6.000000000000000000e+01
1.680080663880081415e+09,1.627600000000000000e+04,2.400000000000000000e+02,2.680000000000000000e+02,-6.220000000000000000e+02,4.000000000000000000e+01,5.200000000000000000e+01
1.680080663883564234e+09,1.630000000000000000e+04,3.240000000000000000e+02,3.640000000000000000e+02,-6.030000000000000000e+02,5.200000000000000000e+01,1.500000000000000000e+01
1.680080663888305664e+09,1.624000000000000000e+04,3.640000000000000000e+02,4.200000000000000000e+02,-6.520000000000000000e+02,2.400000000000000000e+01,1.300000000000000000e+01
1.680080663891675711e+09,1.615200000000000000e+04,3.440000000000000000e+02,2.600000000000000000e+02,-6.450000000000000000e+02,2.900000000000000000e+01,3.100000000000000000e+01
1.680080663895534515e+09,1.614400000000000000e+04,2.080000000000000000e+02,4.520000000000000000e+02,-6.040000000000000000e+02,4.500000000000000000e+01,4.400000000000000000e+01
1.680080663899264097e+09,1.616000000000000000e+04,2.840000000000000000e+02,3.400000000000000000e+02,-6.500000000000000000e+02,6.100000000000000000e+01,2.100000000000000000e+01
1.680080663902757406e+09,1.614400000000000000e+04,3.280000000000000000e+02,2.840000000000000000e+02,-6.590000000000000000e+02,5.300000000000000000e+01,5.200000000000000000e+01
1.680080663906389952e+09,1.605600000000000000e+04,2.800000000000000000e+02,4.120000000000000000e+02,-6.370000000000000000e+02,6.100000000000000000e+01,2.300000000000000000e+01
1.680080663910007477e+09,1.614000000000000000e+04,3.920000000000000000e+02,3.120000000000000000e+02,-6.380000000000000000e+02,3.400000000000000000e+01,2.300000000000000000e+01
1.680080663913690090e+09,1.615200000000000000e+04,3.760000000000000000e+02,3.280000000000000000e+02,-6.410000000000000000e+02,4.900000000000000000e+01,3.800000000000000000e+01
1.680080663917324066e+09,1.625600000000000000e+04,3.840000000000000000e+02,2.880000000000000000e+02,-6.370000000000000000e+02,6.400000000000000000e+01,3.500000000000000000e+01
1.680080663920918226e+09,1.612400000000000000e+04,2.560000000000000000e+02,3.920000000000000000e+02,-6.380000000000000000e+02,5.600000000000000000e+01,3.700000000000000000e+01
1.680080663924266338e+09,1.613600000000000000e+04,2.400000000000000000e+02,3.200000000000000000e+02,-6.260000000000000000e+02,4.400000000000000000e+01,1.100000000000000000e+01
1.680080663927924633e+09,1.624800000000000000e+04,2.960000000000000000e+02,2.600000000000000000e+02,-5.990000000000000000e+02,7.700000000000000000e+01,3.900000000000000000e+01
1.680080663931557894e+09,1.612400000000000000e+04,2.760000000000000000e+02,4.120000000000000000e+02,-6.390000000000000000e+02,4.100000000000000000e+01,2.600000000000000000e+01
1.680080663935486555e+09,1.618800000000000000e+04,2.960000000000000000e+02,3.400000000000000000e+02,-6.130000000000000000e+02,5.900000000000000000e+01,4.700000000000000000e+01
1.680080663939319372e+09,1.616000000000000000e+04,2.960000000000000000e+02,3.360000000000000000e+02,-6.260000000000000000e+02,6.600000000000000000e+01,4.400000000000000000e+01
1.680080663943123817e+09,1.614800000000000000e+04,2.120000000000000000e+02,2.640000000000000000e+02,-6.110000000000000000e+02,7.200000000000000000e+01,1.200000000000000000e+01
1.680080663946541786e+09,1.614800000000000000e+04,3.200000000000000000e+02,3.240000000000000000e+02,-6.310000000000000000e+02,3.400000000000000000e+01,3.300000000000000000e+01
1.680080663949882984e+09,1.624000000000000000e+04,2.520000000000000000e+02,2.960000000000000000e+02,-6.560000000000000000e+02,4.100000000000000000e+01,2.500000000000000000e+01
1.680080663953701258e+09,1.608000000000000000e+04,2.920000000000000000e+02,3.800000000000000000e+02,-6.460000000000000000e+02,1.200000000000000000e+01,2.800000000000000000e+01
1.680080663957433939e+09,1.622000000000000000e+04,2.760000000000000000e+02,3.080000000000000000e+02,-6.710000000000000000e+02,4.900000000000000000e+01,2.900000000000000000e+01
1.680080663960971117e+09,1.620800000000000000e+04,2.680000000000000000e+02,1.680000000000000000e+02,-6.210000000000000000e+02,2.900000000000000000e+01,3.900000000000000000e+01
1.680080663964359760e+09,1.610000000000000000e+04,3.600000000000000000e+02,3.360000000000000000e+02,-6.420000000000000000e+02,3.600000000000000000e+01,3.300000000000000000e+01
1.680080663968376398e+09,1.628800000000000000e+04,3.120000000000000000e+02,4.000000000000000000e+02,-6.160000000000000000e+02,2.800000000000000000e+01,3.700000000000000000e+01
1.680080663972128153e+09,1.625600000000000000e+04,2.760000000000000000e+02,4.320000000000000000e+02,-6.200000000000000000e+02,4.600000000000000000e+01,4.800000000000000000e+01
1.680080663975951672e+09,1.611200000000000000e+04,3.560000000000000000e+02,3.000000000000000000e+02,-6.530000000000000000e+02,4.800000000000000000e+01,4.100000000000000000e+01
1.680080663979272842e+09,1.624000000000000000e+04,3.800000000000000000e+02,4.680000000000000000e+02,-6.320000000000000000e+02,3.700000000000000000e+01,1.300000000000000000e+01
1.680080663983294249e+09,1.616000000000000000e+04,4.120000000000000000e+02,3.000000000000000000e+02,-6.790000000000000000e+02,3.900000000000000000e+01,7.000000000000000000e+00
1.680080663987364531e+09,1.615200000000000000e+04,3.600000000000000000e+02,2.720000000000000000e+02,-6.410000000000000000e+02,4.400000000000000000e+01,4.300000000000000000e+01
1.680080663991122961e+09,1.619600000000000000e+04,2.320000000000000000e+02,3.560000000000000000e+02,-6.330000000000000000e+02,6.400000000000000000e+01,4.700000000000000000e+01
1.680080663994569063e+09,1.635200000000000000e+04,4.080000000000000000e+02,3.320000000000000000e+02,-6.530000000000000000e+02,6.100000000000000000e+01,3.800000000000000000e+01
1.680080663998353004e+09,1.617600000000000000e+04,3.320000000000000000e+02,2.800000000000000000e+02,-6.310000000000000000e+02,3.100000000000000000e+01,4.000000000000000000e+00
1.680080664002005100e+09,1.616400000000000000e+04,3.640000000000000000e+02,3.200000000000000000e+02,-6.370000000000000000e+02,6.500000000000000000e+01,5.600000000000000000e+01
1.680080664005664110e+09,1.608800000000000000e+04,2.160000000000000000e+02,3.960000000000000000e+02,-6.710000000000000000e+02,2.800000000000000000e+01,4.300000000000000000e+01
1.680080664009081841e+09,1.614000000000000000e+04,3.280000000000000000e+02,2.240000000000000000e+02,-6.440000000000000000e+02,7.700000000000000000e+01,1.200000000000000000e+01
1.680080664012646914e+09,1.611200000000000000e+04,3.280000000000000000e+02,2.840000000000000000e+02,-6.470000000000000000e+02,4.700000000000000000e+01,3.300000000000000000e+01
1.680080664016264915e+09,1.619600000000000000e+04,2.400000000000000000e+02,3.320000000000000000e+02,-6.340000000000000000e+02,2.100000000000000000e+01,2.500000000000000000e+01
1.680080664019957304e+09,1.619200000000000000e+04,2.520000000000000000e+02,2.840000000000000000e+02,-6.670000000000000000e+02,3.600000000000000000e+01,5.300000000000000000e+01
1.680080664023483753e+09,1.616800000000000000e+04,2.640000000000000000e+02,4.680000000000000000e+02,-6.260000000000000000e+02,3.200000000000000000e+01,3.700000000000000000e+01
1.680080664027464628e+09,1.616400000000000000e+04,2.920000000000000000e+02,3.080000000000000000e+02,-6.340000000000000000e+02,5.500000000000000000e+01,2.700000000000000000e+01
1.680080664031250715e+09,1.617200000000000000e+04,2.520000000000000000e+02,3.600000000000000000e+02,-6.390000000000000000e+02,4.900000000000000000e+01,3.000000000000000000e+01
1.680080664034748554e+09,1.620800000000000000e+04,3.440000000000000000e+02,2.600000000000000000e+02,-6.570000000000000000e+02,7.000000000000000000e+00,3.100000000000000000e+01
1.680080664038506985e+09,1.624800000000000000e+04,3.080000000000000000e+02,1.880000000000000000e+02,-6.740000000000000000e+02,7.800000000000000000e+01,3.100000000000000000e+01
1.680080664042037964e+09,1.609600000000000000e+04,3.920000000000000000e+02,3.280000000000000000e+02,-6.390000000000000000e+02,6.600000000000000000e+01,3.900000000000000000e+01
1.680080664046028852e+09,1.618800000000000000e+04,2.440000000000000000e+02,2.720000000000000000e+02,-6.080000000000000000e+02,7.500000000000000000e+01,2.900000000000000000e+01
1.680080664049711704e+09,1.612000000000000000e+04,3.200000000000000000e+02,3.600000000000000000e+02,-6.350000000000000000e+02,7.000000000000000000e+01,4.700000000000000000e+01
1.680080664053592920e+09,1.613200000000000000e+04,4.120000000000000000e+02,2.960000000000000000e+02,-6.380000000000000000e+02,3.900000000000000000e+01,4.600000000000000000e+01
1.680080664057526112e+09,1.615600000000000000e+04,4.480000000000000000e+02,2.480000000000000000e+02,-6.180000000000000000e+02,6.600000000000000000e+01,1.300000000000000000e+01
1.680080664061005116e+09,1.621600000000000000e+04,3.080000000000000000e+02,1.920000000000000000e+02,-6.400000000000000000e+02,4.300000000000000000e+01,3.000000000000000000e+01
1.680080664064652443e+09,1.620400000000000000e+04,3.000000000000000000e+02,3.440000000000000000e+02,-6.210000000000000000e+02,4.800000000000000000e+01,3.200000000000000000e+01
1.680080664068269014e+09,1.623600000000000000e+04,2.760000000000000000e+02,3.600000000000000000e+02,-6.170000000000000000e+02,7.900000000000000000e+01,3.000000000000000000e+01
1.680080664071994781e+09,1.618800000000000000e+04,3.120000000000000000e+02,3.680000000000000000e+02,-6.130000000000000000e+02,1.500000000000000000e+01,3.600000000000000000e+01
1.680080664075516224e+09,1.619200000000000000e+04,3.080000000000000000e+02,3.080000000000000000e+02,-5.900000000000000000e+02,4.500000000000000000e+01,2.800000000000000000e+01
1.680080664079125166e+09,1.610800000000000000e+04,2.600000000000000000e+02,3.480000000000000000e+02,-6.470000000000000000e+02,3.100000000000000000e+01,4.700000000000000000e+01
1.680080664082914114e+09,1.616000000000000000e+04,3.440000000000000000e+02,3.080000000000000000e+02,-6.510000000000000000e+02,3.600000000000000000e+01,2.000000000000000000e+00
1.680080664086493969e+09,1.620000000000000000e+04,3.320000000000000000e+02,3.280000000000000000e+02,-6.450000000000000000e+02,2.200000000000000000e+01,3.400000000000000000e+01
1.680080664089842319e+09,1.614400000000000000e+04,3.320000000000000000e+02,4.240000000000000000e+02,-6.380000000000000000e+02,4.000000000000000000e+01,4.100000000000000000e+01
1.680080664093795538e+09,1.617200000000000000e+04,2.960000000000000000e+02,3.600000000000000000e+02,-6.610000000000000000e+02,5.000000000000000000e+01,4.700000000000000000e+01
1.680080664097701788e+09,1.616000000000000000e+04,3.000000000000000000e+02,2.440000000000000000e+02,-6.330000000000000000e+02,3.600000000000000000e+01,4.700000000000000000e+01
1.680080664101392031e+09,1.612000000000000000e+04,3.120000000000000000e+02,2.920000000000000000e+02,-6.180000000000000000e+02,6.100000000000000000e+01,2.200000000000000000e+01
1.680080664104860067e+09,1.629600000000000000e+04,2.840000000000000000e+02,3.560000000000000000e+02,-5.980000000000000000e+02,4.700000000000000000e+01,5.400000000000000000e+01
1.680080664108408689e+09,1.621200000000000000e+04,3.800000000000000000e+02,2.280000000000000000e+02,-6.140000000000000000e+02,3.500000000000000000e+01,3.700000000000000000e+01
1.680080664112056971e+09,1.616800000000000000e+04,3.000000000000000000e+02,2.880000000000000000e+02,-6.410000000000000000e+02,5.900000000000000000e+01,3.500000000000000000e+01
1.680080664115720272e+09,1.623600000000000000e+04,3.360000000000000000e+02,2.400000000000000000e+02,-6.060000000000000000e+02,3.900000000000000000e+01,3.500000000000000000e+01
1.680080664119005203e+09,1.616000000000000000e+04,2.800000000000000000e+02,2.040000000000000000e+02,-6.300000000000000000e+02,4.900000000000000000e+01,2.000000000000000000e+01
1.680080664122929096e+09,1.616400000000000000e+04,2.160000000000000000e+02,2.760000000000000000e+02,-6.230000000000000000e+02,6.100000000000000000e+01,4.000000000000000000e+01
1.680080664126729488e+09,1.612800000000000000e+04,2.840000000000000000e+02,2.000000000000000000e+02,-6.440000000000000000e+02,4.900000000000000000e+01,1.600000000000000000e+01
1.680080664130404949e+09,1.621200000000000000e+04,2.840000000000000000e+02,2.480000000000000000e+02,-6.460000000000000000e+02,7.300000000000000000e+01,3.400000000000000000e+01
1.680080664133958817e+09,1.619600000000000000e+04,2.640000000000000000e+02,3.360000000000000000e+02,-6.470000000000000000e+02,5.800000000000000000e+01,3.000000000000000000e+01
1.680080664137528419e+09,1.612000000000000000e+04,2.800000000000000000e+02,3.680000000000000000e+02,-6.290000000000000000e+02,5.000000000000000000e+01,4.400000000000000000e+01
1.680080664141199350e+09,1.629200000000000000e+04,3.120000000000000000e+02,2.520000000000000000e+02,-6.460000000000000000e+02,4.500000000000000000e+01,5.600000000000000000e+01
1.680080664144760847e+09,1.619600000000000000e+04,3.040000000000000000e+02,3.520000000000000000e+02,-6.360000000000000000e+02,4.600000000000000000e+01,3.700000000000000000e+01
1.680080664148506403e+09,1.621600000000000000e+04,3.400000000000000000e+02,3.320000000000000000e+02,-5.980000000000000000e+02,4.300000000000000000e+01,1.900000000000000000e+01
1.680080664152808666e+09,1.614800000000000000e+04,3.640000000000000000e+02,4.760000000000000000e+02,-6.050000000000000000e+02,3.000000000000000000e+01,3.300000000000000000e+01
1.680080664156903267e+09,1.611200000000000000e+04,3.200000000000000000e+02,3.320000000000000000e+02,-6.650000000000000000e+02,3.800000000000000000e+01,2.000000000000000000e+01
1.680080664160233021e+09,1.605200000000000000e+04,2.920000000000000000e+02,4.360000000000000000e+02,-6.700000000000000000e+02,4.500000000000000000e+01,3.000000000000000000e+01
1.680080664164101362e+09,1.618400000000000000e+04,3.160000000000000000e+02,3.480000000000000000e+02,-5.910000000000000000e+02,4.600000000000000000e+01,3.600000000000000000e+01
1.680080664167895317e+09,1.618800000000000000e+04,4.160000000000000000e+02,4.480000000000000000e+02,-6.410000000000000000e+02,4.600000000000000000e+01,3.300000000000000000e+01
1.680080664171520710e+09,1.621600000000000000e+04,3.560000000000000000e+02,3.680000000000000000e+02,-6.270000000000000000e+02,4.100000000000000000e+01,1.700000000000000000e+01
1.680080664174781084e+09,1.620400000000000000e+04,3.520000000000000000e+02,2.360000000000000000e+02,-6.320000000000000000e+02,6.700000000000000000e+01,5.200000000000000000e+01
1.680080664178688049e+09,1.624800000000000000e+04,3.560000000000000000e+02,2.760000000000000000e+02,-6.440000000000000000e+02,2.600000000000000000e+01,2.400000000000000000e+01
1.680080664182354450e+09,1.616000000000000000e+04,3.160000000000000000e+02,2.600000000000000000e+02,-6.490000000000000000e+02,5.800000000000000000e+01,3.500000000000000000e+01
1.680080664186175823e+09,1.623200000000000000e+04,3.800000000000000000e+02,3.520000000000000000e+02,-6.820000000000000000e+02,3.500000000000000000e+01,2.600000000000000000e+01
1.680080664190311670e+09,1.615200000000000000e+04,3.200000000000000000e+02,3.520000000000000000e+02,-6.630000000000000000e+02,3.400000000000000000e+01,3.700000000000000000e+01
1.680080664194128036e+09,1.618800000000000000e+04,2.840000000000000000e+02,3.880000000000000000e+02,-6.430000000000000000e+02,5.600000000000000000e+01,4.100000000000000000e+01
1.680080664197703600e+09,1.618800000000000000e+04,2.760000000000000000e+02,2.640000000000000000e+02,-6.390000000000000000e+02,5.500000000000000000e+01,2.400000000000000000e+01
1.680080664201327085e+09,1.625200000000000000e+04,3.360000000000000000e+02,3.360000000000000000e+02,-6.310000000000000000e+02,5.400000000000000000e+01,5.400000000000000000e+01
1.680080664204980850e+09,1.622400000000000000e+04,1.960000000000000000e+02,4.000000000000000000e+02,-6.360000000000000000e+02,3.800000000000000000e+01,4.000000000000000000e+01
1.680080664208955288e+09,1.616800000000000000e+04,3.280000000000000000e+02,3.960000000000000000e+02,-6.470000000000000000e+02,6.300000000000000000e+01,3.800000000000000000e+01
1.680080664213044643e+09,1.611200000000000000e+04,2.400000000000000000e+02,1.800000000000000000e+02,-6.580000000000000000e+02,6.000000000000000000e+01,1.500000000000000000e+01
1.680080664216752052e+09,1.623200000000000000e+04,3.280000000000000000e+02,2.720000000000000000e+02,-6.070000000000000000e+02,5.800000000000000000e+01,6.700000000000000000e+01
1.680080664220760345e+09,1.628000000000000000e+04,3.040000000000000000e+02,1.720000000000000000e+02,-6.400000000000000000e+02,4.000000000000000000e+01,2.400000000000000000e+01
1.680080664224380970e+09,1.622400000000000000e+04,3.280000000000000000e+02,2.520000000000000000e+02,-6.690000000000000000e+02,3.100000000000000000e+01,3.400000000000000000e+01
1.680080664228266239e+09,1.613200000000000000e+04,3.280000000000000000e+02,3.080000000000000000e+02,-6.130000000000000000e+02,1.300000000000000000e+01,3.000000000000000000e+01
1.680080664231816530e+09,1.617200000000000000e+04,3.320000000000000000e+02,2.040000000000000000e+02,-6.140000000000000000e+02,6.300000000000000000e+01,3.800000000000000000e+01
1.680080664235455751e+09,1.617200000000000000e+04,2.280000000000000000e+02,2.400000000000000000e+02,-6.290000000000000000e+02,3.900000000000000000e+01,3.100000000000000000e+01
1.680080664237183571e+09,1.615600000000000000e+04,3.960000000000000000e+02,3.160000000000000000e+02,-6.390000000000000000e+02,3.500000000000000000e+01,2.900000000000000000e+01
1.680080664240824461e+09,1.620800000000000000e+04,2.160000000000000000e+02,2.760000000000000000e+02,-6.450000000000000000e+02,4.500000000000000000e+01,3.400000000000000000e+01
1.680080664242534637e+09,1.619600000000000000e+04,2.360000000000000000e+02,2.920000000000000000e+02,-6.290000000000000000e+02,3.700000000000000000e+01,3.800000000000000000e+01
1.680080664246259928e+09,1.610000000000000000e+04,2.760000000000000000e+02,2.400000000000000000e+02,-6.380000000000000000e+02,4.500000000000000000e+01,3.200000000000000000e+01
1.680080664247832298e+09,1.610400000000000000e+04,3.000000000000000000e+02,1.480000000000000000e+02,-6.380000000000000000e+02,5.300000000000000000e+01,4.700000000000000000e+01
1.680080664251824617e+09,1.617600000000000000e+04,3.080000000000000000e+02,1.560000000000000000e+02,-6.300000000000000000e+02,4.200000000000000000e+01,3.600000000000000000e+01
1.680080664253265381e+09,1.611200000000000000e+04,3.200000000000000000e+02,3.560000000000000000e+02,-6.220000000000000000e+02,5.100000000000000000e+01,5.000000000000000000e+01
1.680080664256913662e+09,1.622800000000000000e+04,3.840000000000000000e+02,2.840000000000000000e+02,-6.630000000000000000e+02,3.700000000000000000e+01,1.200000000000000000e+01
1.680080664258364201e+09,1.626800000000000000e+04,2.480000000000000000e+02,3.520000000000000000e+02,-6.120000000000000000e+02,3.200000000000000000e+01,2.100000000000000000e+01
1.680080664262159824e+09,1.619600000000000000e+04,2.840000000000000000e+02,1.760000000000000000e+02,-6.310000000000000000e+02,5.400000000000000000e+01,5.300000000000000000e+01
1.680080664263716698e+09,1.614000000000000000e+04,3.520000000000000000e+02,3.440000000000000000e+02,-6.330000000000000000e+02,6.500000000000000000e+01,5.100000000000000000e+01
1.680080664267298698e+09,1.619200000000000000e+04,3.240000000000000000e+02,4.080000000000000000e+02,-6.460000000000000000e+02,5.600000000000000000e+01,2.200000000000000000e+01
1.680080664268858671e+09,1.624400000000000000e+04,3.120000000000000000e+02,4.120000000000000000e+02,-6.600000000000000000e+02,2.800000000000000000e+01,2.400000000000000000e+01
1.680080664272688389e+09,1.616000000000000000e+04,3.720000000000000000e+02,3.880000000000000000e+02,-6.230000000000000000e+02,1.400000000000000000e+01,3.500000000000000000e+01
1.680080664274219990e+09,1.618800000000000000e+04,3.440000000000000000e+02,2.720000000000000000e+02,-6.440000000000000000e+02,3.700000000000000000e+01,4.200000000000000000e+01
1.680080664278090715e+09,1.614400000000000000e+04,2.640000000000000000e+02,4.200000000000000000e+02,-6.390000000000000000e+02,5.900000000000000000e+01,2.900000000000000000e+01
1.680080664279833078e+09,1.618000000000000000e+04,1.640000000000000000e+02,2.800000000000000000e+02,-6.230000000000000000e+02,3.700000000000000000e+01,3.800000000000000000e+01
1.680080664283437014e+09,1.622000000000000000e+04,3.720000000000000000e+02,3.720000000000000000e+02,-6.490000000000000000e+02,3.700000000000000000e+01,4.000000000000000000e+01
1.680080664284960508e+09,1.611200000000000000e+04,3.480000000000000000e+02,1.640000000000000000e+02,-6.430000000000000000e+02,5.200000000000000000e+01,1.300000000000000000e+01
1.680080664288615942e+09,1.617600000000000000e+04,4.120000000000000000e+02,3.880000000000000000e+02,-5.970000000000000000e+02,5.600000000000000000e+01,5.500000000000000000e+01
1.680080664292268038e+09,1.624000000000000000e+04,2.720000000000000000e+02,3.000000000000000000e+02,-6.550000000000000000e+02,5.800000000000000000e+01,1.700000000000000000e+01
1.680080664295671701e+09,1.614800000000000000e+04,2.160000000000000000e+02,3.080000000000000000e+02,-6.280000000000000000e+02,5.300000000000000000e+01,3.200000000000000000e+01
1.680080664299333572e+09,1.618400000000000000e+04,3.240000000000000000e+02,3.520000000000000000e+02,-6.220000000000000000e+02,6.900000000000000000e+01,4.900000000000000000e+01
1.680080664302897930e+09,1.618000000000000000e+04,3.400000000000000000e+02,4.440000000000000000e+02,-6.090000000000000000e+02,4.400000000000000000e+01,1.200000000000000000e+01
1.680080664306633234e+09,1.624000000000000000e+04,3.480000000000000000e+02,3.440000000000000000e+02,-6.200000000000000000e+02,3.900000000000000000e+01,3.200000000000000000e+01
1.680080664310085058e+09,1.615600000000000000e+04,3.000000000000000000e+02,2.600000000000000000e+02,-6.270000000000000000e+02,6.000000000000000000e+01,2.700000000000000000e+01
1.680080664314072371e+09,1.624800000000000000e+04,2.240000000000000000e+02,3.440000000000000000e+02,-6.130000000000000000e+02,6.900000000000000000e+01,1.600000000000000000e+01
1.680080664317654371e+09,1.622400000000000000e+04,3.560000000000000000e+02,2.920000000000000000e+02,-6.400000000000000000e+02,4.900000000000000000e+01,3.500000000000000000e+01
1.680080664321072102e+09,1.608400000000000000e+04,3.280000000000000000e+02,3.320000000000000000e+02,-6.170000000000000000e+02,2.900000000000000000e+01,1.700000000000000000e+01
1.680080664324750662e+09,1.625200000000000000e+04,3.600000000000000000e+02,3.640000000000000000e+02,-6.270000000000000000e+02,6.700000000000000000e+01,3.400000000000000000e+01
1.680080664328518867e+09,1.610400000000000000e+04,3.200000000000000000e+02,3.240000000000000000e+02,-6.320000000000000000e+02,7.300000000000000000e+01,2.800000000000000000e+01
1.680080664332262516e+09,1.626400000000000000e+04,3.000000000000000000e+02,2.880000000000000000e+02,-6.450000000000000000e+02,2.500000000000000000e+01,1.300000000000000000e+01
1.680080664335727692e+09,1.614800000000000000e+04,2.760000000000000000e+02,3.200000000000000000e+02,-6.230000000000000000e+02,3.700000000000000000e+01,4.400000000000000000e+01
1.680080664339463472e+09,1.622000000000000000e+04,3.360000000000000000e+02,2.840000000000000000e+02,-6.710000000000000000e+02,4.900000000000000000e+01,1.200000000000000000e+01
1.680080664342995405e+09,1.630000000000000000e+04,2.560000000000000000e+02,2.800000000000000000e+02,-6.180000000000000000e+02,5.200000000000000000e+01,3.100000000000000000e+01
1.680080664346600771e+09,1.623200000000000000e+04,2.040000000000000000e+02,1.880000000000000000e+02,-6.380000000000000000e+02,7.400000000000000000e+01,1.700000000000000000e+01
1.680080664350160360e+09,1.616400000000000000e+04,2.920000000000000000e+02,2.880000000000000000e+02,-6.150000000000000000e+02,3.000000000000000000e+01,5.000000000000000000e+01
1.680080664353971481e+09,1.617200000000000000e+04,3.480000000000000000e+02,5.280000000000000000e+02,-6.350000000000000000e+02,6.300000000000000000e+01,3.000000000000000000e+01
1.680080664357685566e+09,1.624800000000000000e+04,2.480000000000000000e+02,2.880000000000000000e+02,-6.150000000000000000e+02,3.300000000000000000e+01,4.500000000000000000e+01
1.680080664361124754e+09,1.608400000000000000e+04,3.480000000000000000e+02,1.960000000000000000e+02,-6.170000000000000000e+02,4.000000000000000000e+01,3.400000000000000000e+01
1.680080664365417480e+09,1.623200000000000000e+04,2.920000000000000000e+02,3.480000000000000000e+02,-6.320000000000000000e+02,4.800000000000000000e+01,2.800000000000000000e+01
1.680080664369197845e+09,1.623200000000000000e+04,3.440000000000000000e+02,2.320000000000000000e+02,-6.580000000000000000e+02,4.800000000000000000e+01,1.600000000000000000e+01
1.680080664372793913e+09,1.619200000000000000e+04,2.000000000000000000e+02,2.360000000000000000e+02,-6.720000000000000000e+02,3.900000000000000000e+01,4.100000000000000000e+01
1.680080664376289129e+09,1.616400000000000000e+04,3.360000000000000000e+02,3.320000000000000000e+02,-6.620000000000000000e+02,4.200000000000000000e+01,9.000000000000000000e+00
1.680080664379929304e+09,1.606000000000000000e+04,3.240000000000000000e+02,4.920000000000000000e+02,-6.210000000000000000e+02,4.000000000000000000e+01,2.800000000000000000e+01
1.680080664383596659e+09,1.619600000000000000e+04,3.240000000000000000e+02,4.160000000000000000e+02,-6.240000000000000000e+02,3.400000000000000000e+01,3.900000000000000000e+01
1.680080664387401581e+09,1.620800000000000000e+04,2.560000000000000000e+02,3.400000000000000000e+02,-6.470000000000000000e+02,8.900000000000000000e+01,2.800000000000000000e+01
1.680080664390989304e+09,1.614800000000000000e+04,2.600000000000000000e+02,3.160000000000000000e+02,-6.330000000000000000e+02,6.600000000000000000e+01,3.900000000000000000e+01
1.680080664394604206e+09,1.615600000000000000e+04,3.120000000000000000e+02,2.960000000000000000e+02,-6.000000000000000000e+02,3.900000000000000000e+01,1.200000000000000000e+01
1.680080664398276567e+09,1.621200000000000000e+04,2.840000000000000000e+02,3.400000000000000000e+02,-6.290000000000000000e+02,3.500000000000000000e+01,4.100000000000000000e+01
1.680080664401816368e+09,1.623200000000000000e+04,3.600000000000000000e+02,3.120000000000000000e+02,-6.240000000000000000e+02,4.800000000000000000e+01,1.200000000000000000e+01
1.680080664405507326e+09,1.614000000000000000e+04,3.360000000000000000e+02,3.120000000000000000e+02,-6.550000000000000000e+02,7.100000000000000000e+01,1.700000000000000000e+01
1.680080664409500599e+09,1.610800000000000000e+04,3.240000000000000000e+02,1.240000000000000000e+02,-6.660000000000000000e+02,1.300000000000000000e+01,4.000000000000000000e+01
1.680080664413254738e+09,1.624000000000000000e+04,3.880000000000000000e+02,2.960000000000000000e+02,-6.720000000000000000e+02,5.800000000000000000e+01,-5.000000000000000000e+00
1.680080664417019367e+09,1.619600000000000000e+04,3.320000000000000000e+02,4.320000000000000000e+02,-6.390000000000000000e+02,2.900000000000000000e+01,4.200000000000000000e+01
1.680080664420978785e+09,1.622800000000000000e+04,3.080000000000000000e+02,2.360000000000000000e+02,-6.280000000000000000e+02,5.200000000000000000e+01,3.300000000000000000e+01
1.680080664424575567e+09,1.616800000000000000e+04,2.880000000000000000e+02,3.160000000000000000e+02,-6.170000000000000000e+02,6.900000000000000000e+01,2.000000000000000000e+01
1.680080664428441048e+09,1.619600000000000000e+04,2.920000000000000000e+02,3.360000000000000000e+02,-6.530000000000000000e+02,5.000000000000000000e+01,3.400000000000000000e+01
1.680080664431822300e+09,1.626400000000000000e+04,3.960000000000000000e+02,4.040000000000000000e+02,-6.430000000000000000e+02,5.000000000000000000e+01,3.400000000000000000e+01
1.680080664435548067e+09,1.622000000000000000e+04,3.280000000000000000e+02,3.680000000000000000e+02,-6.510000000000000000e+02,2.600000000000000000e+01,4.000000000000000000e+01
1.680080664439229488e+09,1.620400000000000000e+04,3.800000000000000000e+02,4.120000000000000000e+02,-6.540000000000000000e+02,1.600000000000000000e+01,5.100000000000000000e+01
1.680080664442679405e+09,1.623600000000000000e+04,3.480000000000000000e+02,3.200000000000000000e+02,-6.610000000000000000e+02,4.900000000000000000e+01,2.200000000000000000e+01
1.680080664446367264e+09,1.624000000000000000e+04,3.160000000000000000e+02,2.360000000000000000e+02,-6.450000000000000000e+02,2.800000000000000000e+01,2.900000000000000000e+01
1.680080664449769497e+09,1.612400000000000000e+04,2.400000000000000000e+02,2.160000000000000000e+02,-6.570000000000000000e+02,6.600000000000000000e+01,3.600000000000000000e+01
1.680080664453219414e+09,1.614800000000000000e+04,4.280000000000000000e+02,1.960000000000000000e+02,-6.400000000000000000e+02,3.700000000000000000e+01,3.900000000000000000e+01
1.680080664456982851e+09,1.618000000000000000e+04,2.920000000000000000e+02,1.880000000000000000e+02,-6.260000000000000000e+02,6.200000000000000000e+01,8.000000000000000000e+00
1.680080664460580111e+09,1.616000000000000000e+04,3.440000000000000000e+02,3.520000000000000000e+02,-6.420000000000000000e+02,6.400000000000000000e+01,3.400000000000000000e+01
1.680080664464053869e+09,1.606000000000000000e+04,3.640000000000000000e+02,3.280000000000000000e+02,-6.340000000000000000e+02,2.300000000000000000e+01,3.300000000000000000e+01
1.680080664467987299e+09,1.617200000000000000e+04,2.920000000000000000e+02,2.600000000000000000e+02,-6.430000000000000000e+02,7.900000000000000000e+01,3.900000000000000000e+01
1.680080664472184181e+09,1.619200000000000000e+04,2.760000000000000000e+02,3.880000000000000000e+02,-6.600000000000000000e+02,3.000000000000000000e+01,5.300000000000000000e+01
1.680080664478060007e+09,1.611600000000000000e+04,2.440000000000000000e+02,3.080000000000000000e+02,-6.460000000000000000e+02,4.300000000000000000e+01,3.800000000000000000e+01
1.680080664481389999e+09,1.608800000000000000e+04,3.000000000000000000e+02,3.920000000000000000e+02,-6.310000000000000000e+02,1.300000000000000000e+01,5.100000000000000000e+01
1.680080664484657764e+09,1.614400000000000000e+04,3.040000000000000000e+02,3.080000000000000000e+02,-6.410000000000000000e+02,3.400000000000000000e+01,5.300000000000000000e+01
1.680080664488202810e+09,1.618400000000000000e+04,3.600000000000000000e+02,2.120000000000000000e+02,-6.580000000000000000e+02,4.900000000000000000e+01,2.200000000000000000e+01
1.680080664491745710e+09,1.618400000000000000e+04,3.080000000000000000e+02,3.000000000000000000e+02,-6.450000000000000000e+02,4.500000000000000000e+01,4.200000000000000000e+01
1.680080664495173931e+09,1.613600000000000000e+04,3.080000000000000000e+02,2.480000000000000000e+02,-6.570000000000000000e+02,3.700000000000000000e+01,2.400000000000000000e+01
1.680080664498947382e+09,1.608000000000000000e+04,3.600000000000000000e+02,2.560000000000000000e+02,-6.640000000000000000e+02,3.700000000000000000e+01,2.000000000000000000e+01
1.680080664502519369e+09,1.616400000000000000e+04,2.280000000000000000e+02,3.280000000000000000e+02,-6.050000000000000000e+02,5.900000000000000000e+01,3.200000000000000000e+01
1.680080664505916119e+09,1.616400000000000000e+04,3.320000000000000000e+02,2.240000000000000000e+02,-6.380000000000000000e+02,4.400000000000000000e+01,3.900000000000000000e+01
1.680080664509796619e+09,1.619600000000000000e+04,2.440000000000000000e+02,4.040000000000000000e+02,-6.610000000000000000e+02,3.100000000000000000e+01,2.100000000000000000e+01
1.680080664513400078e+09,1.615600000000000000e+04,3.640000000000000000e+02,3.240000000000000000e+02,-6.840000000000000000e+02,5.600000000000000000e+01,3.400000000000000000e+01
1.680080664517012596e+09,1.620800000000000000e+04,2.840000000000000000e+02,1.680000000000000000e+02,-6.310000000000000000e+02,5.300000000000000000e+01,4.000000000000000000e+01
1.680080664520730257e+09,1.621600000000000000e+04,2.080000000000000000e+02,3.680000000000000000e+02,-6.400000000000000000e+02,3.900000000000000000e+01,1.800000000000000000e+01
1.680080664524199009e+09,1.632000000000000000e+04,2.960000000000000000e+02,3.400000000000000000e+02,-6.500000000000000000e+02,7.900000000000000000e+01,2.900000000000000000e+01
1.680080664528095007e+09,1.630800000000000000e+04,3.360000000000000000e+02,2.760000000000000000e+02,-6.220000000000000000e+02,6.400000000000000000e+01,4.000000000000000000e+00
1.680080664532135248e+09,1.609600000000000000e+04,2.280000000000000000e+02,2.920000000000000000e+02,-6.500000000000000000e+02,5.200000000000000000e+01,3.600000000000000000e+01
1.680080664535718203e+09,1.624800000000000000e+04,2.840000000000000000e+02,2.040000000000000000e+02,-6.430000000000000000e+02,6.200000000000000000e+01,2.900000000000000000e+01
1.680080664539314747e+09,1.612000000000000000e+04,2.560000000000000000e+02,2.960000000000000000e+02,-6.520000000000000000e+02,4.000000000000000000e+01,4.700000000000000000e+01
1.680080664543154478e+09,1.621200000000000000e+04,2.920000000000000000e+02,4.200000000000000000e+02,-6.830000000000000000e+02,3.100000000000000000e+01,4.000000000000000000e+01
1.680080664547243118e+09,1.603200000000000000e+04,3.520000000000000000e+02,2.400000000000000000e+02,-6.330000000000000000e+02,7.000000000000000000e+01,4.200000000000000000e+01
1.680080664551013470e+09,1.621200000000000000e+04,3.440000000000000000e+02,2.160000000000000000e+02,-6.420000000000000000e+02,5.300000000000000000e+01,4.000000000000000000e+01
1.680080664555490732e+09,1.624000000000000000e+04,3.440000000000000000e+02,4.000000000000000000e+02,-6.400000000000000000e+02,5.500000000000000000e+01,2.700000000000000000e+01
1.680080664558880568e+09,1.617200000000000000e+04,2.040000000000000000e+02,3.000000000000000000e+02,-6.130000000000000000e+02,5.500000000000000000e+01,2.200000000000000000e+01
1.680080664562590122e+09,1.623200000000000000e+04,3.240000000000000000e+02,4.240000000000000000e+02,-6.380000000000000000e+02,5.800000000000000000e+01,2.400000000000000000e+01
1.680080664567498922e+09,1.618000000000000000e+04,2.680000000000000000e+02,3.480000000000000000e+02,-6.420000000000000000e+02,3.300000000000000000e+01,5.200000000000000000e+01
1.680080664571211815e+09,1.619600000000000000e+04,3.120000000000000000e+02,3.400000000000000000e+02,-6.210000000000000000e+02,1.900000000000000000e+01,3.000000000000000000e+01
1.680080664574685097e+09,1.616800000000000000e+04,2.760000000000000000e+02,2.360000000000000000e+02,-6.720000000000000000e+02,1.400000000000000000e+01,3.100000000000000000e+01
1.680080664578649998e+09,1.626400000000000000e+04,2.720000000000000000e+02,2.880000000000000000e+02,-6.760000000000000000e+02,4.300000000000000000e+01,2.700000000000000000e+01
1.680080664582243681e+09,1.617600000000000000e+04,2.800000000000000000e+02,3.360000000000000000e+02,-6.230000000000000000e+02,3.700000000000000000e+01,2.800000000000000000e+01
1.680080664586021185e+09,1.622800000000000000e+04,3.360000000000000000e+02,3.280000000000000000e+02,-5.960000000000000000e+02,4.000000000000000000e+01,4.900000000000000000e+01
1.680080664589461803e+09,1.620000000000000000e+04,2.840000000000000000e+02,2.240000000000000000e+02,-6.180000000000000000e+02,4.800000000000000000e+01,4.700000000000000000e+01
1.680080664593181372e+09,1.626000000000000000e+04,3.640000000000000000e+02,2.160000000000000000e+02,-6.210000000000000000e+02,6.100000000000000000e+01,2.300000000000000000e+01
1.680080664596859217e+09,1.618400000000000000e+04,3.160000000000000000e+02,2.960000000000000000e+02,-6.560000000000000000e+02,5.800000000000000000e+01,2.700000000000000000e+01
1.680080664600198746e+09,1.628800000000000000e+04,3.400000000000000000e+02,2.120000000000000000e+02,-6.430000000000000000e+02,3.600000000000000000e+01,3.000000000000000000e+01
1.680080664603921652e+09,1.615600000000000000e+04,3.120000000000000000e+02,3.240000000000000000e+02,-6.480000000000000000e+02,6.400000000000000000e+01,3.000000000000000000e+01
1.680080664607402086e+09,1.628400000000000000e+04,3.000000000000000000e+02,3.360000000000000000e+02,-6.200000000000000000e+02,8.600000000000000000e+01,3.600000000000000000e+01
1.680080664610898018e+09,1.635600000000000000e+04,3.600000000000000000e+02,4.080000000000000000e+02,-6.240000000000000000e+02,3.700000000000000000e+01,5.400000000000000000e+01
1.680080664614160299e+09,1.618400000000000000e+04,3.360000000000000000e+02,4.120000000000000000e+02,-6.060000000000000000e+02,1.800000000000000000e+01,2.700000000000000000e+01
1.680080664618329287e+09,1.623200000000000000e+04,3.240000000000000000e+02,4.000000000000000000e+02,-6.740000000000000000e+02,3.700000000000000000e+01,3.700000000000000000e+01
1.680080664621867180e+09,1.629600000000000000e+04,3.600000000000000000e+02,4.480000000000000000e+02,-6.120000000000000000e+02,6.200000000000000000e+01,3.600000000000000000e+01
1.680080664625407934e+09,1.615200000000000000e+04,3.440000000000000000e+02,3.960000000000000000e+02,-5.930000000000000000e+02,3.100000000000000000e+01,3.700000000000000000e+01
1.680080664629149437e+09,1.616400000000000000e+04,3.080000000000000000e+02,1.680000000000000000e+02,-6.610000000000000000e+02,2.600000000000000000e+01,3.600000000000000000e+01
1.680080664632729769e+09,1.612800000000000000e+04,3.520000000000000000e+02,3.040000000000000000e+02,-6.270000000000000000e+02,6.100000000000000000e+01,3.800000000000000000e+01
1.680080664636422634e+09,1.618800000000000000e+04,3.200000000000000000e+02,2.680000000000000000e+02,-6.190000000000000000e+02,4.500000000000000000e+01,2.700000000000000000e+01
1.680080664639949083e+09,1.613200000000000000e+04,3.160000000000000000e+02,2.520000000000000000e+02,-6.650000000000000000e+02,5.700000000000000000e+01,3.600000000000000000e+01
1.680080664644002199e+09,1.618400000000000000e+04,3.560000000000000000e+02,3.280000000000000000e+02,-6.400000000000000000e+02,6.500000000000000000e+01,5.300000000000000000e+01
1.680080664647638798e+09,1.617600000000000000e+04,2.920000000000000000e+02,2.760000000000000000e+02,-6.180000000000000000e+02,4.900000000000000000e+01,1.700000000000000000e+01
1.680080664651317358e+09,1.619200000000000000e+04,3.120000000000000000e+02,3.120000000000000000e+02,-6.420000000000000000e+02,2.700000000000000000e+01,3.600000000000000000e+01
1.680080664654747486e+09,1.618800000000000000e+04,3.120000000000000000e+02,4.120000000000000000e+02,-6.670000000000000000e+02,4.000000000000000000e+01,1.600000000000000000e+01
1.680080664658357859e+09,1.607200000000000000e+04,3.040000000000000000e+02,2.840000000000000000e+02,-6.630000000000000000e+02,4.500000000000000000e+01,3.800000000000000000e+01
1.680080664662362814e+09,1.626800000000000000e+04,2.880000000000000000e+02,2.600000000000000000e+02,-6.550000000000000000e+02,5.900000000000000000e+01,1.700000000000000000e+01
1.680080664665747643e+09,1.620800000000000000e+04,3.720000000000000000e+02,3.360000000000000000e+02,-6.610000000000000000e+02,4.700000000000000000e+01,2.900000000000000000e+01
1.680080664669420719e+09,1.626400000000000000e+04,2.960000000000000000e+02,4.240000000000000000e+02,-6.520000000000000000e+02,6.100000000000000000e+01,4.300000000000000000e+01
1.680080664672857046e+09,1.622800000000000000e+04,2.600000000000000000e+02,3.600000000000000000e+02,-6.500000000000000000e+02,6.100000000000000000e+01,5.500000000000000000e+01
1.680080664677299738e+09,1.606400000000000000e+04,3.600000000000000000e+02,3.760000000000000000e+02,-5.950000000000000000e+02,3.800000000000000000e+01,1.300000000000000000e+01
1.680080664680691242e+09,1.615200000000000000e+04,3.440000000000000000e+02,4.120000000000000000e+02,-6.330000000000000000e+02,5.600000000000000000e+01,3.200000000000000000e+01
1.680080664684408426e+09,1.618000000000000000e+04,3.120000000000000000e+02,2.280000000000000000e+02,-6.130000000000000000e+02,5.700000000000000000e+01,1.400000000000000000e+01
1.680080664688620567e+09,1.624800000000000000e+04,3.520000000000000000e+02,3.400000000000000000e+02,-6.360000000000000000e+02,5.200000000000000000e+01,3.500000000000000000e+01
1.680080664692274332e+09,1.614000000000000000e+04,3.680000000000000000e+02,2.560000000000000000e+02,-6.190000000000000000e+02,4.100000000000000000e+01,1.600000000000000000e+01
1.680080664695812702e+09,1.627200000000000000e+04,3.760000000000000000e+02,3.360000000000000000e+02,-6.450000000000000000e+02,3.700000000000000000e+01,3.700000000000000000e+01
1.680080664699592352e+09,1.612400000000000000e+04,3.560000000000000000e+02,2.880000000000000000e+02,-6.230000000000000000e+02,3.600000000000000000e+01,3.600000000000000000e+01
1.680080664703135490e+09,1.615600000000000000e+04,2.920000000000000000e+02,3.440000000000000000e+02,-6.690000000000000000e+02,4.600000000000000000e+01,3.400000000000000000e+01
1.680080664706861258e+09,1.616400000000000000e+04,3.320000000000000000e+02,2.320000000000000000e+02,-6.390000000000000000e+02,7.300000000000000000e+01,2.200000000000000000e+01
1.680080664710296869e+09,1.622000000000000000e+04,3.440000000000000000e+02,2.320000000000000000e+02,-6.160000000000000000e+02,5.400000000000000000e+01,3.800000000000000000e+01
1.680080664714117050e+09,1.618800000000000000e+04,3.640000000000000000e+02,3.880000000000000000e+02,-6.180000000000000000e+02,5.000000000000000000e+01,3.700000000000000000e+01
1.680080664717743874e+09,1.617200000000000000e+04,2.800000000000000000e+02,1.880000000000000000e+02,-6.270000000000000000e+02,5.100000000000000000e+01,2.400000000000000000e+01
1.680080664721520185e+09,1.615200000000000000e+04,3.840000000000000000e+02,3.280000000000000000e+02,-6.450000000000000000e+02,4.600000000000000000e+01,4.400000000000000000e+01
1.680080664725066423e+09,1.633200000000000000e+04,3.720000000000000000e+02,3.520000000000000000e+02,-6.430000000000000000e+02,5.500000000000000000e+01,4.300000000000000000e+01
1.680080664728693962e+09,1.620800000000000000e+04,3.200000000000000000e+02,2.600000000000000000e+02,-6.630000000000000000e+02,2.800000000000000000e+01,2.900000000000000000e+01
1.680080664732266426e+09,1.613200000000000000e+04,2.920000000000000000e+02,3.160000000000000000e+02,-6.560000000000000000e+02,3.900000000000000000e+01,4.100000000000000000e+01
1.680080664736083746e+09,1.617600000000000000e+04,3.240000000000000000e+02,4.240000000000000000e+02,-6.390000000000000000e+02,5.600000000000000000e+01,4.400000000000000000e+01
1.680080664739380836e+09,1.612400000000000000e+04,3.560000000000000000e+02,3.680000000000000000e+02,-6.200000000000000000e+02,6.500000000000000000e+01,1.800000000000000000e+01
1.680080664743113279e+09,1.615600000000000000e+04,2.840000000000000000e+02,3.560000000000000000e+02,-6.600000000000000000e+02,1.000000000000000000e+01,4.200000000000000000e+01
1.680080664746486902e+09,1.615200000000000000e+04,3.480000000000000000e+02,3.200000000000000000e+02,-6.690000000000000000e+02,5.600000000000000000e+01,1.400000000000000000e+01
1.680080664750132322e+09,1.626400000000000000e+04,3.240000000000000000e+02,3.280000000000000000e+02,-6.490000000000000000e+02,5.400000000000000000e+01,4.200000000000000000e+01
1.680080664753820658e+09,1.620400000000000000e+04,1.760000000000000000e+02,2.640000000000000000e+02,-6.320000000000000000e+02,2.600000000000000000e+01,4.500000000000000000e+01
1.680080664757568359e+09,1.622800000000000000e+04,3.120000000000000000e+02,2.560000000000000000e+02,-6.770000000000000000e+02,4.300000000000000000e+01,4.500000000000000000e+01
1.680080664761086941e+09,1.618000000000000000e+04,3.920000000000000000e+02,3.280000000000000000e+02,-6.520000000000000000e+02,3.200000000000000000e+01,3.900000000000000000e+01
1.680080664764551878e+09,1.616800000000000000e+04,3.160000000000000000e+02,3.160000000000000000e+02,-6.300000000000000000e+02,5.600000000000000000e+01,3.400000000000000000e+01
1.680080664768116236e+09,1.620800000000000000e+04,3.200000000000000000e+02,3.120000000000000000e+02,-6.310000000000000000e+02,1.500000000000000000e+01,4.200000000000000000e+01
1.680080664771758795e+09,1.608000000000000000e+04,3.280000000000000000e+02,3.200000000000000000e+02,-6.480000000000000000e+02,2.300000000000000000e+01,9.000000000000000000e+00
1.680080664775373459e+09,1.627600000000000000e+04,3.080000000000000000e+02,2.520000000000000000e+02,-6.360000000000000000e+02,3.500000000000000000e+01,4.100000000000000000e+01
1.680080664779007196e+09,1.622000000000000000e+04,2.760000000000000000e+02,2.360000000000000000e+02,-6.310000000000000000e+02,6.200000000000000000e+01,6.800000000000000000e+01
1.680080664782768965e+09,1.615200000000000000e+04,3.120000000000000000e+02,1.080000000000000000e+02,-6.400000000000000000e+02,4.600000000000000000e+01,3.300000000000000000e+01
1.680080664786314487e+09,1.622800000000000000e+04,2.400000000000000000e+02,3.360000000000000000e+02,-6.250000000000000000e+02,5.800000000000000000e+01,3.000000000000000000e+01
1.680080664789810181e+09,1.617600000000000000e+04,4.040000000000000000e+02,3.000000000000000000e+02,-5.930000000000000000e+02,7.000000000000000000e+01,4.000000000000000000e+01
1.680080664793785334e+09,1.624800000000000000e+04,2.320000000000000000e+02,2.200000000000000000e+02,-6.230000000000000000e+02,3.100000000000000000e+01,2.700000000000000000e+01
1.680080664797186613e+09,1.616800000000000000e+04,2.840000000000000000e+02,3.880000000000000000e+02,-6.250000000000000000e+02,4.000000000000000000e+01,5.000000000000000000e+01
1.680080664800778151e+09,1.612000000000000000e+04,2.640000000000000000e+02,1.560000000000000000e+02,-6.440000000000000000e+02,4.100000000000000000e+01,4.100000000000000000e+01
1.680080664804186344e+09,1.625600000000000000e+04,2.600000000000000000e+02,3.560000000000000000e+02,-6.500000000000000000e+02,5.200000000000000000e+01,2.100000000000000000e+01
1.680080664808050632e+09,1.624800000000000000e+04,3.440000000000000000e+02,2.280000000000000000e+02,-6.080000000000000000e+02,3.400000000000000000e+01,3.700000000000000000e+01
1.680080664811552763e+09,1.622000000000000000e+04,3.400000000000000000e+02,1.720000000000000000e+02,-6.350000000000000000e+02,4.900000000000000000e+01,2.700000000000000000e+01
1.680080664815354347e+09,1.619600000000000000e+04,3.120000000000000000e+02,2.880000000000000000e+02,-6.310000000000000000e+02,6.800000000000000000e+01,4.700000000000000000e+01
1.680080664818776369e+09,1.620000000000000000e+04,2.560000000000000000e+02,3.720000000000000000e+02,-6.450000000000000000e+02,1.500000000000000000e+01,3.600000000000000000e+01
1.680080664822346926e+09,1.619200000000000000e+04,3.560000000000000000e+02,2.480000000000000000e+02,-6.440000000000000000e+02,6.000000000000000000e+01,4.700000000000000000e+01
1.680080664825695753e+09,1.616400000000000000e+04,3.120000000000000000e+02,3.640000000000000000e+02,-6.490000000000000000e+02,2.600000000000000000e+01,5.900000000000000000e+01
1.680080664829564095e+09,1.613200000000000000e+04,2.400000000000000000e+02,2.080000000000000000e+02,-6.600000000000000000e+02,3.100000000000000000e+01,4.300000000000000000e+01
1.680080664833130836e+09,1.619600000000000000e+04,3.520000000000000000e+02,3.560000000000000000e+02,-6.320000000000000000e+02,2.900000000000000000e+01,4.200000000000000000e+01
1.680080664835012674e+09,1.620800000000000000e+04,3.400000000000000000e+02,3.520000000000000000e+02,-6.380000000000000000e+02,6.400000000000000000e+01,4.700000000000000000e+01
1.680080664838544130e+09,1.623600000000000000e+04,2.040000000000000000e+02,5.080000000000000000e+02,-6.490000000000000000e+02,3.100000000000000000e+01,3.500000000000000000e+01
1.680080664839989662e+09,1.619200000000000000e+04,2.200000000000000000e+02,3.680000000000000000e+02,-6.020000000000000000e+02,4.500000000000000000e+01,2.200000000000000000e+01
1.680080664843620300e+09,1.628800000000000000e+04,3.160000000000000000e+02,3.400000000000000000e+02,-6.400000000000000000e+02,4.600000000000000000e+01,5.600000000000000000e+01
1.680080664845434427e+09,1.618800000000000000e+04,2.680000000000000000e+02,3.560000000000000000e+02,-6.690000000000000000e+02,7.700000000000000000e+01,1.900000000000000000e+01
1.680080664849353790e+09,1.622400000000000000e+04,2.640000000000000000e+02,1.920000000000000000e+02,-6.440000000000000000e+02,4.600000000000000000e+01,1.700000000000000000e+01
1.680080664851114750e+09,1.624800000000000000e+04,3.680000000000000000e+02,1.320000000000000000e+02,-6.460000000000000000e+02,1.200000000000000000e+01,1.000000000000000000e+01
1.680080664854801178e+09,1.624800000000000000e+04,2.480000000000000000e+02,4.360000000000000000e+02,-6.330000000000000000e+02,9.400000000000000000e+01,3.100000000000000000e+01
1.680080664856078148e+09,1.616400000000000000e+04,3.120000000000000000e+02,3.880000000000000000e+02,-6.430000000000000000e+02,4.000000000000000000e+01,3.500000000000000000e+01
1.680080664859879732e+09,1.612400000000000000e+04,2.600000000000000000e+02,3.240000000000000000e+02,-6.620000000000000000e+02,5.100000000000000000e+01,2.500000000000000000e+01
1.680080664861723423e+09,1.611200000000000000e+04,3.160000000000000000e+02,1.960000000000000000e+02,-6.340000000000000000e+02,1.100000000000000000e+01,5.900000000000000000e+01
1.680080664865243196e+09,1.612000000000000000e+04,2.520000000000000000e+02,3.880000000000000000e+02,-6.340000000000000000e+02,7.500000000000000000e+01,4.200000000000000000e+01
1.680080664868509531e+09,1.620000000000000000e+04,2.880000000000000000e+02,4.200000000000000000e+02,-6.460000000000000000e+02,2.700000000000000000e+01,4.000000000000000000e+01
1.680080664872120857e+09,1.624400000000000000e+04,3.400000000000000000e+02,3.760000000000000000e+02,-6.420000000000000000e+02,5.800000000000000000e+01,2.300000000000000000e+01
1.680080664873635530e+09,1.613200000000000000e+04,4.000000000000000000e+02,4.120000000000000000e+02,-6.480000000000000000e+02,4.900000000000000000e+01,3.600000000000000000e+01
1.680080664877326250e+09,1.620800000000000000e+04,3.440000000000000000e+02,3.360000000000000000e+02,-6.390000000000000000e+02,8.600000000000000000e+01,3.400000000000000000e+01
1.680080664879108191e+09,1.621600000000000000e+04,3.640000000000000000e+02,3.040000000000000000e+02,-6.610000000000000000e+02,4.900000000000000000e+01,4.900000000000000000e+01
1.680080664883040190e+09,1.622000000000000000e+04,3.560000000000000000e+02,2.280000000000000000e+02,-6.200000000000000000e+02,5.800000000000000000e+01,4.100000000000000000e+01
1.680080664884331703e+09,1.609200000000000000e+04,2.200000000000000000e+02,3.440000000000000000e+02,-6.560000000000000000e+02,6.800000000000000000e+01,4.000000000000000000e+01
1.680080664888261557e+09,1.616000000000000000e+04,4.040000000000000000e+02,1.880000000000000000e+02,-6.400000000000000000e+02,5.900000000000000000e+01,5.300000000000000000e+01
1.680080664889974117e+09,1.616400000000000000e+04,2.760000000000000000e+02,3.280000000000000000e+02,-6.400000000000000000e+02,5.700000000000000000e+01,6.900000000000000000e+01
1.680080664893589258e+09,1.608400000000000000e+04,3.280000000000000000e+02,3.720000000000000000e+02,-6.210000000000000000e+02,4.300000000000000000e+01,2.200000000000000000e+01
1.680080664895600080e+09,1.620400000000000000e+04,3.080000000000000000e+02,3.880000000000000000e+02,-6.760000000000000000e+02,3.800000000000000000e+01,2.900000000000000000e+01
1.680080664899135590e+09,1.619600000000000000e+04,2.480000000000000000e+02,2.480000000000000000e+02,-6.800000000000000000e+02,1.200000000000000000e+01,3.900000000000000000e+01
1.680080664901471853e+09,1.627600000000000000e+04,3.280000000000000000e+02,3.280000000000000000e+02,-6.240000000000000000e+02,6.700000000000000000e+01,2.200000000000000000e+01
1.680080664905076742e+09,1.618000000000000000e+04,3.000000000000000000e+02,2.280000000000000000e+02,-6.260000000000000000e+02,4.600000000000000000e+01,2.100000000000000000e+01
1.680080664906649828e+09,1.618000000000000000e+04,2.600000000000000000e+02,3.400000000000000000e+02,-6.760000000000000000e+02,1.600000000000000000e+01,8.000000000000000000e+00
1.680080664910001993e+09,1.620000000000000000e+04,3.480000000000000000e+02,2.440000000000000000e+02,-6.580000000000000000e+02,6.100000000000000000e+01,3.800000000000000000e+01
1.680080664911792278e+09,1.614000000000000000e+04,3.720000000000000000e+02,2.640000000000000000e+02,-6.340000000000000000e+02,3.200000000000000000e+01,2.800000000000000000e+01
1.680080664915211678e+09,1.625600000000000000e+04,3.120000000000000000e+02,2.680000000000000000e+02,-6.620000000000000000e+02,4.700000000000000000e+01,3.500000000000000000e+01
1.680080664916891098e+09,1.632400000000000000e+04,3.400000000000000000e+02,2.600000000000000000e+02,-6.130000000000000000e+02,5.900000000000000000e+01,3.600000000000000000e+01
1.680080664920713186e+09,1.616000000000000000e+04,2.600000000000000000e+02,2.840000000000000000e+02,-6.310000000000000000e+02,4.000000000000000000e+01,2.300000000000000000e+01
1.680080664922639608e+09,1.619600000000000000e+04,3.760000000000000000e+02,4.520000000000000000e+02,-6.630000000000000000e+02,6.300000000000000000e+01,5.400000000000000000e+01
1.680080664926284552e+09,1.622400000000000000e+04,3.080000000000000000e+02,3.840000000000000000e+02,-6.610000000000000000e+02,1.400000000000000000e+01,4.300000000000000000e+01
1.680080664927797794e+09,1.614800000000000000e+04,3.600000000000000000e+02,3.720000000000000000e+02,-6.000000000000000000e+02,3.000000000000000000e+00,3.400000000000000000e+01
1.680080664931313515e+09,1.625200000000000000e+04,3.480000000000000000e+02,4.120000000000000000e+02,-6.730000000000000000e+02,1.500000000000000000e+01,8.000000000000000000e+00
1.680080664932841063e+09,1.617600000000000000e+04,3.200000000000000000e+02,2.120000000000000000e+02,-6.370000000000000000e+02,5.200000000000000000e+01,5.500000000000000000e+01
1.680080664936129332e+09,1.613200000000000000e+04,3.360000000000000000e+02,2.240000000000000000e+02,-6.220000000000000000e+02,6.600000000000000000e+01,1.600000000000000000e+01
1.680080664937834501e+09,1.614400000000000000e+04,3.360000000000000000e+02,1.240000000000000000e+02,-6.520000000000000000e+02,2.700000000000000000e+01,4.300000000000000000e+01
1.680080664942708492e+09,1.620000000000000000e+04,3.680000000000000000e+02,3.720000000000000000e+02,-6.280000000000000000e+02,5.100000000000000000e+01,3.500000000000000000e+01
1.680080664944413900e+09,1.617600000000000000e+04,2.920000000000000000e+02,3.200000000000000000e+02,-6.250000000000000000e+02,3.800000000000000000e+01,4.100000000000000000e+01
1.680080664947961569e+09,1.610800000000000000e+04,2.920000000000000000e+02,4.680000000000000000e+02,-6.220000000000000000e+02,4.500000000000000000e+01,5.200000000000000000e+01
1.680080664949526310e+09,1.610400000000000000e+04,3.520000000000000000e+02,3.080000000000000000e+02,-6.540000000000000000e+02,5.000000000000000000e+01,4.100000000000000000e+01
1.680080664953357220e+09,1.623600000000000000e+04,2.960000000000000000e+02,4.040000000000000000e+02,-6.180000000000000000e+02,8.400000000000000000e+01,4.400000000000000000e+01
1.680080664955490351e+09,1.624400000000000000e+04,3.160000000000000000e+02,3.520000000000000000e+02,-6.640000000000000000e+02,3.400000000000000000e+01,2.400000000000000000e+01
1.680080664959163189e+09,1.622800000000000000e+04,3.600000000000000000e+02,2.880000000000000000e+02,-6.880000000000000000e+02,5.000000000000000000e+01,3.200000000000000000e+01
1.680080664960803747e+09,1.621200000000000000e+04,3.280000000000000000e+02,2.600000000000000000e+02,-6.410000000000000000e+02,6.300000000000000000e+01,3.600000000000000000e+01
1.680080664964527369e+09,1.619600000000000000e+04,3.480000000000000000e+02,4.600000000000000000e+02,-5.920000000000000000e+02,3.700000000000000000e+01,3.800000000000000000e+01
1.680080664965910196e+09,1.626000000000000000e+04,2.800000000000000000e+02,4.120000000000000000e+02,-6.790000000000000000e+02,3.300000000000000000e+01,2.100000000000000000e+01
1.680080664969204426e+09,1.613200000000000000e+04,3.200000000000000000e+02,3.600000000000000000e+02,-6.300000000000000000e+02,7.100000000000000000e+01,3.000000000000000000e+01
1.680080664970881462e+09,1.614000000000000000e+04,3.200000000000000000e+02,4.480000000000000000e+02,-6.640000000000000000e+02,4.200000000000000000e+01,3.700000000000000000e+01
1.680080664974480152e+09,1.612000000000000000e+04,3.400000000000000000e+02,3.400000000000000000e+02,-6.540000000000000000e+02,4.800000000000000000e+01,4.100000000000000000e+01
1.680080664975898266e+09,1.615200000000000000e+04,3.160000000000000000e+02,4.320000000000000000e+02,-6.230000000000000000e+02,3.600000000000000000e+01,4.700000000000000000e+01
1.680080664979595184e+09,1.618000000000000000e+04,3.280000000000000000e+02,2.400000000000000000e+02,-6.410000000000000000e+02,4.600000000000000000e+01,3.100000000000000000e+01
1.680080664981197596e+09,1.617200000000000000e+04,2.600000000000000000e+02,2.120000000000000000e+02,-6.450000000000000000e+02,2.700000000000000000e+01,4.900000000000000000e+01
1.680080664984970331e+09,1.622800000000000000e+04,3.160000000000000000e+02,3.320000000000000000e+02,-6.470000000000000000e+02,5.900000000000000000e+01,2.400000000000000000e+01
1.680080664986730576e+09,1.617600000000000000e+04,3.320000000000000000e+02,2.160000000000000000e+02,-6.210000000000000000e+02,5.900000000000000000e+01,2.700000000000000000e+01
1.680080664990685701e+09,1.627600000000000000e+04,3.160000000000000000e+02,2.840000000000000000e+02,-6.060000000000000000e+02,4.900000000000000000e+01,3.200000000000000000e+01
1.680080664992653847e+09,1.627200000000000000e+04,2.760000000000000000e+02,3.240000000000000000e+02,-6.490000000000000000e+02,5.900000000000000000e+01,3.300000000000000000e+01
1.680080664996547222e+09,1.614000000000000000e+04,3.480000000000000000e+02,2.920000000000000000e+02,-6.010000000000000000e+02,4.000000000000000000e+01,2.100000000000000000e+01
1.680080664998201132e+09,1.615600000000000000e+04,2.640000000000000000e+02,4.480000000000000000e+02,-6.000000000000000000e+02,5.100000000000000000e+01,2.900000000000000000e+01
1.680080665001909256e+09,1.614800000000000000e+04,3.320000000000000000e+02,3.920000000000000000e+02,-6.380000000000000000e+02,4.300000000000000000e+01,4.200000000000000000e+01
1.680080665004102945e+09,1.630400000000000000e+04,3.720000000000000000e+02,3.440000000000000000e+02,-6.140000000000000000e+02,5.600000000000000000e+01,3.900000000000000000e+01
1.680080665008084536e+09,1.615200000000000000e+04,2.440000000000000000e+02,3.640000000000000000e+02,-6.350000000000000000e+02,5.600000000000000000e+01,2.700000000000000000e+01
1.680080665009889603e+09,1.622000000000000000e+04,4.000000000000000000e+02,4.360000000000000000e+02,-6.190000000000000000e+02,5.900000000000000000e+01,2.200000000000000000e+01
1.680080665014453650e+09,1.619200000000000000e+04,3.440000000000000000e+02,3.920000000000000000e+02,-6.460000000000000000e+02,7.700000000000000000e+01,4.600000000000000000e+01
1.680080665016485691e+09,1.617600000000000000e+04,2.840000000000000000e+02,2.960000000000000000e+02,-6.520000000000000000e+02,4.400000000000000000e+01,2.400000000000000000e+01
1.680080665020594358e+09,1.627200000000000000e+04,3.440000000000000000e+02,3.640000000000000000e+02,-6.190000000000000000e+02,3.100000000000000000e+01,4.500000000000000000e+01
1.680080665022451162e+09,1.614800000000000000e+04,3.240000000000000000e+02,2.400000000000000000e+02,-6.740000000000000000e+02,5.600000000000000000e+01,6.600000000000000000e+01
1.680080665026217461e+09,1.617600000000000000e+04,2.640000000000000000e+02,2.040000000000000000e+02,-6.500000000000000000e+02,5.300000000000000000e+01,3.000000000000000000e+01
1.680080665028332710e+09,1.622000000000000000e+04,3.680000000000000000e+02,1.760000000000000000e+02,-6.130000000000000000e+02,1.900000000000000000e+01,1.100000000000000000e+01
1.680080665032149076e+09,1.622800000000000000e+04,2.080000000000000000e+02,2.640000000000000000e+02,-6.440000000000000000e+02,5.200000000000000000e+01,5.600000000000000000e+01
1.680080665033886909e+09,1.618000000000000000e+04,3.240000000000000000e+02,2.040000000000000000e+02,-6.230000000000000000e+02,6.500000000000000000e+01,1.800000000000000000e+01
1.680080665037635565e+09,1.616000000000000000e+04,2.160000000000000000e+02,2.720000000000000000e+02,-5.990000000000000000e+02,5.100000000000000000e+01,2.000000000000000000e+01
1.680080665038864374e+09,1.610800000000000000e+04,2.560000000000000000e+02,3.360000000000000000e+02,-6.660000000000000000e+02,2.900000000000000000e+01,3.000000000000000000e+01
1.680080665042610407e+09,1.624800000000000000e+04,3.200000000000000000e+02,3.040000000000000000e+02,-6.220000000000000000e+02,5.700000000000000000e+01,2.900000000000000000e+01
1.680080665044352293e+09,1.628400000000000000e+04,4.200000000000000000e+02,2.440000000000000000e+02,-6.550000000000000000e+02,4.900000000000000000e+01,3.000000000000000000e+01
1.680080665047828674e+09,1.620000000000000000e+04,2.840000000000000000e+02,1.920000000000000000e+02,-6.800000000000000000e+02,5.300000000000000000e+01,4.200000000000000000e+01
1.680080665049430132e+09,1.610800000000000000e+04,2.400000000000000000e+02,2.160000000000000000e+02,-6.340000000000000000e+02,4.200000000000000000e+01,2.900000000000000000e+01
1.680080665052793264e+09,1.620400000000000000e+04,3.200000000000000000e+02,3.680000000000000000e+02,-6.510000000000000000e+02,5.200000000000000000e+01,3.400000000000000000e+01
1.680080665054397583e+09,1.613200000000000000e+04,3.640000000000000000e+02,3.960000000000000000e+02,-6.390000000000000000e+02,3.200000000000000000e+01,2.700000000000000000e+01
1.680080665057782173e+09,1.618000000000000000e+04,2.640000000000000000e+02,2.040000000000000000e+02,-6.680000000000000000e+02,4.500000000000000000e+01,6.200000000000000000e+01
1.680080665059290171e+09,1.614800000000000000e+04,2.320000000000000000e+02,1.960000000000000000e+02,-6.360000000000000000e+02,1.400000000000000000e+01,4.800000000000000000e+01
1.680080665062689781e+09,1.631600000000000000e+04,2.720000000000000000e+02,3.280000000000000000e+02,-6.250000000000000000e+02,6.800000000000000000e+01,1.000000000000000000e+01
1.680080665064528704e+09,1.622400000000000000e+04,3.200000000000000000e+02,2.440000000000000000e+02,-6.480000000000000000e+02,1.600000000000000000e+01,4.100000000000000000e+01
1.680080665068184614e+09,1.618800000000000000e+04,3.360000000000000000e+02,3.800000000000000000e+02,-6.790000000000000000e+02,3.700000000000000000e+01,2.600000000000000000e+01
1.680080665069874525e+09,1.617200000000000000e+04,3.000000000000000000e+02,2.160000000000000000e+02,-6.500000000000000000e+02,6.300000000000000000e+01,4.000000000000000000e+01
1.680080665073447227e+09,1.624800000000000000e+04,2.840000000000000000e+02,3.920000000000000000e+02,-6.490000000000000000e+02,3.400000000000000000e+01,2.700000000000000000e+01
1.680080665075318098e+09,1.610000000000000000e+04,3.440000000000000000e+02,3.200000000000000000e+02,-6.310000000000000000e+02,2.800000000000000000e+01,3.500000000000000000e+01
1.680080665078964949e+09,1.624000000000000000e+04,3.240000000000000000e+02,2.920000000000000000e+02,-6.320000000000000000e+02,3.500000000000000000e+01,4.000000000000000000e+01
1.680080665080765724e+09,1.615600000000000000e+04,3.560000000000000000e+02,3.960000000000000000e+02,-6.360000000000000000e+02,5.700000000000000000e+01,3.100000000000000000e+01
1.680080665084073305e+09,1.615600000000000000e+04,2.760000000000000000e+02,2.640000000000000000e+02,-6.420000000000000000e+02,5.500000000000000000e+01,4.400000000000000000e+01
1.680080665085961819e+09,1.615600000000000000e+04,2.560000000000000000e+02,2.400000000000000000e+02,-6.550000000000000000e+02,2.800000000000000000e+01,3.200000000000000000e+01
1.680080665089762211e+09,1.628000000000000000e+04,3.080000000000000000e+02,2.720000000000000000e+02,-6.430000000000000000e+02,3.400000000000000000e+01,5.700000000000000000e+01
1.680080665091733694e+09,1.619200000000000000e+04,3.520000000000000000e+02,2.480000000000000000e+02,-6.250000000000000000e+02,3.800000000000000000e+01,2.300000000000000000e+01
1.680080665095958471e+09,1.627600000000000000e+04,3.440000000000000000e+02,4.000000000000000000e+02,-6.200000000000000000e+02,4.600000000000000000e+01,3.600000000000000000e+01
1.680080665097574234e+09,1.619600000000000000e+04,2.600000000000000000e+02,3.760000000000000000e+02,-6.700000000000000000e+02,4.100000000000000000e+01,2.900000000000000000e+01
1.680080665101255178e+09,1.616400000000000000e+04,2.960000000000000000e+02,3.640000000000000000e+02,-6.310000000000000000e+02,4.700000000000000000e+01,3.900000000000000000e+01
1.680080665102585316e+09,1.612800000000000000e+04,3.440000000000000000e+02,3.800000000000000000e+02,-6.330000000000000000e+02,8.200000000000000000e+01,4.000000000000000000e+01
1.680080665106631756e+09,1.618400000000000000e+04,1.960000000000000000e+02,2.800000000000000000e+02,-6.590000000000000000e+02,4.700000000000000000e+01,3.000000000000000000e+01
1.680080665108908653e+09,1.623200000000000000e+04,2.960000000000000000e+02,3.680000000000000000e+02,-6.230000000000000000e+02,6.400000000000000000e+01,4.200000000000000000e+01
1.680080665113149405e+09,1.623600000000000000e+04,3.280000000000000000e+02,2.600000000000000000e+02,-6.450000000000000000e+02,3.800000000000000000e+01,3.000000000000000000e+01
1.680080665114830732e+09,1.622800000000000000e+04,4.320000000000000000e+02,2.680000000000000000e+02,-6.560000000000000000e+02,4.800000000000000000e+01,2.800000000000000000e+01
1.680080665118491173e+09,1.612800000000000000e+04,2.880000000000000000e+02,3.600000000000000000e+02,-6.470000000000000000e+02,3.900000000000000000e+01,2.400000000000000000e+01
1.680080665119812250e+09,1.608000000000000000e+04,3.000000000000000000e+02,2.040000000000000000e+02,-6.320000000000000000e+02,4.800000000000000000e+01,3.900000000000000000e+01
1.680080665123600960e+09,1.616400000000000000e+04,3.160000000000000000e+02,3.080000000000000000e+02,-6.540000000000000000e+02,4.300000000000000000e+01,4.000000000000000000e+01
1.680080665125331163e+09,1.630000000000000000e+04,2.240000000000000000e+02,4.240000000000000000e+02,-6.550000000000000000e+02,3.900000000000000000e+01,5.300000000000000000e+01
1.680080665128981590e+09,1.615200000000000000e+04,3.280000000000000000e+02,3.360000000000000000e+02,-6.190000000000000000e+02,4.000000000000000000e+01,2.900000000000000000e+01
1.680080665130776882e+09,1.626800000000000000e+04,2.560000000000000000e+02,2.680000000000000000e+02,-6.290000000000000000e+02,5.400000000000000000e+01,3.900000000000000000e+01
1.680080665134856224e+09,1.612800000000000000e+04,2.880000000000000000e+02,3.880000000000000000e+02,-6.490000000000000000e+02,3.300000000000000000e+01,5.200000000000000000e+01
1.680080665136755228e+09,1.622000000000000000e+04,2.960000000000000000e+02,3.880000000000000000e+02,-6.180000000000000000e+02,7.100000000000000000e+01,3.200000000000000000e+01
1.680080665140432358e+09,1.615600000000000000e+04,3.280000000000000000e+02,2.800000000000000000e+02,-6.300000000000000000e+02,4.600000000000000000e+01,3.100000000000000000e+01
1.680080665141896963e+09,1.616400000000000000e+04,2.600000000000000000e+02,2.560000000000000000e+02,-6.290000000000000000e+02,6.000000000000000000e+01,2.400000000000000000e+01
1.680080665145440102e+09,1.610400000000000000e+04,3.280000000000000000e+02,3.440000000000000000e+02,-6.370000000000000000e+02,3.200000000000000000e+01,1.700000000000000000e+01
1.680080665147420883e+09,1.622000000000000000e+04,2.320000000000000000e+02,4.800000000000000000e+02,-6.620000000000000000e+02,4.000000000000000000e+01,4.100000000000000000e+01
1.680080665151031017e+09,1.617200000000000000e+04,2.640000000000000000e+02,1.560000000000000000e+02,-6.250000000000000000e+02,5.100000000000000000e+01,2.600000000000000000e+01
1.680080665153339624e+09,1.606800000000000000e+04,3.600000000000000000e+02,4.640000000000000000e+02,-6.260000000000000000e+02,4.700000000000000000e+01,4.300000000000000000e+01
1.680080665156634808e+09,1.619600000000000000e+04,2.800000000000000000e+02,2.880000000000000000e+02,-6.270000000000000000e+02,3.800000000000000000e+01,2.800000000000000000e+01
1.680080665158227921e+09,1.611200000000000000e+04,2.600000000000000000e+02,3.240000000000000000e+02,-6.080000000000000000e+02,2.800000000000000000e+01,4.100000000000000000e+01
1.680080665161561251e+09,1.620800000000000000e+04,3.000000000000000000e+02,4.240000000000000000e+02,-6.670000000000000000e+02,3.600000000000000000e+01,3.900000000000000000e+01
1.680080665163475752e+09,1.613600000000000000e+04,3.040000000000000000e+02,1.800000000000000000e+02,-6.040000000000000000e+02,6.100000000000000000e+01,3.000000000000000000e+01
1.680080665166842937e+09,1.627600000000000000e+04,3.960000000000000000e+02,3.480000000000000000e+02,-6.120000000000000000e+02,3.000000000000000000e+01,5.500000000000000000e+01
1.680080665168398142e+09,1.612800000000000000e+04,3.440000000000000000e+02,1.960000000000000000e+02,-6.580000000000000000e+02,4.900000000000000000e+01,4.700000000000000000e+01
1.680080665171941519e+09,1.611200000000000000e+04,2.880000000000000000e+02,2.480000000000000000e+02,-6.220000000000000000e+02,4.600000000000000000e+01,2.100000000000000000e+01
1.680080665173334599e+09,1.615200000000000000e+04,2.920000000000000000e+02,2.560000000000000000e+02,-6.540000000000000000e+02,3.900000000000000000e+01,3.200000000000000000e+01
1.680080665176992416e+09,1.619200000000000000e+04,3.040000000000000000e+02,2.520000000000000000e+02,-6.470000000000000000e+02,6.400000000000000000e+01,4.500000000000000000e+01
1.680080665178447008e+09,1.614400000000000000e+04,3.080000000000000000e+02,2.760000000000000000e+02,-6.350000000000000000e+02,6.100000000000000000e+01,4.100000000000000000e+01
1.680080665181843519e+09,1.617600000000000000e+04,3.200000000000000000e+02,3.280000000000000000e+02,-6.680000000000000000e+02,5.700000000000000000e+01,4.000000000000000000e+01
1.680080665183793783e+09,1.614800000000000000e+04,3.440000000000000000e+02,2.800000000000000000e+02,-6.380000000000000000e+02,4.500000000000000000e+01,3.600000000000000000e+01
1.680080665187349796e+09,1.624400000000000000e+04,3.120000000000000000e+02,3.520000000000000000e+02,-6.480000000000000000e+02,3.600000000000000000e+01,2.700000000000000000e+01
1.680080665189138889e+09,1.618000000000000000e+04,3.360000000000000000e+02,2.240000000000000000e+02,-6.470000000000000000e+02,5.400000000000000000e+01,3.300000000000000000e+01
1.680080665193058252e+09,1.621200000000000000e+04,3.400000000000000000e+02,2.840000000000000000e+02,-6.660000000000000000e+02,2.800000000000000000e+01,1.800000000000000000e+01
1.680080665194729805e+09,1.624000000000000000e+04,2.320000000000000000e+02,2.320000000000000000e+02,-6.040000000000000000e+02,5.100000000000000000e+01,3.800000000000000000e+01
1.680080665198732615e+09,1.611200000000000000e+04,2.720000000000000000e+02,2.080000000000000000e+02,-6.430000000000000000e+02,5.600000000000000000e+01,2.100000000000000000e+01
1.680080665200264931e+09,1.626400000000000000e+04,3.320000000000000000e+02,3.280000000000000000e+02,-6.360000000000000000e+02,1.400000000000000000e+01,4.200000000000000000e+01
1.680080665203903913e+09,1.618000000000000000e+04,3.000000000000000000e+02,3.600000000000000000e+02,-6.790000000000000000e+02,5.100000000000000000e+01,3.100000000000000000e+01
1.680080665205475807e+09,1.618000000000000000e+04,2.760000000000000000e+02,3.160000000000000000e+02,-6.220000000000000000e+02,3.300000000000000000e+01,3.600000000000000000e+01
1.680080665209197044e+09,1.605600000000000000e+04,3.560000000000000000e+02,3.120000000000000000e+02,-6.170000000000000000e+02,5.500000000000000000e+01,3.300000000000000000e+01
1.680080665211364746e+09,1.617600000000000000e+04,2.680000000000000000e+02,3.560000000000000000e+02,-6.380000000000000000e+02,3.600000000000000000e+01,3.200000000000000000e+01
1.680080665215107441e+09,1.612000000000000000e+04,2.480000000000000000e+02,2.200000000000000000e+02,-6.710000000000000000e+02,5.900000000000000000e+01,4.600000000000000000e+01
1.680080665216844320e+09,1.620400000000000000e+04,2.800000000000000000e+02,2.720000000000000000e+02,-6.330000000000000000e+02,3.600000000000000000e+01,3.300000000000000000e+01
1.680080665221180916e+09,1.612800000000000000e+04,3.160000000000000000e+02,3.560000000000000000e+02,-6.320000000000000000e+02,7.400000000000000000e+01,2.900000000000000000e+01
1.680080665222762823e+09,1.610000000000000000e+04,2.520000000000000000e+02,4.640000000000000000e+02,-6.220000000000000000e+02,2.400000000000000000e+01,3.000000000000000000e+01
1.680080665226667404e+09,1.615200000000000000e+04,2.320000000000000000e+02,2.320000000000000000e+02,-6.450000000000000000e+02,4.100000000000000000e+01,3.000000000000000000e+01
1.680080665228789568e+09,1.624000000000000000e+04,2.120000000000000000e+02,3.360000000000000000e+02,-6.580000000000000000e+02,2.700000000000000000e+01,3.500000000000000000e+01
1.680080665232149363e+09,1.625200000000000000e+04,2.480000000000000000e+02,3.200000000000000000e+02,-6.690000000000000000e+02,7.000000000000000000e+01,1.700000000000000000e+01
1.680080665233741760e+09,1.605600000000000000e+04,2.840000000000000000e+02,4.360000000000000000e+02,-6.250000000000000000e+02,4.500000000000000000e+01,3.700000000000000000e+01
1.680080665237472534e+09,1.619200000000000000e+04,3.280000000000000000e+02,3.080000000000000000e+02,-6.500000000000000000e+02,5.500000000000000000e+01,1.400000000000000000e+01
1.680080665239161015e+09,1.621200000000000000e+04,3.280000000000000000e+02,3.960000000000000000e+02,-6.200000000000000000e+02,3.800000000000000000e+01,3.900000000000000000e+01
1.680080665242764473e+09,1.610000000000000000e+04,3.200000000000000000e+02,3.760000000000000000e+02,-6.280000000000000000e+02,3.900000000000000000e+01,4.500000000000000000e+01
1.680080665244914532e+09,1.614000000000000000e+04,3.400000000000000000e+02,4.280000000000000000e+02,-6.380000000000000000e+02,3.500000000000000000e+01,3.300000000000000000e+01
1.680080665248503208e+09,1.618000000000000000e+04,2.960000000000000000e+02,2.320000000000000000e+02,-6.300000000000000000e+02,2.000000000000000000e+01,2.700000000000000000e+01
1.680080665250408888e+09,1.616800000000000000e+04,3.160000000000000000e+02,2.320000000000000000e+02,-6.370000000000000000e+02,6.300000000000000000e+01,2.800000000000000000e+01
1.680080665254011154e+09,1.634400000000000000e+04,3.280000000000000000e+02,3.960000000000000000e+02,-5.940000000000000000e+02,6.500000000000000000e+01,2.600000000000000000e+01
1.680080665256186008e+09,1.622800000000000000e+04,2.480000000000000000e+02,3.160000000000000000e+02,-6.690000000000000000e+02,2.100000000000000000e+01,1.200000000000000000e+01
1.680080665259832859e+09,1.624800000000000000e+04,3.080000000000000000e+02,3.520000000000000000e+02,-6.360000000000000000e+02,6.300000000000000000e+01,4.100000000000000000e+01
1.680080665261676073e+09,1.620000000000000000e+04,3.720000000000000000e+02,4.600000000000000000e+02,-6.510000000000000000e+02,4.200000000000000000e+01,2.300000000000000000e+01
1.680080665265486240e+09,1.627600000000000000e+04,2.600000000000000000e+02,4.120000000000000000e+02,-6.340000000000000000e+02,7.600000000000000000e+01,2.900000000000000000e+01
1.680080665267437935e+09,1.619600000000000000e+04,2.560000000000000000e+02,4.400000000000000000e+02,-6.750000000000000000e+02,5.500000000000000000e+01,3.200000000000000000e+01
1.680080665271273613e+09,1.622800000000000000e+04,2.480000000000000000e+02,3.560000000000000000e+02,-6.430000000000000000e+02,3.000000000000000000e+01,3.700000000000000000e+01
1.680080665272583008e+09,1.622800000000000000e+04,3.160000000000000000e+02,2.040000000000000000e+02,-6.450000000000000000e+02,3.600000000000000000e+01,3.300000000000000000e+01
1.680080665276281834e+09,1.622800000000000000e+04,2.200000000000000000e+02,3.080000000000000000e+02,-6.210000000000000000e+02,7.200000000000000000e+01,5.000000000000000000e+00
1.680080665278212070e+09,1.621200000000000000e+04,2.600000000000000000e+02,3.000000000000000000e+02,-6.400000000000000000e+02,5.800000000000000000e+01,2.100000000000000000e+01
1.680080665281995773e+09,1.622400000000000000e+04,3.520000000000000000e+02,2.560000000000000000e+02,-6.020000000000000000e+02,1.400000000000000000e+01,2.900000000000000000e+01
1.680080665284338474e+09,1.611600000000000000e+04,3.720000000000000000e+02,4.120000000000000000e+02,-6.510000000000000000e+02,7.300000000000000000e+01,3.600000000000000000e+01
1.680080665288732529e+09,1.619600000000000000e+04,3.680000000000000000e+02,3.520000000000000000e+02,-6.230000000000000000e+02,4.000000000000000000e+01,4.900000000000000000e+01
1.680080665290616751e+09,1.616800000000000000e+04,2.760000000000000000e+02,2.760000000000000000e+02,-6.490000000000000000e+02,3.000000000000000000e+01,2.000000000000000000e+01
1.680080665294261932e+09,1.622000000000000000e+04,3.800000000000000000e+02,4.040000000000000000e+02,-6.700000000000000000e+02,5.500000000000000000e+01,2.900000000000000000e+01
1.680080665296267509e+09,1.622000000000000000e+04,2.880000000000000000e+02,2.840000000000000000e+02,-6.320000000000000000e+02,3.600000000000000000e+01,5.000000000000000000e+01
1.680080665299853325e+09,1.606000000000000000e+04,2.680000000000000000e+02,2.480000000000000000e+02,-6.310000000000000000e+02,4.000000000000000000e+01,3.900000000000000000e+01
1.680080665301869392e+09,1.625200000000000000e+04,3.280000000000000000e+02,2.560000000000000000e+02,-6.730000000000000000e+02,3.000000000000000000e+01,1.900000000000000000e+01
1.680080665305903435e+09,1.624400000000000000e+04,2.400000000000000000e+02,2.560000000000000000e+02,-6.750000000000000000e+02,4.700000000000000000e+01,3.400000000000000000e+01
1.680080665307311773e+09,1.612400000000000000e+04,2.280000000000000000e+02,4.160000000000000000e+02,-6.360000000000000000e+02,5.400000000000000000e+01,1.300000000000000000e+01
1.680080665311114311e+09,1.624400000000000000e+04,3.680000000000000000e+02,2.920000000000000000e+02,-6.270000000000000000e+02,5.300000000000000000e+01,4.800000000000000000e+01
1.680080665313026905e+09,1.610000000000000000e+04,2.640000000000000000e+02,2.880000000000000000e+02,-6.150000000000000000e+02,5.800000000000000000e+01,4.200000000000000000e+01
1.680080665316627502e+09,1.616000000000000000e+04,2.480000000000000000e+02,2.280000000000000000e+02,-5.970000000000000000e+02,2.600000000000000000e+01,2.800000000000000000e+01
1.680080665318663120e+09,1.618400000000000000e+04,1.800000000000000000e+02,2.920000000000000000e+02,-6.640000000000000000e+02,6.100000000000000000e+01,3.200000000000000000e+01
1.680080665322249413e+09,1.615600000000000000e+04,3.400000000000000000e+02,3.520000000000000000e+02,-6.600000000000000000e+02,4.900000000000000000e+01,4.600000000000000000e+01
1.680080665324172735e+09,1.611200000000000000e+04,2.960000000000000000e+02,2.560000000000000000e+02,-6.360000000000000000e+02,5.400000000000000000e+01,1.300000000000000000e+01
1.680080665327600956e+09,1.616400000000000000e+04,2.560000000000000000e+02,2.600000000000000000e+02,-6.220000000000000000e+02,4.600000000000000000e+01,4.400000000000000000e+01
1.680080665329195261e+09,1.629600000000000000e+04,2.400000000000000000e+02,1.840000000000000000e+02,-6.190000000000000000e+02,4.900000000000000000e+01,3.100000000000000000e+01
1.680080665332866669e+09,1.616800000000000000e+04,3.400000000000000000e+02,2.720000000000000000e+02,-6.360000000000000000e+02,3.700000000000000000e+01,4.000000000000000000e+01
1.680080665334653378e+09,1.621600000000000000e+04,3.760000000000000000e+02,4.160000000000000000e+02,-6.460000000000000000e+02,4.900000000000000000e+01,5.000000000000000000e+01
1.680080665338567734e+09,1.614000000000000000e+04,2.600000000000000000e+02,3.840000000000000000e+02,-5.980000000000000000e+02,2.500000000000000000e+01,4.900000000000000000e+01
1.680080665340568304e+09,1.617600000000000000e+04,2.840000000000000000e+02,3.640000000000000000e+02,-6.440000000000000000e+02,7.900000000000000000e+01,4.600000000000000000e+01
1.680080665344860077e+09,1.615600000000000000e+04,2.080000000000000000e+02,2.200000000000000000e+02,-6.440000000000000000e+02,5.500000000000000000e+01,4.700000000000000000e+01
1.680080665346184254e+09,1.614000000000000000e+04,2.200000000000000000e+02,2.200000000000000000e+02,-6.390000000000000000e+02,5.600000000000000000e+01,3.700000000000000000e+01
1.680080665349803925e+09,1.616400000000000000e+04,3.240000000000000000e+02,2.360000000000000000e+02,-6.520000000000000000e+02,6.500000000000000000e+01,2.500000000000000000e+01
1.680080665351471424e+09,1.616800000000000000e+04,3.280000000000000000e+02,2.920000000000000000e+02,-6.320000000000000000e+02,5.000000000000000000e+01,2.900000000000000000e+01
1.680080665355571985e+09,1.632000000000000000e+04,2.440000000000000000e+02,2.240000000000000000e+02,-6.490000000000000000e+02,5.900000000000000000e+01,2.500000000000000000e+01
1.680080665357287407e+09,1.612000000000000000e+04,3.680000000000000000e+02,3.800000000000000000e+02,-6.310000000000000000e+02,4.800000000000000000e+01,1.200000000000000000e+01
1.680080665360757589e+09,1.613600000000000000e+04,2.560000000000000000e+02,3.000000000000000000e+02,-6.220000000000000000e+02,6.100000000000000000e+01,3.400000000000000000e+01
1.680080665362435102e+09,1.624000000000000000e+04,3.440000000000000000e+02,2.720000000000000000e+02,-6.520000000000000000e+02,2.600000000000000000e+01,4.000000000000000000e+01
1.680080665366077900e+09,1.618400000000000000e+04,3.000000000000000000e+02,2.160000000000000000e+02,-6.410000000000000000e+02,4.200000000000000000e+01,2.900000000000000000e+01
1.680080665368063688e+09,1.626400000000000000e+04,2.640000000000000000e+02,2.960000000000000000e+02,-6.470000000000000000e+02,3.600000000000000000e+01,5.900000000000000000e+01
1.680080665371518135e+09,1.612000000000000000e+04,3.360000000000000000e+02,2.040000000000000000e+02,-6.320000000000000000e+02,6.800000000000000000e+01,2.300000000000000000e+01
1.680080665373670340e+09,1.616400000000000000e+04,2.560000000000000000e+02,2.720000000000000000e+02,-6.760000000000000000e+02,4.500000000000000000e+01,1.300000000000000000e+01
1.680080665377124310e+09,1.617200000000000000e+04,2.960000000000000000e+02,3.080000000000000000e+02,-6.460000000000000000e+02,1.900000000000000000e+01,3.000000000000000000e+01
1.680080665378667116e+09,1.617600000000000000e+04,3.280000000000000000e+02,4.680000000000000000e+02,-6.180000000000000000e+02,2.800000000000000000e+01,4.100000000000000000e+01
1.680080665382097483e+09,1.620000000000000000e+04,3.520000000000000000e+02,3.080000000000000000e+02,-6.390000000000000000e+02,6.600000000000000000e+01,2.500000000000000000e+01
1.680080665383925676e+09,1.624000000000000000e+04,3.640000000000000000e+02,3.160000000000000000e+02,-6.440000000000000000e+02,3.600000000000000000e+01,2.300000000000000000e+01
1.680080665387636662e+09,1.624000000000000000e+04,2.680000000000000000e+02,2.960000000000000000e+02,-6.230000000000000000e+02,1.600000000000000000e+01,5.200000000000000000e+01
1.680080665389103651e+09,1.622000000000000000e+04,2.520000000000000000e+02,3.320000000000000000e+02,-6.090000000000000000e+02,5.700000000000000000e+01,3.300000000000000000e+01
1.680080665392448187e+09,1.618400000000000000e+04,2.200000000000000000e+02,3.520000000000000000e+02,-6.430000000000000000e+02,3.100000000000000000e+01,4.400000000000000000e+01
1.680080665394464493e+09,1.615600000000000000e+04,3.120000000000000000e+02,2.440000000000000000e+02,-6.350000000000000000e+02,2.500000000000000000e+01,3.100000000000000000e+01
1.680080665398113012e+09,1.621200000000000000e+04,3.800000000000000000e+02,3.920000000000000000e+02,-6.550000000000000000e+02,5.000000000000000000e+01,2.600000000000000000e+01
1.680080665399568081e+09,1.617600000000000000e+04,3.840000000000000000e+02,4.800000000000000000e+02,-6.470000000000000000e+02,4.800000000000000000e+01,2.800000000000000000e+01
1.680080665403187752e+09,1.616800000000000000e+04,2.120000000000000000e+02,3.960000000000000000e+02,-6.360000000000000000e+02,3.900000000000000000e+01,2.200000000000000000e+01
1.680080665405113697e+09,1.620400000000000000e+04,2.040000000000000000e+02,3.200000000000000000e+02,-5.940000000000000000e+02,2.900000000000000000e+01,3.200000000000000000e+01
1.680080665408613682e+09,1.620800000000000000e+04,2.960000000000000000e+02,3.240000000000000000e+02,-6.080000000000000000e+02,3.900000000000000000e+01,3.300000000000000000e+01
1.680080665410922289e+09,1.616400000000000000e+04,3.280000000000000000e+02,3.080000000000000000e+02,-6.390000000000000000e+02,4.800000000000000000e+01,4.900000000000000000e+01
1.680080665414041519e+09,1.614000000000000000e+04,2.960000000000000000e+02,2.680000000000000000e+02,-6.610000000000000000e+02,3.800000000000000000e+01,2.900000000000000000e+01
1.680080665415814400e+09,1.608400000000000000e+04,2.600000000000000000e+02,3.720000000000000000e+02,-6.330000000000000000e+02,3.900000000000000000e+01,1.400000000000000000e+01
1.680080665419216156e+09,1.620400000000000000e+04,3.680000000000000000e+02,2.440000000000000000e+02,-6.320000000000000000e+02,7.300000000000000000e+01,4.200000000000000000e+01
1.680080665420514107e+09,1.618000000000000000e+04,2.960000000000000000e+02,4.040000000000000000e+02,-6.890000000000000000e+02,6.500000000000000000e+01,3.400000000000000000e+01
1.680080665424002647e+09,1.628400000000000000e+04,2.040000000000000000e+02,3.280000000000000000e+02,-6.330000000000000000e+02,5.400000000000000000e+01,1.000000000000000000e+01
1.680080665425977230e+09,1.614800000000000000e+04,3.280000000000000000e+02,3.000000000000000000e+02,-6.430000000000000000e+02,2.400000000000000000e+01,1.100000000000000000e+01
1.680080665429717541e+09,1.628000000000000000e+04,3.640000000000000000e+02,2.360000000000000000e+02,-6.520000000000000000e+02,4.500000000000000000e+01,1.700000000000000000e+01
1.680080665431797028e+09,1.606800000000000000e+04,3.320000000000000000e+02,2.840000000000000000e+02,-6.560000000000000000e+02,5.200000000000000000e+01,4.300000000000000000e+01
1.680080665435430050e+09,1.622400000000000000e+04,3.040000000000000000e+02,3.240000000000000000e+02,-6.270000000000000000e+02,4.800000000000000000e+01,5.000000000000000000e+01
1.680080665437310219e+09,1.612000000000000000e+04,2.360000000000000000e+02,2.800000000000000000e+02,-6.410000000000000000e+02,7.600000000000000000e+01,5.100000000000000000e+01
1.680080665440890789e+09,1.619600000000000000e+04,4.320000000000000000e+02,3.800000000000000000e+02,-6.500000000000000000e+02,2.400000000000000000e+01,1.200000000000000000e+01
1.680080665442393780e+09,1.614000000000000000e+04,2.200000000000000000e+02,2.840000000000000000e+02,-6.120000000000000000e+02,4.400000000000000000e+01,2.800000000000000000e+01
1.680080665446083307e+09,1.621600000000000000e+04,4.120000000000000000e+02,2.840000000000000000e+02,-6.230000000000000000e+02,7.500000000000000000e+01,1.200000000000000000e+01
1.680080665447829008e+09,1.633200000000000000e+04,3.040000000000000000e+02,4.040000000000000000e+02,-6.480000000000000000e+02,5.800000000000000000e+01,5.000000000000000000e+01
1.680080665451370955e+09,1.619600000000000000e+04,4.080000000000000000e+02,3.400000000000000000e+02,-6.510000000000000000e+02,6.400000000000000000e+01,3.100000000000000000e+01
1.680080665452754974e+09,1.620400000000000000e+04,3.120000000000000000e+02,1.480000000000000000e+02,-6.400000000000000000e+02,7.600000000000000000e+01,3.700000000000000000e+01
1.680080665456619263e+09,1.610400000000000000e+04,2.600000000000000000e+02,1.840000000000000000e+02,-6.750000000000000000e+02,5.700000000000000000e+01,1.900000000000000000e+01
1.680080665458693981e+09,1.619200000000000000e+04,3.800000000000000000e+02,2.960000000000000000e+02,-6.170000000000000000e+02,2.600000000000000000e+01,3.800000000000000000e+01
1.680080665462169409e+09,1.621600000000000000e+04,2.080000000000000000e+02,3.080000000000000000e+02,-6.790000000000000000e+02,5.600000000000000000e+01,3.300000000000000000e+01
1.680080665464077234e+09,1.618800000000000000e+04,3.160000000000000000e+02,3.080000000000000000e+02,-6.100000000000000000e+02,5.500000000000000000e+01,2.300000000000000000e+01
1.680080665467556000e+09,1.614400000000000000e+04,2.360000000000000000e+02,2.400000000000000000e+02,-6.170000000000000000e+02,7.000000000000000000e+01,3.000000000000000000e+01
1.680080665469169378e+09,1.611600000000000000e+04,3.040000000000000000e+02,3.720000000000000000e+02,-6.650000000000000000e+02,3.500000000000000000e+01,3.000000000000000000e+01
1.680080665472505331e+09,1.614000000000000000e+04,2.680000000000000000e+02,2.920000000000000000e+02,-6.350000000000000000e+02,4.100000000000000000e+01,4.400000000000000000e+01
1.680080665474332809e+09,1.622000000000000000e+04,3.520000000000000000e+02,1.440000000000000000e+02,-6.250000000000000000e+02,4.800000000000000000e+01,2.000000000000000000e+01
1.680080665477734566e+09,1.614800000000000000e+04,3.240000000000000000e+02,3.560000000000000000e+02,-6.450000000000000000e+02,5.300000000000000000e+01,3.800000000000000000e+01
1.680080665479485512e+09,1.613600000000000000e+04,3.120000000000000000e+02,3.080000000000000000e+02,-6.330000000000000000e+02,5.100000000000000000e+01,3.000000000000000000e+01
1.680080665482940912e+09,1.619200000000000000e+04,2.440000000000000000e+02,3.440000000000000000e+02,-6.130000000000000000e+02,5.800000000000000000e+01,3.200000000000000000e+01
1.680080665484472513e+09,1.620800000000000000e+04,2.040000000000000000e+02,3.240000000000000000e+02,-6.850000000000000000e+02,5.400000000000000000e+01,2.700000000000000000e+01
1.680080665488078594e+09,1.618400000000000000e+04,3.560000000000000000e+02,3.920000000000000000e+02,-6.530000000000000000e+02,5.500000000000000000e+01,4.000000000000000000e+01
1.680080665489818811e+09,1.618400000000000000e+04,2.640000000000000000e+02,1.880000000000000000e+02,-6.590000000000000000e+02,3.600000000000000000e+01,2.200000000000000000e+01
1.680080665493653536e+09,1.621200000000000000e+04,3.000000000000000000e+02,3.400000000000000000e+02,-5.930000000000000000e+02,4.000000000000000000e+01,5.200000000000000000e+01
1.680080665495458603e+09,1.628800000000000000e+04,3.080000000000000000e+02,3.040000000000000000e+02,-6.540000000000000000e+02,6.000000000000000000e+01,5.100000000000000000e+01
1.680080665499334097e+09,1.621600000000000000e+04,2.480000000000000000e+02,1.760000000000000000e+02,-6.450000000000000000e+02,3.400000000000000000e+01,5.800000000000000000e+01
1.680080665501036882e+09,1.617600000000000000e+04,2.760000000000000000e+02,2.200000000000000000e+02,-6.040000000000000000e+02,4.800000000000000000e+01,2.500000000000000000e+01
1.680080665504711390e+09,1.618800000000000000e+04,2.560000000000000000e+02,3.320000000000000000e+02,-6.410000000000000000e+02,5.300000000000000000e+01,2.300000000000000000e+01
1.680080665506401777e+09,1.624800000000000000e+04,2.400000000000000000e+02,2.600000000000000000e+02,-6.330000000000000000e+02,6.200000000000000000e+01,3.000000000000000000e+01
1.680080665510247946e+09,1.620000000000000000e+04,3.360000000000000000e+02,2.640000000000000000e+02,-6.490000000000000000e+02,4.800000000000000000e+01,4.700000000000000000e+01
1.680080665511902809e+09,1.626400000000000000e+04,2.680000000000000000e+02,3.160000000000000000e+02,-6.290000000000000000e+02,5.500000000000000000e+01,3.100000000000000000e+01
1.680080665515645266e+09,1.611200000000000000e+04,3.360000000000000000e+02,3.680000000000000000e+02,-6.070000000000000000e+02,4.600000000000000000e+01,4.500000000000000000e+01
1.680080665517184496e+09,1.617200000000000000e+04,3.640000000000000000e+02,3.440000000000000000e+02,-6.430000000000000000e+02,7.100000000000000000e+01,2.800000000000000000e+01
1.680080665521035194e+09,1.629200000000000000e+04,3.040000000000000000e+02,2.720000000000000000e+02,-6.530000000000000000e+02,4.700000000000000000e+01,3.700000000000000000e+01
1.680080665522459030e+09,1.616400000000000000e+04,2.200000000000000000e+02,2.760000000000000000e+02,-6.220000000000000000e+02,6.700000000000000000e+01,5.300000000000000000e+01
1.680080665526306868e+09,1.620800000000000000e+04,2.360000000000000000e+02,2.920000000000000000e+02,-6.400000000000000000e+02,6.300000000000000000e+01,3.200000000000000000e+01
1.680080665528015852e+09,1.606400000000000000e+04,3.080000000000000000e+02,3.840000000000000000e+02,-6.430000000000000000e+02,4.800000000000000000e+01,1.700000000000000000e+01
1.680080665531960249e+09,1.619600000000000000e+04,3.320000000000000000e+02,3.280000000000000000e+02,-6.410000000000000000e+02,3.300000000000000000e+01,2.400000000000000000e+01
1.680080665533545017e+09,1.618000000000000000e+04,3.200000000000000000e+02,3.200000000000000000e+02,-6.010000000000000000e+02,4.500000000000000000e+01,3.000000000000000000e+01
1.680080665537469149e+09,1.616800000000000000e+04,3.040000000000000000e+02,2.520000000000000000e+02,-6.270000000000000000e+02,4.100000000000000000e+01,4.400000000000000000e+01
1.680080665539086580e+09,1.626400000000000000e+04,2.680000000000000000e+02,3.920000000000000000e+02,-6.300000000000000000e+02,2.500000000000000000e+01,4.600000000000000000e+01
1.680080665542870283e+09,1.624400000000000000e+04,3.800000000000000000e+02,3.160000000000000000e+02,-6.400000000000000000e+02,5.700000000000000000e+01,4.100000000000000000e+01
1.680080665544437170e+09,1.616000000000000000e+04,2.960000000000000000e+02,4.480000000000000000e+02,-6.350000000000000000e+02,4.000000000000000000e+00,4.400000000000000000e+01
1.680080665548271179e+09,1.628000000000000000e+04,2.560000000000000000e+02,2.360000000000000000e+02,-6.660000000000000000e+02,2.400000000000000000e+01,4.600000000000000000e+01
1.680080665550455570e+09,1.614800000000000000e+04,3.800000000000000000e+02,3.160000000000000000e+02,-6.560000000000000000e+02,5.800000000000000000e+01,5.000000000000000000e+01
1.680080665553981066e+09,1.605600000000000000e+04,3.720000000000000000e+02,4.520000000000000000e+02,-6.380000000000000000e+02,4.900000000000000000e+01,5.600000000000000000e+01
1.680080665555483341e+09,1.622400000000000000e+04,3.560000000000000000e+02,3.800000000000000000e+02,-6.720000000000000000e+02,3.500000000000000000e+01,3.500000000000000000e+01
1.680080665559115887e+09,1.613200000000000000e+04,3.400000000000000000e+02,3.800000000000000000e+02,-6.730000000000000000e+02,6.200000000000000000e+01,5.000000000000000000e+01
1.680080665560838223e+09,1.614400000000000000e+04,2.640000000000000000e+02,3.000000000000000000e+02,-6.220000000000000000e+02,7.900000000000000000e+01,2.600000000000000000e+01
1.680080665564374685e+09,1.616000000000000000e+04,3.440000000000000000e+02,3.480000000000000000e+02,-6.150000000000000000e+02,4.000000000000000000e+01,2.000000000000000000e+01
1.680080665566329002e+09,1.620800000000000000e+04,3.200000000000000000e+02,2.400000000000000000e+02,-6.600000000000000000e+02,1.200000000000000000e+01,3.400000000000000000e+01
1.680080665570022345e+09,1.629600000000000000e+04,2.440000000000000000e+02,3.680000000000000000e+02,-6.860000000000000000e+02,2.600000000000000000e+01,3.100000000000000000e+01
1.680080665572226286e+09,1.614800000000000000e+04,3.520000000000000000e+02,4.600000000000000000e+02,-6.180000000000000000e+02,3.100000000000000000e+01,3.400000000000000000e+01
1.680080665575808287e+09,1.617200000000000000e+04,2.560000000000000000e+02,2.960000000000000000e+02,-6.250000000000000000e+02,8.200000000000000000e+01,3.600000000000000000e+01
1.680080665577786446e+09,1.614400000000000000e+04,3.440000000000000000e+02,1.920000000000000000e+02,-6.470000000000000000e+02,5.200000000000000000e+01,5.900000000000000000e+01
1.680080665581558704e+09,1.617200000000000000e+04,2.760000000000000000e+02,2.520000000000000000e+02,-6.440000000000000000e+02,5.500000000000000000e+01,3.500000000000000000e+01
1.680080665583079338e+09,1.620400000000000000e+04,2.680000000000000000e+02,1.840000000000000000e+02,-6.530000000000000000e+02,4.100000000000000000e+01,2.600000000000000000e+01
1.680080665586906672e+09,1.616400000000000000e+04,3.560000000000000000e+02,4.520000000000000000e+02,-6.450000000000000000e+02,5.100000000000000000e+01,5.800000000000000000e+01
1.680080665588376284e+09,1.613600000000000000e+04,2.960000000000000000e+02,4.520000000000000000e+02,-6.450000000000000000e+02,4.000000000000000000e+01,2.300000000000000000e+01
1.680080665592218876e+09,1.612400000000000000e+04,3.240000000000000000e+02,3.120000000000000000e+02,-6.450000000000000000e+02,4.900000000000000000e+01,2.900000000000000000e+01
1.680080665594714403e+09,1.610000000000000000e+04,4.120000000000000000e+02,3.000000000000000000e+02,-6.420000000000000000e+02,5.400000000000000000e+01,4.300000000000000000e+01
1.680080665598454237e+09,1.615600000000000000e+04,2.880000000000000000e+02,2.920000000000000000e+02,-6.510000000000000000e+02,4.700000000000000000e+01,3.800000000000000000e+01
1.680080665600790739e+09,1.623200000000000000e+04,3.240000000000000000e+02,3.720000000000000000e+02,-6.500000000000000000e+02,2.000000000000000000e+01,3.100000000000000000e+01
1.680080665604615211e+09,1.620800000000000000e+04,2.480000000000000000e+02,3.080000000000000000e+02,-6.190000000000000000e+02,1.400000000000000000e+01,3.000000000000000000e+01
1.680080665606758595e+09,1.625600000000000000e+04,2.240000000000000000e+02,3.560000000000000000e+02,-6.730000000000000000e+02,4.800000000000000000e+01,3.300000000000000000e+01
1.680080665610282660e+09,1.612000000000000000e+04,3.400000000000000000e+02,2.960000000000000000e+02,-6.350000000000000000e+02,5.300000000000000000e+01,4.800000000000000000e+01
1.680080665611708403e+09,1.628400000000000000e+04,3.480000000000000000e+02,4.120000000000000000e+02,-6.170000000000000000e+02,6.600000000000000000e+01,4.000000000000000000e+01
1.680080665615291834e+09,1.614400000000000000e+04,2.960000000000000000e+02,3.160000000000000000e+02,-6.370000000000000000e+02,4.300000000000000000e+01,4.000000000000000000e+00
1.680080665616915941e+09,1.617200000000000000e+04,2.560000000000000000e+02,2.480000000000000000e+02,-6.280000000000000000e+02,3.700000000000000000e+01,0.000000000000000000e+00
1.680080665620492697e+09,1.611200000000000000e+04,2.680000000000000000e+02,2.920000000000000000e+02,-6.690000000000000000e+02,6.800000000000000000e+01,4.500000000000000000e+01
1.680080665622492790e+09,1.619200000000000000e+04,3.600000000000000000e+02,3.600000000000000000e+02,-6.050000000000000000e+02,4.600000000000000000e+01,3.500000000000000000e+01
1.680080665626237392e+09,1.618000000000000000e+04,2.880000000000000000e+02,3.560000000000000000e+02,-6.340000000000000000e+02,5.300000000000000000e+01,4.400000000000000000e+01
1.680080665628083944e+09,1.604400000000000000e+04,2.960000000000000000e+02,4.280000000000000000e+02,-6.320000000000000000e+02,2.800000000000000000e+01,2.700000000000000000e+01
1.680080665631714106e+09,1.626400000000000000e+04,2.680000000000000000e+02,2.520000000000000000e+02,-6.390000000000000000e+02,4.500000000000000000e+01,4.100000000000000000e+01
1.680080665633210182e+09,1.626000000000000000e+04,4.160000000000000000e+02,2.320000000000000000e+02,-6.540000000000000000e+02,4.000000000000000000e+01,3.500000000000000000e+01
1.680080665636866570e+09,1.618000000000000000e+04,3.560000000000000000e+02,4.520000000000000000e+02,-6.360000000000000000e+02,4.900000000000000000e+01,2.800000000000000000e+01
1.680080665638508558e+09,1.627600000000000000e+04,2.440000000000000000e+02,3.000000000000000000e+02,-6.160000000000000000e+02,4.200000000000000000e+01,1.000000000000000000e+01
1.680080665642415285e+09,1.613200000000000000e+04,3.360000000000000000e+02,2.480000000000000000e+02,-6.360000000000000000e+02,6.500000000000000000e+01,3.700000000000000000e+01
1.680080665643873930e+09,1.620000000000000000e+04,2.920000000000000000e+02,3.320000000000000000e+02,-6.220000000000000000e+02,4.800000000000000000e+01,2.300000000000000000e+01
1.680080665648032427e+09,1.616800000000000000e+04,2.400000000000000000e+02,2.320000000000000000e+02,-6.230000000000000000e+02,4.900000000000000000e+01,4.100000000000000000e+01
1.680080665649617672e+09,1.616400000000000000e+04,3.040000000000000000e+02,2.720000000000000000e+02,-6.310000000000000000e+02,4.100000000000000000e+01,2.900000000000000000e+01
1.680080665653565884e+09,1.616400000000000000e+04,2.960000000000000000e+02,2.840000000000000000e+02,-6.340000000000000000e+02,8.000000000000000000e+01,4.100000000000000000e+01
1.680080665654976845e+09,1.624000000000000000e+04,3.640000000000000000e+02,2.520000000000000000e+02,-6.510000000000000000e+02,7.500000000000000000e+01,2.200000000000000000e+01
1.680080665658662796e+09,1.635200000000000000e+04,3.480000000000000000e+02,3.080000000000000000e+02,-6.510000000000000000e+02,2.800000000000000000e+01,2.600000000000000000e+01
1.680080665660524368e+09,1.611200000000000000e+04,3.160000000000000000e+02,2.440000000000000000e+02,-5.970000000000000000e+02,5.600000000000000000e+01,6.500000000000000000e+01
1.680080665664282322e+09,1.612000000000000000e+04,3.160000000000000000e+02,2.520000000000000000e+02,-6.370000000000000000e+02,4.800000000000000000e+01,1.800000000000000000e+01
1.680080665666283846e+09,1.616400000000000000e+04,3.080000000000000000e+02,3.600000000000000000e+02,-6.530000000000000000e+02,4.800000000000000000e+01,3.500000000000000000e+01
1.680080665670027256e+09,1.610800000000000000e+04,3.840000000000000000e+02,3.880000000000000000e+02,-6.690000000000000000e+02,4.900000000000000000e+01,2.900000000000000000e+01
1.680080665672077894e+09,1.616400000000000000e+04,2.880000000000000000e+02,3.520000000000000000e+02,-6.280000000000000000e+02,6.000000000000000000e+01,4.800000000000000000e+01
1.680080665675894260e+09,1.613200000000000000e+04,2.560000000000000000e+02,2.800000000000000000e+02,-6.560000000000000000e+02,6.700000000000000000e+01,2.300000000000000000e+01
1.680080665677307129e+09,1.614000000000000000e+04,3.000000000000000000e+02,3.760000000000000000e+02,-6.360000000000000000e+02,7.400000000000000000e+01,2.500000000000000000e+01
1.680080665680848837e+09,1.614400000000000000e+04,3.600000000000000000e+02,3.600000000000000000e+02,-6.340000000000000000e+02,3.500000000000000000e+01,2.500000000000000000e+01
1.680080665682821274e+09,1.610800000000000000e+04,3.040000000000000000e+02,3.040000000000000000e+02,-6.640000000000000000e+02,2.500000000000000000e+01,3.800000000000000000e+01
1.680080665686401606e+09,1.609600000000000000e+04,3.520000000000000000e+02,4.200000000000000000e+02,-6.760000000000000000e+02,7.500000000000000000e+01,3.600000000000000000e+01
1.680080665688384533e+09,1.614800000000000000e+04,2.640000000000000000e+02,2.880000000000000000e+02,-6.390000000000000000e+02,4.800000000000000000e+01,3.900000000000000000e+01
1.680080665692282915e+09,1.621200000000000000e+04,4.120000000000000000e+02,2.080000000000000000e+02,-6.420000000000000000e+02,5.900000000000000000e+01,4.600000000000000000e+01
1.680080665693951607e+09,1.617200000000000000e+04,3.040000000000000000e+02,3.440000000000000000e+02,-6.350000000000000000e+02,5.700000000000000000e+01,3.100000000000000000e+01
1.680080665697500706e+09,1.622000000000000000e+04,3.280000000000000000e+02,2.160000000000000000e+02,-6.490000000000000000e+02,5.700000000000000000e+01,5.100000000000000000e+01
1.680080665699215889e+09,1.618800000000000000e+04,4.120000000000000000e+02,2.160000000000000000e+02,-6.250000000000000000e+02,4.400000000000000000e+01,4.300000000000000000e+01
1.680080665703036308e+09,1.620400000000000000e+04,3.760000000000000000e+02,2.920000000000000000e+02,-6.230000000000000000e+02,5.500000000000000000e+01,5.200000000000000000e+01
1.680080665705292225e+09,1.620400000000000000e+04,2.640000000000000000e+02,2.760000000000000000e+02,-6.260000000000000000e+02,4.800000000000000000e+01,2.900000000000000000e+01
1.680080665709255219e+09,1.611200000000000000e+04,2.840000000000000000e+02,4.200000000000000000e+02,-6.380000000000000000e+02,5.500000000000000000e+01,3.200000000000000000e+01
1.680080665711102009e+09,1.616000000000000000e+04,4.360000000000000000e+02,3.120000000000000000e+02,-6.350000000000000000e+02,6.700000000000000000e+01,2.400000000000000000e+01
1.680080665714811087e+09,1.608400000000000000e+04,2.520000000000000000e+02,1.800000000000000000e+02,-6.620000000000000000e+02,4.700000000000000000e+01,4.300000000000000000e+01
1.680080665716739893e+09,1.622400000000000000e+04,3.200000000000000000e+02,2.720000000000000000e+02,-6.490000000000000000e+02,3.700000000000000000e+01,1.500000000000000000e+01
1.680080665720414877e+09,1.621200000000000000e+04,2.640000000000000000e+02,2.720000000000000000e+02,-6.480000000000000000e+02,3.500000000000000000e+01,2.500000000000000000e+01
1.680080665722277403e+09,1.620400000000000000e+04,3.240000000000000000e+02,3.920000000000000000e+02,-5.900000000000000000e+02,5.700000000000000000e+01,4.400000000000000000e+01
1.680080665725885153e+09,1.619600000000000000e+04,4.000000000000000000e+02,3.000000000000000000e+02,-6.300000000000000000e+02,5.500000000000000000e+01,3.600000000000000000e+01
1.680080665729540110e+09,1.620800000000000000e+04,3.960000000000000000e+02,4.280000000000000000e+02,-6.740000000000000000e+02,4.900000000000000000e+01,3.400000000000000000e+01
1.680080665733317137e+09,1.620400000000000000e+04,3.480000000000000000e+02,1.680000000000000000e+02,-6.500000000000000000e+02,5.300000000000000000e+01,1.300000000000000000e+01
1.680080665737309933e+09,1.617600000000000000e+04,3.000000000000000000e+02,3.320000000000000000e+02,-6.610000000000000000e+02,2.000000000000000000e+01,2.500000000000000000e+01
1.680080665742573738e+09,1.614400000000000000e+04,2.640000000000000000e+02,3.840000000000000000e+02,-6.540000000000000000e+02,5.000000000000000000e+01,6.500000000000000000e+01
1.680080665746196747e+09,1.620000000000000000e+04,2.840000000000000000e+02,3.000000000000000000e+02,-6.580000000000000000e+02,2.800000000000000000e+01,3.600000000000000000e+01
1.680080665749998331e+09,1.619200000000000000e+04,3.160000000000000000e+02,2.040000000000000000e+02,-6.350000000000000000e+02,3.700000000000000000e+01,4.200000000000000000e+01
1.680080665753636599e+09,1.616400000000000000e+04,3.160000000000000000e+02,2.680000000000000000e+02,-6.540000000000000000e+02,6.300000000000000000e+01,1.300000000000000000e+01
1.680080665757759571e+09,1.621600000000000000e+04,3.640000000000000000e+02,3.480000000000000000e+02,-6.400000000000000000e+02,4.700000000000000000e+01,3.300000000000000000e+01
1.680080665761257887e+09,1.620800000000000000e+04,3.080000000000000000e+02,3.640000000000000000e+02,-6.460000000000000000e+02,4.900000000000000000e+01,3.200000000000000000e+01
1.680080665765434742e+09,1.618400000000000000e+04,3.120000000000000000e+02,2.360000000000000000e+02,-6.600000000000000000e+02,5.900000000000000000e+01,3.500000000000000000e+01
1.680080665769133568e+09,1.615600000000000000e+04,3.280000000000000000e+02,4.240000000000000000e+02,-6.670000000000000000e+02,7.200000000000000000e+01,4.100000000000000000e+01
1.680080665772912979e+09,1.615200000000000000e+04,3.800000000000000000e+02,3.600000000000000000e+02,-6.510000000000000000e+02,3.000000000000000000e+01,3.200000000000000000e+01
1.680080665776922464e+09,1.624400000000000000e+04,3.240000000000000000e+02,3.280000000000000000e+02,-6.500000000000000000e+02,4.900000000000000000e+01,2.600000000000000000e+01
1.680080665780759573e+09,1.618000000000000000e+04,3.480000000000000000e+02,2.200000000000000000e+02,-6.410000000000000000e+02,4.400000000000000000e+01,1.900000000000000000e+01
1.680080665784404516e+09,1.624000000000000000e+04,2.960000000000000000e+02,3.920000000000000000e+02,-6.120000000000000000e+02,4.500000000000000000e+01,2.800000000000000000e+01
1.680080665788526773e+09,1.620400000000000000e+04,2.240000000000000000e+02,2.760000000000000000e+02,-6.630000000000000000e+02,7.500000000000000000e+01,1.800000000000000000e+01
1.680080665792126417e+09,1.623600000000000000e+04,3.000000000000000000e+02,2.600000000000000000e+02,-6.500000000000000000e+02,2.600000000000000000e+01,8.000000000000000000e+00
1.680080665796414375e+09,1.624000000000000000e+04,3.160000000000000000e+02,3.560000000000000000e+02,-6.240000000000000000e+02,5.500000000000000000e+01,3.900000000000000000e+01
1.680080665800217867e+09,1.618400000000000000e+04,3.000000000000000000e+02,3.240000000000000000e+02,-6.530000000000000000e+02,6.400000000000000000e+01,4.500000000000000000e+01
1.680080665804069996e+09,1.612000000000000000e+04,2.160000000000000000e+02,3.240000000000000000e+02,-6.380000000000000000e+02,8.500000000000000000e+01,2.600000000000000000e+01
1.680080665807664156e+09,1.618000000000000000e+04,3.280000000000000000e+02,2.480000000000000000e+02,-6.530000000000000000e+02,4.100000000000000000e+01,3.200000000000000000e+01
1.680080665811680317e+09,1.624000000000000000e+04,2.960000000000000000e+02,2.760000000000000000e+02,-6.370000000000000000e+02,7.500000000000000000e+01,-1.000000000000000000e+00
1.680080665815340281e+09,1.620400000000000000e+04,3.120000000000000000e+02,1.680000000000000000e+02,-6.230000000000000000e+02,4.600000000000000000e+01,4.500000000000000000e+01
1.680080665819246054e+09,1.612800000000000000e+04,3.040000000000000000e+02,3.520000000000000000e+02,-6.420000000000000000e+02,5.600000000000000000e+01,5.000000000000000000e+01
1.680080665822876930e+09,1.627600000000000000e+04,4.160000000000000000e+02,2.600000000000000000e+02,-6.500000000000000000e+02,2.400000000000000000e+01,4.900000000000000000e+01
1.680080665826890945e+09,1.617600000000000000e+04,2.680000000000000000e+02,2.400000000000000000e+02,-6.610000000000000000e+02,4.900000000000000000e+01,3.400000000000000000e+01
1.680080665830528975e+09,1.619200000000000000e+04,2.880000000000000000e+02,2.600000000000000000e+02,-6.200000000000000000e+02,1.700000000000000000e+01,3.800000000000000000e+01
1.680080665834599972e+09,1.614800000000000000e+04,3.320000000000000000e+02,4.600000000000000000e+02,-6.580000000000000000e+02,-5.000000000000000000e+00,2.800000000000000000e+01
1.680080665838536263e+09,1.615600000000000000e+04,4.200000000000000000e+02,2.680000000000000000e+02,-6.650000000000000000e+02,3.800000000000000000e+01,3.600000000000000000e+01
1.680080665842565060e+09,1.626400000000000000e+04,4.080000000000000000e+02,3.400000000000000000e+02,-6.330000000000000000e+02,4.800000000000000000e+01,2.500000000000000000e+01
1.680080665846188784e+09,1.612400000000000000e+04,3.440000000000000000e+02,1.520000000000000000e+02,-6.110000000000000000e+02,3.900000000000000000e+01,3.800000000000000000e+01
1.680080665850137949e+09,1.617600000000000000e+04,2.800000000000000000e+02,1.840000000000000000e+02,-5.980000000000000000e+02,4.400000000000000000e+01,6.500000000000000000e+01
1.680080665853997707e+09,1.619200000000000000e+04,3.840000000000000000e+02,1.400000000000000000e+02,-6.400000000000000000e+02,5.300000000000000000e+01,2.900000000000000000e+01
1.680080665857785702e+09,1.613200000000000000e+04,2.760000000000000000e+02,2.480000000000000000e+02,-6.130000000000000000e+02,4.800000000000000000e+01,5.000000000000000000e+00
1.680080665861452579e+09,1.613600000000000000e+04,3.320000000000000000e+02,2.760000000000000000e+02,-6.450000000000000000e+02,4.900000000000000000e+01,4.100000000000000000e+01
1.680080665865442276e+09,1.614400000000000000e+04,2.560000000000000000e+02,3.680000000000000000e+02,-6.260000000000000000e+02,3.200000000000000000e+01,1.100000000000000000e+01
1.680080665870162725e+09,1.617200000000000000e+04,3.000000000000000000e+02,1.960000000000000000e+02,-6.330000000000000000e+02,3.600000000000000000e+01,2.600000000000000000e+01
1.680080665873886824e+09,1.621200000000000000e+04,2.720000000000000000e+02,1.960000000000000000e+02,-6.340000000000000000e+02,4.200000000000000000e+01,2.500000000000000000e+01
1.680080665877852678e+09,1.622000000000000000e+04,4.000000000000000000e+02,3.160000000000000000e+02,-6.540000000000000000e+02,4.500000000000000000e+01,3.800000000000000000e+01
1.680080665881658554e+09,1.614800000000000000e+04,2.760000000000000000e+02,2.720000000000000000e+02,-6.400000000000000000e+02,4.800000000000000000e+01,2.700000000000000000e+01
1.680080665885595083e+09,1.626400000000000000e+04,3.520000000000000000e+02,3.600000000000000000e+02,-6.060000000000000000e+02,5.900000000000000000e+01,4.100000000000000000e+01
1.680080665889944315e+09,1.618800000000000000e+04,2.720000000000000000e+02,3.000000000000000000e+02,-6.070000000000000000e+02,8.000000000000000000e+01,1.300000000000000000e+01
1.680080665893750668e+09,1.632000000000000000e+04,3.560000000000000000e+02,2.760000000000000000e+02,-6.170000000000000000e+02,4.300000000000000000e+01,2.600000000000000000e+01
1.680080665897747755e+09,1.618800000000000000e+04,2.560000000000000000e+02,4.120000000000000000e+02,-6.270000000000000000e+02,3.400000000000000000e+01,5.100000000000000000e+01
1.680080665901246786e+09,1.612800000000000000e+04,2.920000000000000000e+02,4.720000000000000000e+02,-6.300000000000000000e+02,3.900000000000000000e+01,3.800000000000000000e+01
1.680080665905497789e+09,1.610400000000000000e+04,2.760000000000000000e+02,2.920000000000000000e+02,-6.350000000000000000e+02,5.000000000000000000e+01,2.400000000000000000e+01
1.680080665909428596e+09,1.622000000000000000e+04,2.280000000000000000e+02,4.160000000000000000e+02,-6.640000000000000000e+02,7.300000000000000000e+01,5.200000000000000000e+01
1.680080665913391590e+09,1.624000000000000000e+04,3.120000000000000000e+02,3.040000000000000000e+02,-6.710000000000000000e+02,2.500000000000000000e+01,3.600000000000000000e+01
1.680080665916842461e+09,1.627200000000000000e+04,3.160000000000000000e+02,4.120000000000000000e+02,-6.590000000000000000e+02,5.200000000000000000e+01,2.300000000000000000e+01
1.680080665921991587e+09,1.620000000000000000e+04,3.080000000000000000e+02,2.120000000000000000e+02,-6.020000000000000000e+02,5.500000000000000000e+01,3.600000000000000000e+01
1.680080665925750971e+09,1.609600000000000000e+04,2.920000000000000000e+02,2.600000000000000000e+02,-6.470000000000000000e+02,4.500000000000000000e+01,2.300000000000000000e+01
1.680080665929490805e+09,1.612800000000000000e+04,2.920000000000000000e+02,2.840000000000000000e+02,-6.520000000000000000e+02,9.000000000000000000e+00,5.400000000000000000e+01
1.680080665932953358e+09,1.613600000000000000e+04,3.840000000000000000e+02,4.160000000000000000e+02,-6.420000000000000000e+02,1.400000000000000000e+01,6.000000000000000000e+00
1.680080665936804295e+09,1.619200000000000000e+04,2.600000000000000000e+02,3.480000000000000000e+02,-6.700000000000000000e+02,2.800000000000000000e+01,2.200000000000000000e+01
1.680080665940687418e+09,1.624400000000000000e+04,2.760000000000000000e+02,4.160000000000000000e+02,-6.280000000000000000e+02,1.800000000000000000e+01,4.600000000000000000e+01
1.680080665944549084e+09,1.625600000000000000e+04,3.800000000000000000e+02,2.080000000000000000e+02,-6.910000000000000000e+02,5.500000000000000000e+01,3.900000000000000000e+01
1.680080665948191166e+09,1.622400000000000000e+04,3.520000000000000000e+02,3.400000000000000000e+02,-6.170000000000000000e+02,5.100000000000000000e+01,2.400000000000000000e+01
1.680080665952371120e+09,1.621200000000000000e+04,2.760000000000000000e+02,3.800000000000000000e+02,-6.390000000000000000e+02,7.400000000000000000e+01,1.800000000000000000e+01
1.680080665956657410e+09,1.620800000000000000e+04,2.640000000000000000e+02,3.080000000000000000e+02,-6.550000000000000000e+02,9.000000000000000000e+00,5.400000000000000000e+01
1.680080665960829973e+09,1.606800000000000000e+04,4.080000000000000000e+02,3.800000000000000000e+02,-6.410000000000000000e+02,4.400000000000000000e+01,2.900000000000000000e+01
1.680080665964736462e+09,1.612800000000000000e+04,3.160000000000000000e+02,3.560000000000000000e+02,-6.370000000000000000e+02,2.400000000000000000e+01,1.800000000000000000e+01
1.680080665968703508e+09,1.623200000000000000e+04,3.520000000000000000e+02,3.280000000000000000e+02,-6.290000000000000000e+02,5.300000000000000000e+01,2.000000000000000000e+01
1.680080665972839832e+09,1.611200000000000000e+04,2.480000000000000000e+02,3.280000000000000000e+02,-6.280000000000000000e+02,8.600000000000000000e+01,5.000000000000000000e+01
1.680080665976814985e+09,1.622000000000000000e+04,2.200000000000000000e+02,3.320000000000000000e+02,-6.450000000000000000e+02,4.700000000000000000e+01,3.900000000000000000e+01
1.680080665980665207e+09,1.621200000000000000e+04,2.520000000000000000e+02,3.600000000000000000e+02,-6.330000000000000000e+02,1.800000000000000000e+01,3.200000000000000000e+01
1.680080665984374046e+09,1.617600000000000000e+04,3.160000000000000000e+02,2.160000000000000000e+02,-6.720000000000000000e+02,5.100000000000000000e+01,1.600000000000000000e+01
1.680080665988247871e+09,1.609600000000000000e+04,2.680000000000000000e+02,4.280000000000000000e+02,-6.280000000000000000e+02,3.900000000000000000e+01,3.300000000000000000e+01
1.680080665992050886e+09,1.622000000000000000e+04,2.800000000000000000e+02,3.040000000000000000e+02,-6.600000000000000000e+02,5.800000000000000000e+01,3.200000000000000000e+01
1.680080665995741129e+09,1.622800000000000000e+04,2.640000000000000000e+02,2.680000000000000000e+02,-6.210000000000000000e+02,4.900000000000000000e+01,3.500000000000000000e+01
1.680080665999979258e+09,1.615600000000000000e+04,4.280000000000000000e+02,2.720000000000000000e+02,-5.960000000000000000e+02,4.600000000000000000e+01,2.100000000000000000e+01
1.680080666003840208e+09,1.620800000000000000e+04,3.160000000000000000e+02,4.160000000000000000e+02,-6.430000000000000000e+02,7.400000000000000000e+01,4.500000000000000000e+01
1.680080666008054972e+09,1.620400000000000000e+04,2.840000000000000000e+02,2.240000000000000000e+02,-6.250000000000000000e+02,6.300000000000000000e+01,2.500000000000000000e+01
1.680080666011692762e+09,1.614000000000000000e+04,2.800000000000000000e+02,3.040000000000000000e+02,-6.380000000000000000e+02,3.700000000000000000e+01,3.900000000000000000e+01
1.680080666015603542e+09,1.618800000000000000e+04,3.080000000000000000e+02,3.400000000000000000e+02,-6.480000000000000000e+02,5.600000000000000000e+01,4.100000000000000000e+01
1.680080666019383907e+09,1.618400000000000000e+04,3.280000000000000000e+02,4.720000000000000000e+02,-6.200000000000000000e+02,7.300000000000000000e+01,4.100000000000000000e+01
1.680080666023441315e+09,1.616000000000000000e+04,2.960000000000000000e+02,3.400000000000000000e+02,-6.200000000000000000e+02,6.000000000000000000e+01,2.700000000000000000e+01
1.680080666027169466e+09,1.625600000000000000e+04,3.960000000000000000e+02,2.840000000000000000e+02,-6.170000000000000000e+02,2.700000000000000000e+01,5.700000000000000000e+01
1.680080666031305075e+09,1.632000000000000000e+04,3.760000000000000000e+02,1.560000000000000000e+02,-6.470000000000000000e+02,3.100000000000000000e+01,2.500000000000000000e+01
1.680080666035087824e+09,1.628400000000000000e+04,3.560000000000000000e+02,2.920000000000000000e+02,-6.280000000000000000e+02,4.000000000000000000e+01,3.600000000000000000e+01
1.680080666039000750e+09,1.616400000000000000e+04,3.800000000000000000e+02,3.200000000000000000e+02,-5.700000000000000000e+02,6.000000000000000000e+01,2.000000000000000000e+01
1.680080666043090343e+09,1.610800000000000000e+04,4.240000000000000000e+02,2.440000000000000000e+02,-6.650000000000000000e+02,6.000000000000000000e+01,5.500000000000000000e+01
1.680080666046861649e+09,1.623600000000000000e+04,3.600000000000000000e+02,2.720000000000000000e+02,-6.370000000000000000e+02,2.700000000000000000e+01,4.100000000000000000e+01
1.680080666050408363e+09,1.632000000000000000e+04,3.920000000000000000e+02,1.880000000000000000e+02,-6.220000000000000000e+02,5.400000000000000000e+01,5.800000000000000000e+01
1.680080666054229736e+09,1.624800000000000000e+04,3.360000000000000000e+02,2.880000000000000000e+02,-6.310000000000000000e+02,6.200000000000000000e+01,4.700000000000000000e+01
1.680080666058232784e+09,1.619600000000000000e+04,3.440000000000000000e+02,3.880000000000000000e+02,-6.050000000000000000e+02,2.800000000000000000e+01,2.600000000000000000e+01
1.680080666061920881e+09,1.622400000000000000e+04,3.080000000000000000e+02,3.040000000000000000e+02,-6.430000000000000000e+02,6.100000000000000000e+01,5.500000000000000000e+01
1.680080666065507650e+09,1.619200000000000000e+04,2.440000000000000000e+02,2.720000000000000000e+02,-6.520000000000000000e+02,5.200000000000000000e+01,9.000000000000000000e+00
1.680080666069388151e+09,1.618000000000000000e+04,3.400000000000000000e+02,3.320000000000000000e+02,-6.590000000000000000e+02,4.800000000000000000e+01,4.400000000000000000e+01
1.680080666073331356e+09,1.620800000000000000e+04,3.800000000000000000e+02,4.240000000000000000e+02,-6.500000000000000000e+02,6.900000000000000000e+01,1.800000000000000000e+01
1.680080666077381611e+09,1.617600000000000000e+04,2.640000000000000000e+02,3.520000000000000000e+02,-6.460000000000000000e+02,8.500000000000000000e+01,4.100000000000000000e+01
1.680080666080832243e+09,1.612400000000000000e+04,2.920000000000000000e+02,3.480000000000000000e+02,-6.550000000000000000e+02,4.200000000000000000e+01,4.600000000000000000e+01
1.680080666084813356e+09,1.622000000000000000e+04,3.760000000000000000e+02,2.080000000000000000e+02,-6.240000000000000000e+02,3.100000000000000000e+01,5.400000000000000000e+01
1.680080666088375807e+09,1.623200000000000000e+04,3.000000000000000000e+02,4.040000000000000000e+02,-6.550000000000000000e+02,4.000000000000000000e+01,2.700000000000000000e+01
1.680080666091999769e+09,1.619600000000000000e+04,3.120000000000000000e+02,2.240000000000000000e+02,-6.340000000000000000e+02,7.000000000000000000e+01,4.000000000000000000e+01
1.680080666095736265e+09,1.616400000000000000e+04,3.880000000000000000e+02,2.800000000000000000e+02,-6.400000000000000000e+02,4.600000000000000000e+01,3.800000000000000000e+01
1.680080666099661589e+09,1.615200000000000000e+04,2.520000000000000000e+02,4.360000000000000000e+02,-6.570000000000000000e+02,1.300000000000000000e+01,4.800000000000000000e+01
1.680080666103334188e+09,1.614800000000000000e+04,3.920000000000000000e+02,3.080000000000000000e+02,-6.500000000000000000e+02,6.000000000000000000e+01,3.700000000000000000e+01
1.680080666108770132e+09,1.618400000000000000e+04,2.920000000000000000e+02,3.880000000000000000e+02,-6.530000000000000000e+02,6.200000000000000000e+01,2.400000000000000000e+01
1.680080666112416029e+09,1.622800000000000000e+04,3.600000000000000000e+02,1.600000000000000000e+02,-6.110000000000000000e+02,3.000000000000000000e+01,3.700000000000000000e+01
1.680080666116063118e+09,1.622000000000000000e+04,2.360000000000000000e+02,2.360000000000000000e+02,-6.390000000000000000e+02,4.300000000000000000e+01,3.800000000000000000e+01
1.680080666119969845e+09,1.615200000000000000e+04,3.080000000000000000e+02,3.320000000000000000e+02,-6.320000000000000000e+02,5.000000000000000000e+01,2.200000000000000000e+01
1.680080666123893976e+09,1.627600000000000000e+04,3.760000000000000000e+02,2.520000000000000000e+02,-6.510000000000000000e+02,6.900000000000000000e+01,5.300000000000000000e+01
1.680080666127880335e+09,1.627200000000000000e+04,2.640000000000000000e+02,1.560000000000000000e+02,-6.090000000000000000e+02,3.300000000000000000e+01,1.100000000000000000e+01
1.680080666131464481e+09,1.618800000000000000e+04,3.720000000000000000e+02,3.320000000000000000e+02,-6.080000000000000000e+02,2.700000000000000000e+01,4.000000000000000000e+01
1.680080666135612965e+09,1.621200000000000000e+04,2.600000000000000000e+02,3.040000000000000000e+02,-6.450000000000000000e+02,4.600000000000000000e+01,1.700000000000000000e+01
1.680080666139379501e+09,1.617600000000000000e+04,2.600000000000000000e+02,2.560000000000000000e+02,-6.190000000000000000e+02,4.300000000000000000e+01,3.200000000000000000e+01
1.680080666143281221e+09,1.616800000000000000e+04,2.720000000000000000e+02,2.520000000000000000e+02,-5.890000000000000000e+02,5.600000000000000000e+01,2.300000000000000000e+01
1.680080666147224665e+09,1.619200000000000000e+04,2.760000000000000000e+02,4.680000000000000000e+02,-5.910000000000000000e+02,5.300000000000000000e+01,4.400000000000000000e+01
1.680080666151428938e+09,1.613600000000000000e+04,3.000000000000000000e+02,3.160000000000000000e+02,-6.580000000000000000e+02,4.200000000000000000e+01,3.000000000000000000e+01
1.680080666155648708e+09,1.620800000000000000e+04,2.720000000000000000e+02,3.560000000000000000e+02,-6.110000000000000000e+02,5.000000000000000000e+01,3.500000000000000000e+01
1.680080666159654856e+09,1.607600000000000000e+04,3.120000000000000000e+02,3.560000000000000000e+02,-6.170000000000000000e+02,5.300000000000000000e+01,1.800000000000000000e+01
1.680080666163633585e+09,1.624800000000000000e+04,2.480000000000000000e+02,3.200000000000000000e+02,-6.010000000000000000e+02,4.700000000000000000e+01,3.300000000000000000e+01
1.680080666167884827e+09,1.616000000000000000e+04,4.080000000000000000e+02,3.360000000000000000e+02,-6.240000000000000000e+02,5.500000000000000000e+01,3.500000000000000000e+01
1.680080666171611786e+09,1.613600000000000000e+04,3.080000000000000000e+02,4.240000000000000000e+02,-6.170000000000000000e+02,5.100000000000000000e+01,1.600000000000000000e+01
1.680080666175288439e+09,1.612800000000000000e+04,2.360000000000000000e+02,3.120000000000000000e+02,-6.360000000000000000e+02,5.900000000000000000e+01,3.600000000000000000e+01
1.680080666179142475e+09,1.610800000000000000e+04,2.680000000000000000e+02,3.520000000000000000e+02,-6.380000000000000000e+02,6.300000000000000000e+01,1.500000000000000000e+01
1.680080666182851076e+09,1.629200000000000000e+04,3.520000000000000000e+02,2.920000000000000000e+02,-6.560000000000000000e+02,4.200000000000000000e+01,4.500000000000000000e+01
1.680080666186605215e+09,1.613600000000000000e+04,3.320000000000000000e+02,3.680000000000000000e+02,-6.610000000000000000e+02,7.600000000000000000e+01,4.500000000000000000e+01
1.680080666190308332e+09,1.620800000000000000e+04,3.800000000000000000e+02,2.600000000000000000e+02,-6.600000000000000000e+02,6.400000000000000000e+01,3.600000000000000000e+01
1.680080666194016218e+09,1.620400000000000000e+04,2.440000000000000000e+02,3.480000000000000000e+02,-6.240000000000000000e+02,5.300000000000000000e+01,3.700000000000000000e+01
1.680080666197939634e+09,1.616800000000000000e+04,2.840000000000000000e+02,4.640000000000000000e+02,-6.640000000000000000e+02,5.100000000000000000e+01,1.900000000000000000e+01
1.680080666201804876e+09,1.614800000000000000e+04,2.480000000000000000e+02,2.760000000000000000e+02,-6.570000000000000000e+02,4.500000000000000000e+01,1.800000000000000000e+01
1.680080666205442190e+09,1.618000000000000000e+04,3.280000000000000000e+02,3.480000000000000000e+02,-6.380000000000000000e+02,8.200000000000000000e+01,8.000000000000000000e+00
1.680080666209434032e+09,1.623600000000000000e+04,3.760000000000000000e+02,3.360000000000000000e+02,-6.400000000000000000e+02,6.200000000000000000e+01,2.200000000000000000e+01
1.680080666213323116e+09,1.619200000000000000e+04,3.440000000000000000e+02,3.040000000000000000e+02,-6.300000000000000000e+02,8.000000000000000000e+01,1.400000000000000000e+01
1.680080666217361927e+09,1.623200000000000000e+04,3.240000000000000000e+02,3.120000000000000000e+02,-6.060000000000000000e+02,5.000000000000000000e+01,1.300000000000000000e+01
1.680080666221472502e+09,1.614000000000000000e+04,2.880000000000000000e+02,2.240000000000000000e+02,-6.490000000000000000e+02,4.500000000000000000e+01,3.200000000000000000e+01
1.680080666225799799e+09,1.622400000000000000e+04,2.720000000000000000e+02,4.200000000000000000e+02,-6.200000000000000000e+02,4.300000000000000000e+01,2.800000000000000000e+01
1.680080666229945660e+09,1.613600000000000000e+04,3.120000000000000000e+02,2.560000000000000000e+02,-6.350000000000000000e+02,3.700000000000000000e+01,3.900000000000000000e+01
1.680080666233574867e+09,1.613600000000000000e+04,2.480000000000000000e+02,3.040000000000000000e+02,-6.560000000000000000e+02,7.000000000000000000e+01,4.000000000000000000e+01
1.680080666237382889e+09,1.614800000000000000e+04,3.600000000000000000e+02,2.000000000000000000e+02,-6.300000000000000000e+02,3.900000000000000000e+01,4.100000000000000000e+01
1.680080666241307020e+09,1.621200000000000000e+04,2.840000000000000000e+02,3.560000000000000000e+02,-6.380000000000000000e+02,4.100000000000000000e+01,4.100000000000000000e+01
1.680080666244889259e+09,1.613200000000000000e+04,2.840000000000000000e+02,4.080000000000000000e+02,-6.390000000000000000e+02,4.200000000000000000e+01,3.600000000000000000e+01
1.680080666248977423e+09,1.617200000000000000e+04,3.600000000000000000e+02,4.480000000000000000e+02,-6.040000000000000000e+02,6.000000000000000000e+01,4.800000000000000000e+01
1.680080666252945185e+09,1.610800000000000000e+04,3.160000000000000000e+02,2.880000000000000000e+02,-6.230000000000000000e+02,4.800000000000000000e+01,3.900000000000000000e+01
1.680080666256612062e+09,1.620800000000000000e+04,4.120000000000000000e+02,2.000000000000000000e+02,-6.240000000000000000e+02,2.500000000000000000e+01,3.600000000000000000e+01
1.680080666260527849e+09,1.619600000000000000e+04,3.080000000000000000e+02,3.120000000000000000e+02,-6.150000000000000000e+02,5.900000000000000000e+01,1.400000000000000000e+01
1.680080666264640570e+09,1.615600000000000000e+04,3.320000000000000000e+02,3.040000000000000000e+02,-5.990000000000000000e+02,3.500000000000000000e+01,1.800000000000000000e+01
1.680080666268470764e+09,1.622000000000000000e+04,2.800000000000000000e+02,3.480000000000000000e+02,-6.270000000000000000e+02,2.400000000000000000e+01,4.700000000000000000e+01
1.680080666271943569e+09,1.615600000000000000e+04,3.480000000000000000e+02,3.280000000000000000e+02,-6.470000000000000000e+02,3.700000000000000000e+01,3.800000000000000000e+01
1.680080666276039600e+09,1.612400000000000000e+04,2.960000000000000000e+02,3.840000000000000000e+02,-6.310000000000000000e+02,5.800000000000000000e+01,4.000000000000000000e+00
1.680080666280019760e+09,1.624000000000000000e+04,2.880000000000000000e+02,3.320000000000000000e+02,-6.110000000000000000e+02,2.000000000000000000e+01,1.200000000000000000e+01
1.680080666283591270e+09,1.615200000000000000e+04,2.520000000000000000e+02,3.240000000000000000e+02,-6.590000000000000000e+02,1.500000000000000000e+01,3.900000000000000000e+01
1.680080666287818432e+09,1.619200000000000000e+04,2.480000000000000000e+02,2.320000000000000000e+02,-6.440000000000000000e+02,2.500000000000000000e+01,3.800000000000000000e+01
1.680080666291897774e+09,1.622000000000000000e+04,1.880000000000000000e+02,3.200000000000000000e+02,-6.460000000000000000e+02,2.400000000000000000e+01,1.400000000000000000e+01
1.680080666295879841e+09,1.629600000000000000e+04,3.360000000000000000e+02,3.600000000000000000e+02,-6.650000000000000000e+02,3.600000000000000000e+01,2.700000000000000000e+01
1.680080666299709797e+09,1.615600000000000000e+04,2.920000000000000000e+02,2.480000000000000000e+02,-6.720000000000000000e+02,7.200000000000000000e+01,4.900000000000000000e+01
1.680080666303529739e+09,1.620400000000000000e+04,2.680000000000000000e+02,3.040000000000000000e+02,-6.440000000000000000e+02,1.000000000000000000e+01,5.100000000000000000e+01
1.680080666307394743e+09,1.616800000000000000e+04,3.720000000000000000e+02,2.680000000000000000e+02,-6.540000000000000000e+02,2.400000000000000000e+01,2.400000000000000000e+01
1.680080666311352730e+09,1.627600000000000000e+04,3.000000000000000000e+02,3.080000000000000000e+02,-6.630000000000000000e+02,3.200000000000000000e+01,2.600000000000000000e+01
1.680080666315302372e+09,1.614800000000000000e+04,4.320000000000000000e+02,4.200000000000000000e+02,-6.330000000000000000e+02,6.900000000000000000e+01,1.600000000000000000e+01
1.680080666319432020e+09,1.614000000000000000e+04,3.760000000000000000e+02,2.600000000000000000e+02,-6.490000000000000000e+02,2.700000000000000000e+01,2.500000000000000000e+01
1.680080666323442698e+09,1.609200000000000000e+04,3.480000000000000000e+02,3.240000000000000000e+02,-6.340000000000000000e+02,4.700000000000000000e+01,3.100000000000000000e+01
1.680080666327381134e+09,1.619200000000000000e+04,2.760000000000000000e+02,3.960000000000000000e+02,-6.410000000000000000e+02,4.600000000000000000e+01,4.800000000000000000e+01
1.680080666330979347e+09,1.616800000000000000e+04,3.480000000000000000e+02,4.040000000000000000e+02,-6.520000000000000000e+02,4.200000000000000000e+01,1.800000000000000000e+01
1.680080666335069180e+09,1.632000000000000000e+04,3.240000000000000000e+02,3.120000000000000000e+02,-6.190000000000000000e+02,3.400000000000000000e+01,3.300000000000000000e+01
1.680080666339189291e+09,1.626400000000000000e+04,3.080000000000000000e+02,2.800000000000000000e+02,-6.440000000000000000e+02,4.300000000000000000e+01,3.100000000000000000e+01
1.680080666342948675e+09,1.622000000000000000e+04,2.960000000000000000e+02,2.680000000000000000e+02,-6.080000000000000000e+02,3.200000000000000000e+01,3.000000000000000000e+01
1.680080666347042084e+09,1.625600000000000000e+04,2.400000000000000000e+02,2.960000000000000000e+02,-6.340000000000000000e+02,3.900000000000000000e+01,4.700000000000000000e+01
1.680080666350822926e+09,1.616000000000000000e+04,2.680000000000000000e+02,3.640000000000000000e+02,-6.570000000000000000e+02,3.700000000000000000e+01,4.200000000000000000e+01
1.680080666354677677e+09,1.613200000000000000e+04,4.040000000000000000e+02,3.520000000000000000e+02,-6.180000000000000000e+02,5.800000000000000000e+01,5.000000000000000000e+01
1.680080666358369827e+09,1.615200000000000000e+04,3.000000000000000000e+02,3.320000000000000000e+02,-6.330000000000000000e+02,6.600000000000000000e+01,4.500000000000000000e+01
1.680080666362333298e+09,1.618400000000000000e+04,3.560000000000000000e+02,3.760000000000000000e+02,-6.230000000000000000e+02,4.300000000000000000e+01,4.400000000000000000e+01
1.680080666366370678e+09,1.622400000000000000e+04,3.280000000000000000e+02,2.400000000000000000e+02,-6.410000000000000000e+02,7.400000000000000000e+01,3.200000000000000000e+01
1.680080666370424509e+09,1.622400000000000000e+04,2.920000000000000000e+02,2.640000000000000000e+02,-6.290000000000000000e+02,4.200000000000000000e+01,4.100000000000000000e+01
1.680080666374005795e+09,1.610800000000000000e+04,2.800000000000000000e+02,3.920000000000000000e+02,-6.610000000000000000e+02,4.600000000000000000e+01,3.800000000000000000e+01
1.680080666378238440e+09,1.618800000000000000e+04,3.000000000000000000e+02,2.640000000000000000e+02,-6.390000000000000000e+02,4.700000000000000000e+01,2.300000000000000000e+01
1.680080666382091045e+09,1.625600000000000000e+04,2.760000000000000000e+02,2.360000000000000000e+02,-6.710000000000000000e+02,3.600000000000000000e+01,4.200000000000000000e+01
1.680080666385621309e+09,1.620400000000000000e+04,3.280000000000000000e+02,2.520000000000000000e+02,-6.370000000000000000e+02,5.600000000000000000e+01,2.800000000000000000e+01
1.680080666389461517e+09,1.616400000000000000e+04,3.120000000000000000e+02,3.720000000000000000e+02,-6.150000000000000000e+02,5.400000000000000000e+01,2.800000000000000000e+01
1.680080666393437862e+09,1.625200000000000000e+04,2.880000000000000000e+02,3.760000000000000000e+02,-6.050000000000000000e+02,6.800000000000000000e+01,1.900000000000000000e+01
1.680080666397177458e+09,1.621200000000000000e+04,3.120000000000000000e+02,2.600000000000000000e+02,-5.870000000000000000e+02,5.300000000000000000e+01,5.500000000000000000e+01
1.680080666401075125e+09,1.615600000000000000e+04,2.200000000000000000e+02,3.200000000000000000e+02,-6.160000000000000000e+02,2.200000000000000000e+01,2.500000000000000000e+01
1.680080666405115604e+09,1.617600000000000000e+04,2.560000000000000000e+02,2.800000000000000000e+02,-6.420000000000000000e+02,5.500000000000000000e+01,2.900000000000000000e+01
1.680080666408910990e+09,1.618400000000000000e+04,2.600000000000000000e+02,4.520000000000000000e+02,-6.410000000000000000e+02,1.100000000000000000e+01,3.100000000000000000e+01
1.680080666412912846e+09,1.622000000000000000e+04,2.960000000000000000e+02,2.520000000000000000e+02,-6.670000000000000000e+02,4.300000000000000000e+01,3.100000000000000000e+01
1.680080666416599989e+09,1.617200000000000000e+04,2.120000000000000000e+02,2.760000000000000000e+02,-6.510000000000000000e+02,6.900000000000000000e+01,5.500000000000000000e+01
1.680080666420359373e+09,1.613200000000000000e+04,2.120000000000000000e+02,3.640000000000000000e+02,-6.290000000000000000e+02,4.400000000000000000e+01,1.300000000000000000e+01
1.680080666424316883e+09,1.627200000000000000e+04,3.160000000000000000e+02,2.720000000000000000e+02,-6.440000000000000000e+02,3.000000000000000000e+01,3.000000000000000000e+01
1.680080666427881002e+09,1.622000000000000000e+04,2.480000000000000000e+02,2.920000000000000000e+02,-6.320000000000000000e+02,4.900000000000000000e+01,3.500000000000000000e+01
1.680080666431901932e+09,1.622800000000000000e+04,3.320000000000000000e+02,3.400000000000000000e+02,-6.410000000000000000e+02,4.000000000000000000e+01,4.300000000000000000e+01
1.680080666435661316e+09,1.618000000000000000e+04,2.760000000000000000e+02,2.840000000000000000e+02,-6.400000000000000000e+02,5.400000000000000000e+01,3.800000000000000000e+01
1.680080666439345360e+09,1.626000000000000000e+04,4.960000000000000000e+02,2.960000000000000000e+02,-6.440000000000000000e+02,3.200000000000000000e+01,4.000000000000000000e+01
1.680080666442856789e+09,1.619600000000000000e+04,3.360000000000000000e+02,2.840000000000000000e+02,-6.490000000000000000e+02,3.000000000000000000e+01,3.200000000000000000e+01
1.680080666447159290e+09,1.610000000000000000e+04,3.040000000000000000e+02,2.040000000000000000e+02,-6.580000000000000000e+02,2.100000000000000000e+01,3.200000000000000000e+01
1.680080666450796127e+09,1.626000000000000000e+04,2.720000000000000000e+02,3.720000000000000000e+02,-6.710000000000000000e+02,3.500000000000000000e+01,3.800000000000000000e+01
1.680080666454193830e+09,1.620000000000000000e+04,2.200000000000000000e+02,4.000000000000000000e+02,-6.270000000000000000e+02,5.100000000000000000e+01,4.600000000000000000e+01
1.680080666458242416e+09,1.624400000000000000e+04,3.640000000000000000e+02,2.840000000000000000e+02,-6.530000000000000000e+02,2.900000000000000000e+01,2.800000000000000000e+01
1.680080666461821795e+09,1.610800000000000000e+04,2.320000000000000000e+02,1.720000000000000000e+02,-6.710000000000000000e+02,7.600000000000000000e+01,5.000000000000000000e+01
1.680080666465523720e+09,1.619600000000000000e+04,3.080000000000000000e+02,2.920000000000000000e+02,-6.590000000000000000e+02,5.000000000000000000e+01,3.100000000000000000e+01
1.680080666469210386e+09,1.611600000000000000e+04,2.640000000000000000e+02,3.480000000000000000e+02,-6.310000000000000000e+02,5.700000000000000000e+01,1.600000000000000000e+01
1.680080666473056078e+09,1.622000000000000000e+04,3.120000000000000000e+02,2.800000000000000000e+02,-6.560000000000000000e+02,3.200000000000000000e+01,2.700000000000000000e+01
1.680080666477189064e+09,1.626400000000000000e+04,2.880000000000000000e+02,2.280000000000000000e+02,-6.740000000000000000e+02,4.200000000000000000e+01,1.000000000000000000e+00
1.680080666481113195e+09,1.614800000000000000e+04,2.880000000000000000e+02,1.320000000000000000e+02,-6.560000000000000000e+02,7.000000000000000000e+01,4.500000000000000000e+01
1.680080666484674454e+09,1.613600000000000000e+04,3.320000000000000000e+02,3.160000000000000000e+02,-6.640000000000000000e+02,7.800000000000000000e+01,3.100000000000000000e+01
1.680080666488559008e+09,1.617200000000000000e+04,3.240000000000000000e+02,3.280000000000000000e+02,-6.750000000000000000e+02,4.000000000000000000e+01,4.600000000000000000e+01
1.680080666492517471e+09,1.623600000000000000e+04,3.000000000000000000e+02,3.520000000000000000e+02,-6.470000000000000000e+02,6.000000000000000000e+01,2.900000000000000000e+01
1.680080666496404648e+09,1.618000000000000000e+04,3.760000000000000000e+02,2.080000000000000000e+02,-6.430000000000000000e+02,5.300000000000000000e+01,3.700000000000000000e+01
1.680080666500376463e+09,1.625200000000000000e+04,2.760000000000000000e+02,3.600000000000000000e+02,-6.400000000000000000e+02,3.800000000000000000e+01,0.000000000000000000e+00
1.680080666504206657e+09,1.618800000000000000e+04,4.000000000000000000e+02,1.880000000000000000e+02,-6.360000000000000000e+02,5.300000000000000000e+01,3.200000000000000000e+01
1.680080666507868767e+09,1.614400000000000000e+04,3.440000000000000000e+02,3.040000000000000000e+02,-6.330000000000000000e+02,7.500000000000000000e+01,3.700000000000000000e+01
1.680080666511877298e+09,1.619600000000000000e+04,3.640000000000000000e+02,2.960000000000000000e+02,-6.380000000000000000e+02,4.400000000000000000e+01,2.800000000000000000e+01
1.680080666515451908e+09,1.622800000000000000e+04,3.080000000000000000e+02,3.840000000000000000e+02,-6.240000000000000000e+02,5.100000000000000000e+01,5.300000000000000000e+01
1.680080666519589186e+09,1.619600000000000000e+04,2.920000000000000000e+02,3.360000000000000000e+02,-6.250000000000000000e+02,5.800000000000000000e+01,3.600000000000000000e+01
1.680080666523077726e+09,1.616800000000000000e+04,3.640000000000000000e+02,3.120000000000000000e+02,-6.060000000000000000e+02,3.300000000000000000e+01,1.300000000000000000e+01
1.680080666526700020e+09,1.629600000000000000e+04,3.120000000000000000e+02,2.600000000000000000e+02,-6.450000000000000000e+02,5.500000000000000000e+01,3.700000000000000000e+01
1.680080666530603170e+09,1.622800000000000000e+04,3.200000000000000000e+02,3.160000000000000000e+02,-6.610000000000000000e+02,4.300000000000000000e+01,3.700000000000000000e+01
1.680080666534443855e+09,1.616000000000000000e+04,3.240000000000000000e+02,2.360000000000000000e+02,-6.370000000000000000e+02,5.600000000000000000e+01,3.600000000000000000e+01
1.680080666538725615e+09,1.620000000000000000e+04,3.640000000000000000e+02,2.360000000000000000e+02,-6.300000000000000000e+02,7.200000000000000000e+01,4.700000000000000000e+01
1.680080666542620897e+09,1.619200000000000000e+04,3.160000000000000000e+02,2.000000000000000000e+02,-6.500000000000000000e+02,3.100000000000000000e+01,4.300000000000000000e+01
1.680080666546521187e+09,1.623200000000000000e+04,3.240000000000000000e+02,3.680000000000000000e+02,-6.400000000000000000e+02,1.900000000000000000e+01,1.500000000000000000e+01
1.680080666550537109e+09,1.626400000000000000e+04,2.920000000000000000e+02,3.080000000000000000e+02,-6.330000000000000000e+02,3.800000000000000000e+01,3.800000000000000000e+01
1.680080666554380655e+09,1.621600000000000000e+04,3.280000000000000000e+02,2.320000000000000000e+02,-6.430000000000000000e+02,4.700000000000000000e+01,5.200000000000000000e+01
1.680080666558195829e+09,1.615200000000000000e+04,3.280000000000000000e+02,2.920000000000000000e+02,-6.660000000000000000e+02,3.600000000000000000e+01,8.000000000000000000e+00
1.680080666562004805e+09,1.622400000000000000e+04,3.920000000000000000e+02,2.920000000000000000e+02,-6.500000000000000000e+02,6.800000000000000000e+01,4.000000000000000000e+01
1.680080666565672874e+09,1.620000000000000000e+04,2.760000000000000000e+02,2.640000000000000000e+02,-6.420000000000000000e+02,5.000000000000000000e+01,1.800000000000000000e+01
1.680080666569838524e+09,1.621200000000000000e+04,2.680000000000000000e+02,2.720000000000000000e+02,-6.410000000000000000e+02,4.800000000000000000e+01,2.800000000000000000e+01
1.680080666573965549e+09,1.616400000000000000e+04,3.080000000000000000e+02,3.920000000000000000e+02,-6.380000000000000000e+02,5.200000000000000000e+01,3.600000000000000000e+01
1.680080666577852011e+09,1.615600000000000000e+04,3.480000000000000000e+02,3.360000000000000000e+02,-6.370000000000000000e+02,5.600000000000000000e+01,5.500000000000000000e+01
1.680080666581648827e+09,1.610000000000000000e+04,2.880000000000000000e+02,2.320000000000000000e+02,-6.340000000000000000e+02,5.100000000000000000e+01,2.700000000000000000e+01
1.680080666585720539e+09,1.626400000000000000e+04,2.560000000000000000e+02,3.880000000000000000e+02,-6.330000000000000000e+02,4.100000000000000000e+01,2.400000000000000000e+01
1.680080666589455843e+09,1.610400000000000000e+04,2.200000000000000000e+02,3.040000000000000000e+02,-6.310000000000000000e+02,3.800000000000000000e+01,2.400000000000000000e+01
1.680080666593639135e+09,1.623600000000000000e+04,3.520000000000000000e+02,4.680000000000000000e+02,-6.350000000000000000e+02,3.500000000000000000e+01,5.000000000000000000e+01
1.680080666597318411e+09,1.618800000000000000e+04,2.760000000000000000e+02,2.720000000000000000e+02,-6.220000000000000000e+02,4.000000000000000000e+01,3.700000000000000000e+01
1.680080666600999117e+09,1.616400000000000000e+04,2.640000000000000000e+02,2.520000000000000000e+02,-6.450000000000000000e+02,5.700000000000000000e+01,1.100000000000000000e+01
1.680080666605176926e+09,1.625600000000000000e+04,3.040000000000000000e+02,2.760000000000000000e+02,-6.520000000000000000e+02,8.100000000000000000e+01,1.600000000000000000e+01
1.680080666609297037e+09,1.618800000000000000e+04,3.520000000000000000e+02,3.080000000000000000e+02,-6.300000000000000000e+02,1.900000000000000000e+01,2.200000000000000000e+01
1.680080666612898588e+09,1.618000000000000000e+04,2.480000000000000000e+02,3.840000000000000000e+02,-6.250000000000000000e+02,2.600000000000000000e+01,2.000000000000000000e+01
1.680080666617057323e+09,1.614800000000000000e+04,3.080000000000000000e+02,3.960000000000000000e+02,-6.270000000000000000e+02,4.800000000000000000e+01,3.200000000000000000e+01
1.680080666621333361e+09,1.608000000000000000e+04,3.120000000000000000e+02,2.600000000000000000e+02,-6.360000000000000000e+02,6.900000000000000000e+01,2.200000000000000000e+01
1.680080666625326157e+09,1.615600000000000000e+04,2.480000000000000000e+02,3.240000000000000000e+02,-6.100000000000000000e+02,4.200000000000000000e+01,2.300000000000000000e+01
1.680080666629089117e+09,1.624800000000000000e+04,2.920000000000000000e+02,3.320000000000000000e+02,-6.340000000000000000e+02,6.200000000000000000e+01,3.400000000000000000e+01
1.680080666632856846e+09,1.620800000000000000e+04,4.480000000000000000e+02,4.040000000000000000e+02,-6.380000000000000000e+02,2.400000000000000000e+01,2.100000000000000000e+01
1.680080666636780739e+09,1.624800000000000000e+04,3.080000000000000000e+02,2.760000000000000000e+02,-6.310000000000000000e+02,5.800000000000000000e+01,3.600000000000000000e+01
1.680080666640739679e+09,1.617600000000000000e+04,3.480000000000000000e+02,4.240000000000000000e+02,-6.350000000000000000e+02,5.000000000000000000e+01,3.100000000000000000e+01
1.680080666644240141e+09,1.620000000000000000e+04,3.440000000000000000e+02,3.280000000000000000e+02,-6.250000000000000000e+02,6.000000000000000000e+01,4.400000000000000000e+01
1.680080666648512602e+09,1.616400000000000000e+04,3.120000000000000000e+02,2.920000000000000000e+02,-6.520000000000000000e+02,4.600000000000000000e+01,2.400000000000000000e+01
1.680080666652456045e+09,1.615600000000000000e+04,3.080000000000000000e+02,3.760000000000000000e+02,-6.460000000000000000e+02,6.900000000000000000e+01,5.000000000000000000e+00
1.680080666656452894e+09,1.624800000000000000e+04,3.520000000000000000e+02,4.760000000000000000e+02,-6.440000000000000000e+02,4.600000000000000000e+01,3.400000000000000000e+01
1.680080666659961700e+09,1.617600000000000000e+04,3.200000000000000000e+02,4.200000000000000000e+02,-6.580000000000000000e+02,2.800000000000000000e+01,4.500000000000000000e+01
1.680080666663915157e+09,1.617200000000000000e+04,3.440000000000000000e+02,2.600000000000000000e+02,-6.430000000000000000e+02,7.000000000000000000e+01,2.900000000000000000e+01
1.680080666667593956e+09,1.625600000000000000e+04,3.240000000000000000e+02,3.320000000000000000e+02,-6.310000000000000000e+02,4.400000000000000000e+01,5.500000000000000000e+01
1.680080666671387434e+09,1.622800000000000000e+04,2.920000000000000000e+02,3.720000000000000000e+02,-6.430000000000000000e+02,7.200000000000000000e+01,2.700000000000000000e+01
1.680080666675384045e+09,1.617600000000000000e+04,2.560000000000000000e+02,3.280000000000000000e+02,-6.240000000000000000e+02,4.000000000000000000e+01,3.800000000000000000e+01
1.680080666679587126e+09,1.614800000000000000e+04,3.080000000000000000e+02,2.760000000000000000e+02,-6.680000000000000000e+02,5.300000000000000000e+01,3.600000000000000000e+01
1.680080666683541298e+09,1.612800000000000000e+04,3.200000000000000000e+02,3.240000000000000000e+02,-6.730000000000000000e+02,7.000000000000000000e+00,4.700000000000000000e+01
1.680080666687487841e+09,1.624400000000000000e+04,3.320000000000000000e+02,3.200000000000000000e+02,-6.210000000000000000e+02,5.600000000000000000e+01,2.500000000000000000e+01
1.680080666691259146e+09,1.618000000000000000e+04,2.680000000000000000e+02,3.640000000000000000e+02,-6.230000000000000000e+02,4.400000000000000000e+01,4.800000000000000000e+01
1.680080666695329189e+09,1.610000000000000000e+04,2.680000000000000000e+02,2.080000000000000000e+02,-6.180000000000000000e+02,3.800000000000000000e+01,2.000000000000000000e+01
1.680080666699191332e+09,1.622400000000000000e+04,3.040000000000000000e+02,2.440000000000000000e+02,-6.220000000000000000e+02,6.000000000000000000e+01,2.600000000000000000e+01
1.680080666703121185e+09,1.615200000000000000e+04,2.560000000000000000e+02,1.920000000000000000e+02,-6.150000000000000000e+02,4.500000000000000000e+01,4.600000000000000000e+01
1.680080666707190037e+09,1.619600000000000000e+04,3.640000000000000000e+02,2.720000000000000000e+02,-6.240000000000000000e+02,3.400000000000000000e+01,4.100000000000000000e+01
1.680080666711093903e+09,1.616000000000000000e+04,2.160000000000000000e+02,2.120000000000000000e+02,-6.110000000000000000e+02,4.900000000000000000e+01,2.600000000000000000e+01
1.680080666715073109e+09,1.622800000000000000e+04,2.640000000000000000e+02,2.360000000000000000e+02,-6.030000000000000000e+02,4.800000000000000000e+01,3.000000000000000000e+01
1.680080666719041109e+09,1.620000000000000000e+04,3.200000000000000000e+02,2.480000000000000000e+02,-6.380000000000000000e+02,2.500000000000000000e+01,2.800000000000000000e+01
1.680080666723048210e+09,1.612400000000000000e+04,4.240000000000000000e+02,3.320000000000000000e+02,-6.140000000000000000e+02,4.700000000000000000e+01,2.200000000000000000e+01
1.680080666726711273e+09,1.618000000000000000e+04,3.160000000000000000e+02,2.840000000000000000e+02,-6.450000000000000000e+02,4.400000000000000000e+01,3.800000000000000000e+01
1.680080666730381250e+09,1.623200000000000000e+04,3.000000000000000000e+02,4.160000000000000000e+02,-6.400000000000000000e+02,4.900000000000000000e+01,5.400000000000000000e+01
1.680080666734361887e+09,1.615600000000000000e+04,3.320000000000000000e+02,2.320000000000000000e+02,-6.280000000000000000e+02,2.900000000000000000e+01,3.400000000000000000e+01
1.680080666738124609e+09,1.621600000000000000e+04,2.520000000000000000e+02,2.600000000000000000e+02,-6.570000000000000000e+02,3.000000000000000000e+01,2.700000000000000000e+01
1.680080666742840767e+09,1.623600000000000000e+04,3.520000000000000000e+02,7.600000000000000000e+01,-6.160000000000000000e+02,6.100000000000000000e+01,2.500000000000000000e+01
1.680080666747286797e+09,1.625600000000000000e+04,2.720000000000000000e+02,3.000000000000000000e+02,-6.550000000000000000e+02,3.900000000000000000e+01,3.500000000000000000e+01
1.680080666751313448e+09,1.619600000000000000e+04,2.560000000000000000e+02,4.080000000000000000e+02,-6.200000000000000000e+02,6.900000000000000000e+01,3.700000000000000000e+01
1.680080666755303860e+09,1.624000000000000000e+04,2.520000000000000000e+02,2.880000000000000000e+02,-6.000000000000000000e+02,2.800000000000000000e+01,4.100000000000000000e+01
1.680080666759263277e+09,1.623600000000000000e+04,2.520000000000000000e+02,3.000000000000000000e+02,-6.140000000000000000e+02,8.400000000000000000e+01,1.800000000000000000e+01
1.680080666762966156e+09,1.613600000000000000e+04,2.840000000000000000e+02,3.080000000000000000e+02,-6.250000000000000000e+02,8.100000000000000000e+01,5.400000000000000000e+01
1.680080666767038345e+09,1.616800000000000000e+04,2.440000000000000000e+02,2.120000000000000000e+02,-6.190000000000000000e+02,4.500000000000000000e+01,2.400000000000000000e+01
1.680080666770526171e+09,1.618800000000000000e+04,2.920000000000000000e+02,2.440000000000000000e+02,-6.080000000000000000e+02,3.100000000000000000e+01,4.600000000000000000e+01
1.680080666774598360e+09,1.616400000000000000e+04,3.200000000000000000e+02,2.440000000000000000e+02,-6.440000000000000000e+02,5.800000000000000000e+01,4.600000000000000000e+01
1.680080666781230927e+09,1.624400000000000000e+04,3.040000000000000000e+02,4.440000000000000000e+02,-6.450000000000000000e+02,3.800000000000000000e+01,3.800000000000000000e+01
1.680080666785230160e+09,1.626800000000000000e+04,3.320000000000000000e+02,3.360000000000000000e+02,-6.540000000000000000e+02,3.100000000000000000e+01,2.000000000000000000e+01
1.680080666788993359e+09,1.624800000000000000e+04,3.160000000000000000e+02,3.280000000000000000e+02,-6.270000000000000000e+02,4.700000000000000000e+01,3.800000000000000000e+01
1.680080666793204784e+09,1.611200000000000000e+04,2.880000000000000000e+02,2.480000000000000000e+02,-6.390000000000000000e+02,6.500000000000000000e+01,4.800000000000000000e+01
1.680080666796981096e+09,1.611600000000000000e+04,3.160000000000000000e+02,2.560000000000000000e+02,-6.010000000000000000e+02,5.200000000000000000e+01,3.900000000000000000e+01
1.680080666800590515e+09,1.608400000000000000e+04,3.080000000000000000e+02,3.280000000000000000e+02,-6.160000000000000000e+02,5.300000000000000000e+01,4.000000000000000000e+01
1.680080666804679155e+09,1.605600000000000000e+04,3.480000000000000000e+02,3.160000000000000000e+02,-6.570000000000000000e+02,4.100000000000000000e+01,2.400000000000000000e+01
1.680080666809436321e+09,1.614400000000000000e+04,3.080000000000000000e+02,3.520000000000000000e+02,-6.420000000000000000e+02,3.000000000000000000e+01,2.700000000000000000e+01
1.680080666812988043e+09,1.624000000000000000e+04,3.520000000000000000e+02,4.120000000000000000e+02,-6.500000000000000000e+02,3.800000000000000000e+01,4.100000000000000000e+01
1.680080666817422152e+09,1.618800000000000000e+04,3.840000000000000000e+02,3.200000000000000000e+02,-6.340000000000000000e+02,3.800000000000000000e+01,6.800000000000000000e+01
1.680080666821054697e+09,1.618000000000000000e+04,3.040000000000000000e+02,4.440000000000000000e+02,-6.280000000000000000e+02,5.900000000000000000e+01,3.800000000000000000e+01
1.680080666824941158e+09,1.608800000000000000e+04,2.080000000000000000e+02,2.920000000000000000e+02,-6.060000000000000000e+02,2.800000000000000000e+01,2.100000000000000000e+01
1.680080666829194784e+09,1.616400000000000000e+04,2.800000000000000000e+02,4.040000000000000000e+02,-6.430000000000000000e+02,5.200000000000000000e+01,3.200000000000000000e+01
1.680080666832932234e+09,1.622000000000000000e+04,3.680000000000000000e+02,2.360000000000000000e+02,-6.760000000000000000e+02,3.500000000000000000e+01,1.900000000000000000e+01
1.680080666836545944e+09,1.621600000000000000e+04,3.120000000000000000e+02,3.600000000000000000e+02,-6.780000000000000000e+02,3.500000000000000000e+01,2.700000000000000000e+01
1.680080666840751410e+09,1.612400000000000000e+04,2.960000000000000000e+02,3.720000000000000000e+02,-6.820000000000000000e+02,3.700000000000000000e+01,2.800000000000000000e+01
1.680080666844619274e+09,1.619200000000000000e+04,2.720000000000000000e+02,2.360000000000000000e+02,-6.650000000000000000e+02,4.700000000000000000e+01,4.200000000000000000e+01
1.680080666848341942e+09,1.626000000000000000e+04,2.640000000000000000e+02,4.920000000000000000e+02,-6.380000000000000000e+02,5.300000000000000000e+01,1.500000000000000000e+01
1.680080666852551699e+09,1.624000000000000000e+04,3.480000000000000000e+02,2.640000000000000000e+02,-6.590000000000000000e+02,4.400000000000000000e+01,1.400000000000000000e+01
1.680080666856472492e+09,1.616000000000000000e+04,3.720000000000000000e+02,2.920000000000000000e+02,-6.350000000000000000e+02,2.300000000000000000e+01,3.500000000000000000e+01
1.680080666860265970e+09,1.629200000000000000e+04,2.680000000000000000e+02,2.520000000000000000e+02,-6.400000000000000000e+02,4.900000000000000000e+01,3.800000000000000000e+01
1.680080666864074945e+09,1.618400000000000000e+04,2.400000000000000000e+02,3.240000000000000000e+02,-6.450000000000000000e+02,4.500000000000000000e+01,1.600000000000000000e+01
1.680080666869042158e+09,1.625200000000000000e+04,3.000000000000000000e+02,3.000000000000000000e+02,-6.080000000000000000e+02,1.800000000000000000e+01,5.200000000000000000e+01
1.680080666872323275e+09,1.621600000000000000e+04,3.480000000000000000e+02,3.680000000000000000e+02,-6.340000000000000000e+02,4.200000000000000000e+01,3.800000000000000000e+01
1.680080666876567841e+09,1.615200000000000000e+04,2.440000000000000000e+02,3.160000000000000000e+02,-6.160000000000000000e+02,4.500000000000000000e+01,1.600000000000000000e+01
1.680080666880471945e+09,1.616400000000000000e+04,4.000000000000000000e+02,2.720000000000000000e+02,-6.350000000000000000e+02,4.200000000000000000e+01,1.900000000000000000e+01
1.680080666885867596e+09,1.618800000000000000e+04,3.160000000000000000e+02,3.640000000000000000e+02,-6.600000000000000000e+02,3.100000000000000000e+01,5.100000000000000000e+01
1.680080666889832020e+09,1.622000000000000000e+04,3.280000000000000000e+02,3.800000000000000000e+02,-6.270000000000000000e+02,5.000000000000000000e+01,3.900000000000000000e+01
1.680080666893741608e+09,1.619200000000000000e+04,2.480000000000000000e+02,2.280000000000000000e+02,-6.310000000000000000e+02,5.000000000000000000e+01,2.600000000000000000e+01
1.680080666897911072e+09,1.613200000000000000e+04,3.520000000000000000e+02,4.480000000000000000e+02,-6.530000000000000000e+02,5.900000000000000000e+01,3.700000000000000000e+01
1.680080666901716471e+09,1.616400000000000000e+04,3.320000000000000000e+02,3.720000000000000000e+02,-6.390000000000000000e+02,1.000000000000000000e+01,2.300000000000000000e+01
1.680080666905342102e+09,1.619600000000000000e+04,3.000000000000000000e+02,3.880000000000000000e+02,-6.540000000000000000e+02,6.000000000000000000e+01,3.300000000000000000e+01
1.680080666909453869e+09,1.618800000000000000e+04,2.600000000000000000e+02,2.120000000000000000e+02,-6.350000000000000000e+02,6.100000000000000000e+01,3.600000000000000000e+01
1.680080666913110018e+09,1.607600000000000000e+04,3.520000000000000000e+02,3.200000000000000000e+02,-6.210000000000000000e+02,5.000000000000000000e+01,4.400000000000000000e+01
1.680080666916916370e+09,1.618400000000000000e+04,2.400000000000000000e+02,3.480000000000000000e+02,-6.250000000000000000e+02,4.700000000000000000e+01,4.800000000000000000e+01
1.680080666921011209e+09,1.613600000000000000e+04,3.960000000000000000e+02,2.600000000000000000e+02,-6.180000000000000000e+02,3.400000000000000000e+01,2.600000000000000000e+01
1.680080666925063610e+09,1.616400000000000000e+04,2.880000000000000000e+02,1.720000000000000000e+02,-6.330000000000000000e+02,4.700000000000000000e+01,4.100000000000000000e+01
1.680080666928828716e+09,1.624000000000000000e+04,3.600000000000000000e+02,3.000000000000000000e+02,-6.610000000000000000e+02,7.200000000000000000e+01,3.400000000000000000e+01
1.680080666932689905e+09,1.611200000000000000e+04,2.880000000000000000e+02,2.600000000000000000e+02,-6.380000000000000000e+02,6.400000000000000000e+01,4.000000000000000000e+01
1.680080666936603069e+09,1.613600000000000000e+04,2.200000000000000000e+02,2.800000000000000000e+02,-6.600000000000000000e+02,4.500000000000000000e+01,3.500000000000000000e+01
1.680080666940574646e+09,1.618400000000000000e+04,3.400000000000000000e+02,3.920000000000000000e+02,-6.480000000000000000e+02,4.300000000000000000e+01,2.000000000000000000e+01
1.680080666944070339e+09,1.617600000000000000e+04,2.160000000000000000e+02,2.920000000000000000e+02,-6.320000000000000000e+02,3.900000000000000000e+01,5.100000000000000000e+01
1.680080666948174953e+09,1.633600000000000000e+04,2.400000000000000000e+02,3.160000000000000000e+02,-6.180000000000000000e+02,6.600000000000000000e+01,2.900000000000000000e+01
1.680080666951895237e+09,1.614800000000000000e+04,3.680000000000000000e+02,2.200000000000000000e+02,-6.460000000000000000e+02,5.800000000000000000e+01,9.000000000000000000e+00
1.680080666955499887e+09,1.610800000000000000e+04,3.960000000000000000e+02,3.800000000000000000e+02,-6.240000000000000000e+02,5.600000000000000000e+01,3.600000000000000000e+01
1.680080666959681034e+09,1.626400000000000000e+04,3.360000000000000000e+02,1.800000000000000000e+02,-6.370000000000000000e+02,4.700000000000000000e+01,1.900000000000000000e+01
1.680080666963682413e+09,1.622000000000000000e+04,2.080000000000000000e+02,3.320000000000000000e+02,-6.390000000000000000e+02,-4.000000000000000000e+00,3.200000000000000000e+01
1.680080666967197180e+09,1.612800000000000000e+04,2.560000000000000000e+02,3.400000000000000000e+02,-6.850000000000000000e+02,6.000000000000000000e+00,2.300000000000000000e+01
1.680080666971231461e+09,1.621600000000000000e+04,3.320000000000000000e+02,2.760000000000000000e+02,-6.710000000000000000e+02,3.100000000000000000e+01,3.500000000000000000e+01
1.680080666975296974e+09,1.621600000000000000e+04,2.760000000000000000e+02,3.200000000000000000e+02,-6.560000000000000000e+02,5.200000000000000000e+01,4.600000000000000000e+01
1.680080666979425907e+09,1.615200000000000000e+04,3.000000000000000000e+02,3.240000000000000000e+02,-6.120000000000000000e+02,5.200000000000000000e+01,2.100000000000000000e+01
1.680080666983186007e+09,1.618400000000000000e+04,2.800000000000000000e+02,4.920000000000000000e+02,-6.450000000000000000e+02,3.200000000000000000e+01,2.600000000000000000e+01
1.680080666987046480e+09,1.620800000000000000e+04,3.560000000000000000e+02,4.240000000000000000e+02,-6.430000000000000000e+02,3.300000000000000000e+01,2.100000000000000000e+01
1.680080666990870476e+09,1.630000000000000000e+04,3.080000000000000000e+02,1.760000000000000000e+02,-6.270000000000000000e+02,2.500000000000000000e+01,4.000000000000000000e+01
1.680080666994391918e+09,1.628000000000000000e+04,3.480000000000000000e+02,2.920000000000000000e+02,-6.910000000000000000e+02,7.000000000000000000e+00,3.600000000000000000e+01
1.680080666998485565e+09,1.619600000000000000e+04,2.840000000000000000e+02,3.560000000000000000e+02,-6.520000000000000000e+02,5.800000000000000000e+01,3.200000000000000000e+01
1.680080667002273560e+09,1.615200000000000000e+04,3.320000000000000000e+02,2.600000000000000000e+02,-6.100000000000000000e+02,6.300000000000000000e+01,4.900000000000000000e+01
1.680080667005752087e+09,1.615600000000000000e+04,2.840000000000000000e+02,3.600000000000000000e+02,-6.330000000000000000e+02,4.200000000000000000e+01,5.100000000000000000e+01
1.680080667009968996e+09,1.624000000000000000e+04,3.640000000000000000e+02,4.000000000000000000e+02,-6.570000000000000000e+02,3.800000000000000000e+01,4.700000000000000000e+01
1.680080667014439344e+09,1.617600000000000000e+04,3.840000000000000000e+02,3.360000000000000000e+02,-6.590000000000000000e+02,5.400000000000000000e+01,1.900000000000000000e+01
1.680080667018413305e+09,1.613200000000000000e+04,3.080000000000000000e+02,2.280000000000000000e+02,-6.420000000000000000e+02,4.300000000000000000e+01,3.000000000000000000e+01
1.680080667021863937e+09,1.619600000000000000e+04,3.840000000000000000e+02,3.800000000000000000e+02,-6.270000000000000000e+02,3.800000000000000000e+01,1.600000000000000000e+01
1.680080667026012897e+09,1.616400000000000000e+04,3.280000000000000000e+02,2.920000000000000000e+02,-6.310000000000000000e+02,5.800000000000000000e+01,2.100000000000000000e+01
1.680080667029910088e+09,1.612000000000000000e+04,2.480000000000000000e+02,3.160000000000000000e+02,-6.290000000000000000e+02,5.500000000000000000e+01,4.300000000000000000e+01
1.680080667033653498e+09,1.619200000000000000e+04,2.360000000000000000e+02,3.560000000000000000e+02,-6.740000000000000000e+02,1.500000000000000000e+01,5.100000000000000000e+01
1.680080667037983894e+09,1.618000000000000000e+04,2.360000000000000000e+02,2.680000000000000000e+02,-6.840000000000000000e+02,3.200000000000000000e+01,2.800000000000000000e+01
1.680080667042156696e+09,1.610000000000000000e+04,2.280000000000000000e+02,3.720000000000000000e+02,-6.850000000000000000e+02,4.500000000000000000e+01,2.000000000000000000e+01
1.680080667046031713e+09,1.624000000000000000e+04,2.600000000000000000e+02,4.360000000000000000e+02,-6.970000000000000000e+02,5.800000000000000000e+01,2.800000000000000000e+01
1.680080667049921751e+09,1.614400000000000000e+04,2.000000000000000000e+02,5.080000000000000000e+02,-6.360000000000000000e+02,3.000000000000000000e+01,4.000000000000000000e+01
1.680080667054395199e+09,1.612800000000000000e+04,3.120000000000000000e+02,1.760000000000000000e+02,-6.370000000000000000e+02,6.700000000000000000e+01,3.100000000000000000e+01
1.680080667058341980e+09,1.635200000000000000e+04,2.600000000000000000e+02,4.240000000000000000e+02,-6.270000000000000000e+02,3.200000000000000000e+01,6.200000000000000000e+01
1.680080667061727762e+09,1.619200000000000000e+04,2.400000000000000000e+02,2.720000000000000000e+02,-6.410000000000000000e+02,3.800000000000000000e+01,3.000000000000000000e+01
1.680080667065727472e+09,1.618800000000000000e+04,3.280000000000000000e+02,3.400000000000000000e+02,-6.340000000000000000e+02,1.500000000000000000e+01,2.700000000000000000e+01
1.680080667069829941e+09,1.625600000000000000e+04,2.920000000000000000e+02,4.040000000000000000e+02,-6.840000000000000000e+02,3.700000000000000000e+01,3.300000000000000000e+01
1.680080667073945284e+09,1.611200000000000000e+04,2.440000000000000000e+02,2.400000000000000000e+02,-6.670000000000000000e+02,7.300000000000000000e+01,1.700000000000000000e+01
1.680080667077723742e+09,1.616400000000000000e+04,2.280000000000000000e+02,3.680000000000000000e+02,-6.250000000000000000e+02,3.100000000000000000e+01,4.000000000000000000e+01
1.680080667081502676e+09,1.618800000000000000e+04,3.920000000000000000e+02,2.560000000000000000e+02,-6.790000000000000000e+02,4.400000000000000000e+01,3.300000000000000000e+01
1.680080667085337639e+09,1.616000000000000000e+04,3.800000000000000000e+02,3.800000000000000000e+02,-6.470000000000000000e+02,3.300000000000000000e+01,2.500000000000000000e+01
1.680080667088919640e+09,1.621200000000000000e+04,3.320000000000000000e+02,3.080000000000000000e+02,-6.500000000000000000e+02,5.900000000000000000e+01,4.000000000000000000e+01
1.680080667093242884e+09,1.615200000000000000e+04,3.880000000000000000e+02,2.960000000000000000e+02,-6.550000000000000000e+02,3.700000000000000000e+01,2.700000000000000000e+01
1.680080667097259045e+09,1.627200000000000000e+04,2.880000000000000000e+02,2.640000000000000000e+02,-6.040000000000000000e+02,4.500000000000000000e+01,2.100000000000000000e+01
1.680080667100900888e+09,1.616000000000000000e+04,2.920000000000000000e+02,3.040000000000000000e+02,-6.400000000000000000e+02,4.200000000000000000e+01,4.300000000000000000e+01
1.680080667104668856e+09,1.621600000000000000e+04,2.960000000000000000e+02,2.680000000000000000e+02,-6.370000000000000000e+02,7.100000000000000000e+01,2.000000000000000000e+01
1.680080667108711004e+09,1.612000000000000000e+04,3.160000000000000000e+02,2.240000000000000000e+02,-6.370000000000000000e+02,-1.200000000000000000e+01,1.800000000000000000e+01
1.680080667112559795e+09,1.619600000000000000e+04,3.520000000000000000e+02,3.440000000000000000e+02,-6.740000000000000000e+02,6.100000000000000000e+01,1.700000000000000000e+01
1.680080667116475821e+09,1.619600000000000000e+04,3.640000000000000000e+02,2.760000000000000000e+02,-6.120000000000000000e+02,5.300000000000000000e+01,3.200000000000000000e+01
1.680080667120427608e+09,1.620400000000000000e+04,2.600000000000000000e+02,3.480000000000000000e+02,-6.590000000000000000e+02,4.500000000000000000e+01,2.000000000000000000e+01
1.680080667124452353e+09,1.613200000000000000e+04,3.600000000000000000e+02,2.440000000000000000e+02,-6.460000000000000000e+02,2.100000000000000000e+01,1.700000000000000000e+01
1.680080667128370285e+09,1.614400000000000000e+04,2.680000000000000000e+02,4.120000000000000000e+02,-6.860000000000000000e+02,4.000000000000000000e+01,3.900000000000000000e+01
1.680080667132433176e+09,1.625600000000000000e+04,3.600000000000000000e+02,2.720000000000000000e+02,-6.680000000000000000e+02,4.200000000000000000e+01,2.300000000000000000e+01
1.680080667136065245e+09,1.615200000000000000e+04,3.320000000000000000e+02,3.480000000000000000e+02,-6.130000000000000000e+02,4.600000000000000000e+01,3.800000000000000000e+01
1.680080667140157700e+09,1.631600000000000000e+04,2.120000000000000000e+02,3.760000000000000000e+02,-6.360000000000000000e+02,7.100000000000000000e+01,2.700000000000000000e+01
1.680080667144260168e+09,1.615600000000000000e+04,2.720000000000000000e+02,2.600000000000000000e+02,-6.780000000000000000e+02,5.700000000000000000e+01,4.100000000000000000e+01
1.680080667148027897e+09,1.613200000000000000e+04,2.560000000000000000e+02,3.720000000000000000e+02,-6.470000000000000000e+02,5.900000000000000000e+01,3.900000000000000000e+01
1.680080667152147055e+09,1.609600000000000000e+04,3.560000000000000000e+02,3.440000000000000000e+02,-6.420000000000000000e+02,4.700000000000000000e+01,3.600000000000000000e+01
1.680080667156234741e+09,1.622000000000000000e+04,2.760000000000000000e+02,4.320000000000000000e+02,-6.680000000000000000e+02,3.500000000000000000e+01,2.900000000000000000e+01
1.680080667160373926e+09,1.615200000000000000e+04,2.200000000000000000e+02,2.240000000000000000e+02,-6.710000000000000000e+02,4.800000000000000000e+01,3.000000000000000000e+00
1.680080667164009809e+09,1.614800000000000000e+04,3.520000000000000000e+02,1.760000000000000000e+02,-6.540000000000000000e+02,5.600000000000000000e+01,4.300000000000000000e+01
1.680080667167848349e+09,1.616000000000000000e+04,3.200000000000000000e+02,3.880000000000000000e+02,-6.250000000000000000e+02,4.000000000000000000e+01,9.000000000000000000e+00
1.680080667171752691e+09,1.616000000000000000e+04,3.720000000000000000e+02,3.800000000000000000e+02,-6.420000000000000000e+02,8.600000000000000000e+01,3.800000000000000000e+01
1.680080667176167965e+09,1.618000000000000000e+04,1.920000000000000000e+02,2.520000000000000000e+02,-6.450000000000000000e+02,6.400000000000000000e+01,1.900000000000000000e+01
1.680080667180357456e+09,1.611200000000000000e+04,2.800000000000000000e+02,2.840000000000000000e+02,-6.590000000000000000e+02,2.800000000000000000e+01,1.400000000000000000e+01
1.680080667184438705e+09,1.618400000000000000e+04,2.800000000000000000e+02,4.680000000000000000e+02,-6.310000000000000000e+02,4.300000000000000000e+01,3.000000000000000000e+01
1.680080667188149452e+09,1.618800000000000000e+04,2.400000000000000000e+02,3.680000000000000000e+02,-6.150000000000000000e+02,4.100000000000000000e+01,2.800000000000000000e+01
1.680080667192087889e+09,1.616800000000000000e+04,2.680000000000000000e+02,2.280000000000000000e+02,-6.040000000000000000e+02,5.000000000000000000e+01,3.400000000000000000e+01
1.680080667196052551e+09,1.610800000000000000e+04,2.480000000000000000e+02,1.600000000000000000e+02,-6.100000000000000000e+02,2.600000000000000000e+01,2.100000000000000000e+01
1.680080667199823618e+09,1.599200000000000000e+04,3.120000000000000000e+02,2.680000000000000000e+02,-6.040000000000000000e+02,4.900000000000000000e+01,1.900000000000000000e+01
1.680080667203968048e+09,1.610000000000000000e+04,2.800000000000000000e+02,2.200000000000000000e+02,-6.050000000000000000e+02,8.400000000000000000e+01,3.200000000000000000e+01
1.680080667208151817e+09,1.612000000000000000e+04,3.240000000000000000e+02,2.120000000000000000e+02,-6.120000000000000000e+02,5.100000000000000000e+01,3.100000000000000000e+01
1.680080667212085009e+09,1.614400000000000000e+04,3.400000000000000000e+02,3.080000000000000000e+02,-6.450000000000000000e+02,4.700000000000000000e+01,3.000000000000000000e+01
1.680080667215796709e+09,1.611600000000000000e+04,3.680000000000000000e+02,2.760000000000000000e+02,-5.980000000000000000e+02,3.100000000000000000e+01,3.600000000000000000e+01
1.680080667220079660e+09,1.616000000000000000e+04,3.320000000000000000e+02,1.400000000000000000e+02,-6.140000000000000000e+02,6.900000000000000000e+01,1.100000000000000000e+01
1.680080667224002838e+09,1.620000000000000000e+04,2.400000000000000000e+02,3.160000000000000000e+02,-6.300000000000000000e+02,7.300000000000000000e+01,1.200000000000000000e+01
1.680080667227859735e+09,1.623600000000000000e+04,3.000000000000000000e+02,2.720000000000000000e+02,-6.140000000000000000e+02,4.800000000000000000e+01,3.200000000000000000e+01
1.680080667231676340e+09,1.614400000000000000e+04,3.160000000000000000e+02,2.600000000000000000e+02,-6.210000000000000000e+02,5.900000000000000000e+01,2.900000000000000000e+01
1.680080667235588312e+09,1.618000000000000000e+04,2.720000000000000000e+02,3.040000000000000000e+02,-6.520000000000000000e+02,4.800000000000000000e+01,3.900000000000000000e+01
1.680080667239796400e+09,1.608800000000000000e+04,2.240000000000000000e+02,3.000000000000000000e+02,-6.280000000000000000e+02,3.100000000000000000e+01,5.500000000000000000e+01
1.680080667243464231e+09,1.624400000000000000e+04,3.120000000000000000e+02,3.880000000000000000e+02,-6.290000000000000000e+02,3.000000000000000000e+01,2.400000000000000000e+01
1.680080667247462749e+09,1.618800000000000000e+04,3.320000000000000000e+02,2.920000000000000000e+02,-6.220000000000000000e+02,2.200000000000000000e+01,3.300000000000000000e+01
1.680080667251382589e+09,1.617600000000000000e+04,2.480000000000000000e+02,4.080000000000000000e+02,-6.620000000000000000e+02,2.800000000000000000e+01,4.400000000000000000e+01
1.680080667254801750e+09,1.617200000000000000e+04,3.280000000000000000e+02,4.000000000000000000e+02,-6.220000000000000000e+02,5.100000000000000000e+01,2.500000000000000000e+01
1.680080667258944511e+09,1.616400000000000000e+04,3.080000000000000000e+02,2.960000000000000000e+02,-6.520000000000000000e+02,3.200000000000000000e+01,5.100000000000000000e+01
1.680080667263137341e+09,1.618800000000000000e+04,3.280000000000000000e+02,3.560000000000000000e+02,-6.520000000000000000e+02,4.500000000000000000e+01,1.700000000000000000e+01
1.680080667266878605e+09,1.619600000000000000e+04,1.960000000000000000e+02,2.120000000000000000e+02,-6.450000000000000000e+02,4.100000000000000000e+01,3.900000000000000000e+01
1.680080667270688534e+09,1.616000000000000000e+04,2.000000000000000000e+02,3.960000000000000000e+02,-6.440000000000000000e+02,4.400000000000000000e+01,2.200000000000000000e+01
1.680080667274680614e+09,1.611600000000000000e+04,3.040000000000000000e+02,3.720000000000000000e+02,-6.770000000000000000e+02,3.400000000000000000e+01,3.400000000000000000e+01
1.680080667278772831e+09,1.615200000000000000e+04,3.040000000000000000e+02,2.080000000000000000e+02,-6.800000000000000000e+02,5.800000000000000000e+01,4.400000000000000000e+01
1.680080667282916546e+09,1.621600000000000000e+04,3.160000000000000000e+02,2.800000000000000000e+02,-6.250000000000000000e+02,5.700000000000000000e+01,3.300000000000000000e+01
1.680080667287265778e+09,1.623600000000000000e+04,3.400000000000000000e+02,3.440000000000000000e+02,-6.450000000000000000e+02,1.300000000000000000e+01,3.100000000000000000e+01
1.680080667291184902e+09,1.619200000000000000e+04,3.160000000000000000e+02,3.240000000000000000e+02,-6.500000000000000000e+02,5.600000000000000000e+01,1.100000000000000000e+01
1.680080667294756889e+09,1.619600000000000000e+04,3.560000000000000000e+02,3.080000000000000000e+02,-6.300000000000000000e+02,2.100000000000000000e+01,1.000000000000000000e+01
1.680080667298950434e+09,1.620800000000000000e+04,3.320000000000000000e+02,2.560000000000000000e+02,-6.460000000000000000e+02,5.900000000000000000e+01,1.400000000000000000e+01
1.680080667303175926e+09,1.614400000000000000e+04,2.040000000000000000e+02,2.320000000000000000e+02,-6.220000000000000000e+02,4.000000000000000000e+01,3.600000000000000000e+01
1.680080667307075977e+09,1.624400000000000000e+04,3.000000000000000000e+02,3.800000000000000000e+02,-6.400000000000000000e+02,6.500000000000000000e+01,2.400000000000000000e+01
1.680080667310960293e+09,1.610400000000000000e+04,3.160000000000000000e+02,4.440000000000000000e+02,-6.380000000000000000e+02,3.800000000000000000e+01,4.300000000000000000e+01
1.680080667314819813e+09,1.616400000000000000e+04,3.600000000000000000e+02,2.200000000000000000e+02,-6.710000000000000000e+02,7.400000000000000000e+01,2.200000000000000000e+01
1.680080667318874598e+09,1.612000000000000000e+04,2.640000000000000000e+02,3.040000000000000000e+02,-6.440000000000000000e+02,4.600000000000000000e+01,2.100000000000000000e+01
1.680080667322529316e+09,1.618800000000000000e+04,2.960000000000000000e+02,2.840000000000000000e+02,-6.240000000000000000e+02,4.500000000000000000e+01,4.800000000000000000e+01
1.680080667326656103e+09,1.634800000000000000e+04,2.440000000000000000e+02,2.400000000000000000e+02,-6.550000000000000000e+02,5.800000000000000000e+01,3.200000000000000000e+01
1.680080667330539942e+09,1.619600000000000000e+04,3.120000000000000000e+02,2.600000000000000000e+02,-6.130000000000000000e+02,6.200000000000000000e+01,3.400000000000000000e+01
1.680080667334367037e+09,1.616400000000000000e+04,2.600000000000000000e+02,2.320000000000000000e+02,-6.030000000000000000e+02,3.700000000000000000e+01,2.600000000000000000e+01
1.680080667338641167e+09,1.620800000000000000e+04,3.160000000000000000e+02,2.280000000000000000e+02,-6.470000000000000000e+02,3.600000000000000000e+01,3.500000000000000000e+01
1.680080667342700958e+09,1.604400000000000000e+04,3.320000000000000000e+02,3.480000000000000000e+02,-6.500000000000000000e+02,3.700000000000000000e+01,1.800000000000000000e+01
1.680080667346700430e+09,1.620000000000000000e+04,3.240000000000000000e+02,2.560000000000000000e+02,-6.800000000000000000e+02,1.400000000000000000e+01,2.000000000000000000e+00
1.680080667350308418e+09,1.611200000000000000e+04,2.760000000000000000e+02,2.840000000000000000e+02,-6.800000000000000000e+02,5.800000000000000000e+01,2.500000000000000000e+01
1.680080667354835033e+09,1.620800000000000000e+04,2.520000000000000000e+02,3.120000000000000000e+02,-6.710000000000000000e+02,3.700000000000000000e+01,3.200000000000000000e+01
1.680080667358679295e+09,1.610000000000000000e+04,3.680000000000000000e+02,3.000000000000000000e+02,-6.340000000000000000e+02,4.100000000000000000e+01,4.500000000000000000e+01
1.680080667362384558e+09,1.612000000000000000e+04,2.680000000000000000e+02,2.720000000000000000e+02,-6.760000000000000000e+02,3.000000000000000000e+01,8.000000000000000000e+00
1.680080667366549730e+09,1.616000000000000000e+04,2.480000000000000000e+02,3.520000000000000000e+02,-6.500000000000000000e+02,3.100000000000000000e+01,4.500000000000000000e+01
1.680080667370852947e+09,1.624400000000000000e+04,3.080000000000000000e+02,2.720000000000000000e+02,-6.280000000000000000e+02,3.300000000000000000e+01,1.800000000000000000e+01
1.680080667374747992e+09,1.605600000000000000e+04,4.080000000000000000e+02,2.520000000000000000e+02,-6.160000000000000000e+02,6.600000000000000000e+01,3.300000000000000000e+01
1.680080667378435135e+09,1.607600000000000000e+04,2.840000000000000000e+02,3.800000000000000000e+02,-6.480000000000000000e+02,6.200000000000000000e+01,4.000000000000000000e+01
1.680080667382862329e+09,1.619200000000000000e+04,3.240000000000000000e+02,3.960000000000000000e+02,-6.570000000000000000e+02,7.300000000000000000e+01,3.200000000000000000e+01
1.680080667386812687e+09,1.620400000000000000e+04,1.600000000000000000e+02,1.400000000000000000e+02,-6.240000000000000000e+02,1.100000000000000000e+01,4.200000000000000000e+01
1.680080667390353680e+09,1.622000000000000000e+04,3.560000000000000000e+02,3.840000000000000000e+02,-6.540000000000000000e+02,6.100000000000000000e+01,4.300000000000000000e+01
1.680080667394730091e+09,1.613600000000000000e+04,2.400000000000000000e+02,3.000000000000000000e+02,-6.150000000000000000e+02,4.800000000000000000e+01,2.100000000000000000e+01
1.680080667398949862e+09,1.625200000000000000e+04,2.360000000000000000e+02,3.640000000000000000e+02,-6.010000000000000000e+02,3.300000000000000000e+01,3.900000000000000000e+01
1.680080667403089523e+09,1.611600000000000000e+04,3.520000000000000000e+02,4.000000000000000000e+02,-6.380000000000000000e+02,2.600000000000000000e+01,3.400000000000000000e+01
1.680080667406854153e+09,1.618000000000000000e+04,2.560000000000000000e+02,4.880000000000000000e+02,-6.470000000000000000e+02,4.400000000000000000e+01,4.700000000000000000e+01
1.680080667410964489e+09,1.616000000000000000e+04,3.280000000000000000e+02,4.720000000000000000e+02,-6.560000000000000000e+02,2.800000000000000000e+01,1.800000000000000000e+01
1.680080667414822817e+09,1.610800000000000000e+04,3.400000000000000000e+02,3.280000000000000000e+02,-6.660000000000000000e+02,5.700000000000000000e+01,2.000000000000000000e+01
1.680080667418834686e+09,1.620400000000000000e+04,4.040000000000000000e+02,3.640000000000000000e+02,-6.520000000000000000e+02,6.500000000000000000e+01,3.200000000000000000e+01
1.680080667422754049e+09,1.606400000000000000e+04,3.480000000000000000e+02,3.040000000000000000e+02,-6.230000000000000000e+02,4.500000000000000000e+01,3.400000000000000000e+01
1.680080667426763058e+09,1.623600000000000000e+04,3.160000000000000000e+02,3.640000000000000000e+02,-6.410000000000000000e+02,2.700000000000000000e+01,4.700000000000000000e+01
1.680080667430595160e+09,1.628000000000000000e+04,3.200000000000000000e+02,2.720000000000000000e+02,-6.670000000000000000e+02,3.500000000000000000e+01,2.300000000000000000e+01
1.680080667434564352e+09,1.611600000000000000e+04,2.600000000000000000e+02,2.720000000000000000e+02,-6.500000000000000000e+02,2.700000000000000000e+01,3.000000000000000000e+01
1.680080667438703299e+09,1.618800000000000000e+04,2.920000000000000000e+02,2.520000000000000000e+02,-6.520000000000000000e+02,6.400000000000000000e+01,2.500000000000000000e+01
1.680080667442487717e+09,1.612400000000000000e+04,2.000000000000000000e+02,3.040000000000000000e+02,-6.170000000000000000e+02,5.400000000000000000e+01,2.300000000000000000e+01
1.680080667446698904e+09,1.620800000000000000e+04,2.480000000000000000e+02,3.640000000000000000e+02,-6.540000000000000000e+02,7.400000000000000000e+01,2.400000000000000000e+01
1.680080667450562000e+09,1.617600000000000000e+04,2.160000000000000000e+02,3.480000000000000000e+02,-6.650000000000000000e+02,4.800000000000000000e+01,2.300000000000000000e+01
1.680080667454421759e+09,1.611200000000000000e+04,2.960000000000000000e+02,2.240000000000000000e+02,-6.150000000000000000e+02,6.200000000000000000e+01,2.000000000000000000e+00
1.680080667458207846e+09,1.612800000000000000e+04,2.680000000000000000e+02,2.960000000000000000e+02,-6.540000000000000000e+02,5.400000000000000000e+01,4.700000000000000000e+01
1.680080667462329865e+09,1.616000000000000000e+04,3.640000000000000000e+02,2.640000000000000000e+02,-6.190000000000000000e+02,4.200000000000000000e+01,2.000000000000000000e+01
1.680080667466441154e+09,1.610800000000000000e+04,3.000000000000000000e+02,3.200000000000000000e+02,-6.970000000000000000e+02,2.700000000000000000e+01,2.000000000000000000e+01
1.680080667470180750e+09,1.624800000000000000e+04,3.120000000000000000e+02,2.520000000000000000e+02,-6.260000000000000000e+02,3.100000000000000000e+01,2.500000000000000000e+01
1.680080667473747730e+09,1.614800000000000000e+04,2.680000000000000000e+02,3.240000000000000000e+02,-6.660000000000000000e+02,1.000000000000000000e+00,2.800000000000000000e+01
1.680080667496582747e+09,1.628000000000000000e+04,2.360000000000000000e+02,2.840000000000000000e+02,-6.610000000000000000e+02,4.800000000000000000e+01,2.300000000000000000e+01
1.680080667500891685e+09,1.627200000000000000e+04,3.080000000000000000e+02,2.520000000000000000e+02,-6.250000000000000000e+02,3.700000000000000000e+01,3.600000000000000000e+01
1.680080667504815817e+09,1.622400000000000000e+04,3.200000000000000000e+02,3.720000000000000000e+02,-6.220000000000000000e+02,3.000000000000000000e+01,2.900000000000000000e+01
1.680080667508912563e+09,1.624800000000000000e+04,2.800000000000000000e+02,3.920000000000000000e+02,-6.580000000000000000e+02,7.000000000000000000e+00,4.300000000000000000e+01
1.680080667513023138e+09,1.615600000000000000e+04,3.640000000000000000e+02,4.240000000000000000e+02,-6.590000000000000000e+02,2.600000000000000000e+01,5.700000000000000000e+01
1.680080667517013073e+09,1.616000000000000000e+04,3.800000000000000000e+02,3.320000000000000000e+02,-6.380000000000000000e+02,5.500000000000000000e+01,3.500000000000000000e+01
1.680080667520719767e+09,1.603600000000000000e+04,3.000000000000000000e+02,3.480000000000000000e+02,-6.540000000000000000e+02,5.000000000000000000e+01,5.900000000000000000e+01
1.680080667524825573e+09,1.609600000000000000e+04,2.720000000000000000e+02,2.160000000000000000e+02,-6.250000000000000000e+02,3.000000000000000000e+01,2.600000000000000000e+01
1.680080667528904200e+09,1.615600000000000000e+04,2.640000000000000000e+02,3.400000000000000000e+02,-6.510000000000000000e+02,3.200000000000000000e+01,4.200000000000000000e+01
1.680080667532552958e+09,1.620800000000000000e+04,2.520000000000000000e+02,5.040000000000000000e+02,-6.150000000000000000e+02,6.800000000000000000e+01,2.100000000000000000e+01
1.680080667536876440e+09,1.625600000000000000e+04,3.680000000000000000e+02,2.920000000000000000e+02,-6.340000000000000000e+02,4.000000000000000000e+01,4.300000000000000000e+01
1.680080667541002750e+09,1.615200000000000000e+04,2.120000000000000000e+02,2.640000000000000000e+02,-6.290000000000000000e+02,3.300000000000000000e+01,2.900000000000000000e+01
1.680080667544781685e+09,1.616800000000000000e+04,2.720000000000000000e+02,1.760000000000000000e+02,-6.340000000000000000e+02,7.300000000000000000e+01,4.300000000000000000e+01
1.680080667548524380e+09,1.617200000000000000e+04,2.880000000000000000e+02,2.280000000000000000e+02,-6.510000000000000000e+02,6.400000000000000000e+01,4.100000000000000000e+01
1.680080667552931070e+09,1.621200000000000000e+04,2.760000000000000000e+02,3.080000000000000000e+02,-6.640000000000000000e+02,4.500000000000000000e+01,2.000000000000000000e+01
1.680080667557144165e+09,1.617600000000000000e+04,2.160000000000000000e+02,3.680000000000000000e+02,-6.610000000000000000e+02,2.800000000000000000e+01,4.800000000000000000e+01
1.680080667560931683e+09,1.614400000000000000e+04,3.400000000000000000e+02,2.360000000000000000e+02,-6.660000000000000000e+02,5.500000000000000000e+01,2.900000000000000000e+01
1.680080667564565659e+09,1.618000000000000000e+04,2.520000000000000000e+02,3.880000000000000000e+02,-6.440000000000000000e+02,7.000000000000000000e+01,6.300000000000000000e+01
1.680080667568506002e+09,1.607200000000000000e+04,3.120000000000000000e+02,3.040000000000000000e+02,-6.400000000000000000e+02,4.000000000000000000e+01,3.100000000000000000e+01
1.680080667572053909e+09,1.619600000000000000e+04,2.680000000000000000e+02,3.600000000000000000e+02,-6.590000000000000000e+02,4.100000000000000000e+01,3.600000000000000000e+01
1.680080667575875759e+09,1.619600000000000000e+04,2.960000000000000000e+02,2.680000000000000000e+02,-6.730000000000000000e+02,5.800000000000000000e+01,3.000000000000000000e+01
1.680080667579521894e+09,1.623200000000000000e+04,3.440000000000000000e+02,2.920000000000000000e+02,-6.340000000000000000e+02,2.800000000000000000e+01,2.500000000000000000e+01
1.680080667582984686e+09,1.620800000000000000e+04,3.240000000000000000e+02,4.040000000000000000e+02,-6.260000000000000000e+02,2.200000000000000000e+01,1.200000000000000000e+01
1.680080667586956739e+09,1.608800000000000000e+04,2.600000000000000000e+02,3.320000000000000000e+02,-6.600000000000000000e+02,4.400000000000000000e+01,6.000000000000000000e+01
1.680080667590592623e+09,1.616800000000000000e+04,2.920000000000000000e+02,3.400000000000000000e+02,-6.500000000000000000e+02,4.700000000000000000e+01,2.400000000000000000e+01
1.680080667594959259e+09,1.626400000000000000e+04,3.440000000000000000e+02,3.560000000000000000e+02,-6.340000000000000000e+02,7.500000000000000000e+01,4.400000000000000000e+01
1.680080667598824739e+09,1.618400000000000000e+04,3.240000000000000000e+02,2.840000000000000000e+02,-6.490000000000000000e+02,6.300000000000000000e+01,3.100000000000000000e+01
1.680080667602524996e+09,1.624000000000000000e+04,3.400000000000000000e+02,3.840000000000000000e+02,-6.330000000000000000e+02,5.900000000000000000e+01,4.400000000000000000e+01
1.680080667606730938e+09,1.616400000000000000e+04,3.480000000000000000e+02,3.880000000000000000e+02,-6.540000000000000000e+02,4.500000000000000000e+01,3.000000000000000000e+01
1.680080667610628366e+09,1.620000000000000000e+04,2.080000000000000000e+02,2.240000000000000000e+02,-6.530000000000000000e+02,3.000000000000000000e+01,4.200000000000000000e+01
1.680080667614742279e+09,1.622800000000000000e+04,3.320000000000000000e+02,4.080000000000000000e+02,-6.230000000000000000e+02,3.800000000000000000e+01,4.700000000000000000e+01
1.680080667618728399e+09,1.618000000000000000e+04,2.960000000000000000e+02,4.000000000000000000e+02,-6.300000000000000000e+02,3.400000000000000000e+01,2.400000000000000000e+01
1.680080667622780561e+09,1.607600000000000000e+04,2.240000000000000000e+02,2.280000000000000000e+02,-6.080000000000000000e+02,3.800000000000000000e+01,3.000000000000000000e+01
1.680080667626698971e+09,1.628800000000000000e+04,3.280000000000000000e+02,3.320000000000000000e+02,-6.430000000000000000e+02,5.400000000000000000e+01,1.000000000000000000e+01
1.680080667630534887e+09,1.610400000000000000e+04,3.280000000000000000e+02,2.360000000000000000e+02,-6.170000000000000000e+02,5.400000000000000000e+01,2.100000000000000000e+01
1.680080667634810925e+09,1.616000000000000000e+04,2.160000000000000000e+02,3.880000000000000000e+02,-6.340000000000000000e+02,5.700000000000000000e+01,3.200000000000000000e+01
1.680080667639057875e+09,1.618400000000000000e+04,2.480000000000000000e+02,2.800000000000000000e+02,-6.240000000000000000e+02,5.700000000000000000e+01,4.400000000000000000e+01
1.680080667643132925e+09,1.608800000000000000e+04,2.720000000000000000e+02,2.800000000000000000e+02,-5.930000000000000000e+02,4.600000000000000000e+01,2.000000000000000000e+01
1.680080667647245169e+09,1.608800000000000000e+04,2.760000000000000000e+02,2.520000000000000000e+02,-6.370000000000000000e+02,3.400000000000000000e+01,2.500000000000000000e+01
1.680080667651382446e+09,1.622800000000000000e+04,3.880000000000000000e+02,2.400000000000000000e+02,-6.320000000000000000e+02,1.700000000000000000e+01,2.400000000000000000e+01
1.680080667655714512e+09,1.617600000000000000e+04,2.600000000000000000e+02,4.680000000000000000e+02,-6.610000000000000000e+02,6.400000000000000000e+01,2.000000000000000000e+01
1.680080667659623623e+09,1.623600000000000000e+04,3.280000000000000000e+02,2.560000000000000000e+02,-6.410000000000000000e+02,7.000000000000000000e+01,3.100000000000000000e+01
1.680080667662997246e+09,1.605600000000000000e+04,3.280000000000000000e+02,3.480000000000000000e+02,-6.360000000000000000e+02,7.100000000000000000e+01,6.800000000000000000e+01
1.680080667667494297e+09,1.617200000000000000e+04,3.400000000000000000e+02,2.600000000000000000e+02,-6.600000000000000000e+02,4.900000000000000000e+01,2.200000000000000000e+01
1.680080667671720743e+09,1.621200000000000000e+04,2.920000000000000000e+02,2.160000000000000000e+02,-6.390000000000000000e+02,6.700000000000000000e+01,1.100000000000000000e+01
1.680080667675633669e+09,1.616800000000000000e+04,3.400000000000000000e+02,3.320000000000000000e+02,-6.110000000000000000e+02,6.000000000000000000e+01,3.800000000000000000e+01
1.680080667679214478e+09,1.613200000000000000e+04,3.480000000000000000e+02,4.560000000000000000e+02,-6.230000000000000000e+02,6.100000000000000000e+01,3.800000000000000000e+01
1.680080667683495760e+09,1.625200000000000000e+04,4.160000000000000000e+02,3.320000000000000000e+02,-6.050000000000000000e+02,6.200000000000000000e+01,2.700000000000000000e+01
1.680080667687610388e+09,1.616000000000000000e+04,3.200000000000000000e+02,3.840000000000000000e+02,-6.470000000000000000e+02,5.400000000000000000e+01,4.800000000000000000e+01
1.680080667691767454e+09,1.613600000000000000e+04,3.760000000000000000e+02,2.960000000000000000e+02,-6.340000000000000000e+02,7.200000000000000000e+01,3.900000000000000000e+01
1.680080667695462465e+09,1.614000000000000000e+04,2.920000000000000000e+02,2.640000000000000000e+02,-6.630000000000000000e+02,3.700000000000000000e+01,2.700000000000000000e+01
1.680080667699875593e+09,1.614800000000000000e+04,3.000000000000000000e+02,4.080000000000000000e+02,-6.480000000000000000e+02,4.100000000000000000e+01,2.900000000000000000e+01
1.680080667703988552e+09,1.621200000000000000e+04,3.240000000000000000e+02,4.040000000000000000e+02,-6.470000000000000000e+02,3.800000000000000000e+01,4.400000000000000000e+01
1.680080667708056927e+09,1.626400000000000000e+04,4.080000000000000000e+02,4.520000000000000000e+02,-6.460000000000000000e+02,2.600000000000000000e+01,4.800000000000000000e+01
1.680080667712463617e+09,1.620800000000000000e+04,2.680000000000000000e+02,3.760000000000000000e+02,-6.370000000000000000e+02,4.200000000000000000e+01,4.100000000000000000e+01
1.680080667716907024e+09,1.624000000000000000e+04,2.840000000000000000e+02,2.920000000000000000e+02,-6.220000000000000000e+02,6.800000000000000000e+01,3.700000000000000000e+01
1.680080667720865250e+09,1.619600000000000000e+04,2.640000000000000000e+02,1.520000000000000000e+02,-6.290000000000000000e+02,5.500000000000000000e+01,5.000000000000000000e+01
1.680080667724399805e+09,1.610800000000000000e+04,2.600000000000000000e+02,3.640000000000000000e+02,-6.090000000000000000e+02,1.300000000000000000e+01,3.600000000000000000e+01
1.680080667728574991e+09,1.607200000000000000e+04,2.600000000000000000e+02,2.000000000000000000e+02,-6.300000000000000000e+02,6.400000000000000000e+01,2.400000000000000000e+01
1.680080667732481956e+09,1.611600000000000000e+04,3.240000000000000000e+02,3.320000000000000000e+02,-6.070000000000000000e+02,6.600000000000000000e+01,2.700000000000000000e+01
1.680080667736097574e+09,1.615200000000000000e+04,3.720000000000000000e+02,3.440000000000000000e+02,-6.130000000000000000e+02,5.400000000000000000e+01,1.200000000000000000e+01
1.680080667743021488e+09,1.620400000000000000e+04,2.840000000000000000e+02,3.600000000000000000e+02,-6.510000000000000000e+02,1.900000000000000000e+01,4.500000000000000000e+01
1.680080667747207880e+09,1.622000000000000000e+04,2.720000000000000000e+02,1.800000000000000000e+02,-6.440000000000000000e+02,5.500000000000000000e+01,3.600000000000000000e+01
1.680080667751206875e+09,1.612800000000000000e+04,3.680000000000000000e+02,2.520000000000000000e+02,-6.480000000000000000e+02,3.600000000000000000e+01,3.400000000000000000e+01
1.680080667754961252e+09,1.621200000000000000e+04,3.120000000000000000e+02,3.280000000000000000e+02,-6.430000000000000000e+02,2.800000000000000000e+01,3.100000000000000000e+01
1.680080667759066820e+09,1.615200000000000000e+04,4.320000000000000000e+02,3.680000000000000000e+02,-6.330000000000000000e+02,3.700000000000000000e+01,5.800000000000000000e+01
1.680080667763220310e+09,1.610800000000000000e+04,2.240000000000000000e+02,2.960000000000000000e+02,-6.260000000000000000e+02,6.100000000000000000e+01,3.400000000000000000e+01
1.680080667767441034e+09,1.615200000000000000e+04,2.920000000000000000e+02,2.640000000000000000e+02,-6.530000000000000000e+02,5.400000000000000000e+01,2.900000000000000000e+01
1.680080667771164656e+09,1.620000000000000000e+04,3.040000000000000000e+02,2.840000000000000000e+02,-6.500000000000000000e+02,4.200000000000000000e+01,2.800000000000000000e+01
1.680080667775332451e+09,1.620800000000000000e+04,2.560000000000000000e+02,2.960000000000000000e+02,-6.160000000000000000e+02,3.300000000000000000e+01,4.500000000000000000e+01
1.680080667779494286e+09,1.610400000000000000e+04,2.320000000000000000e+02,1.800000000000000000e+02,-6.670000000000000000e+02,4.200000000000000000e+01,2.300000000000000000e+01
1.680080667783237934e+09,1.623600000000000000e+04,2.800000000000000000e+02,3.760000000000000000e+02,-6.390000000000000000e+02,6.000000000000000000e+01,2.500000000000000000e+01
1.680080667787247658e+09,1.616400000000000000e+04,2.720000000000000000e+02,2.720000000000000000e+02,-6.510000000000000000e+02,4.500000000000000000e+01,4.200000000000000000e+01
1.680080667791285992e+09,1.617200000000000000e+04,2.240000000000000000e+02,3.520000000000000000e+02,-6.540000000000000000e+02,4.900000000000000000e+01,3.100000000000000000e+01
1.680080667795620441e+09,1.620800000000000000e+04,2.920000000000000000e+02,3.520000000000000000e+02,-6.360000000000000000e+02,4.500000000000000000e+01,4.000000000000000000e+01
1.680080667799755812e+09,1.611200000000000000e+04,2.600000000000000000e+02,3.880000000000000000e+02,-6.760000000000000000e+02,2.600000000000000000e+01,1.500000000000000000e+01
1.680080667803967237e+09,1.620400000000000000e+04,3.040000000000000000e+02,2.920000000000000000e+02,-6.750000000000000000e+02,4.900000000000000000e+01,2.900000000000000000e+01
1.680080667807796955e+09,1.615200000000000000e+04,3.040000000000000000e+02,3.600000000000000000e+02,-6.730000000000000000e+02,4.700000000000000000e+01,4.400000000000000000e+01
1.680080667811643124e+09,1.618800000000000000e+04,3.120000000000000000e+02,4.720000000000000000e+02,-6.340000000000000000e+02,8.800000000000000000e+01,2.600000000000000000e+01
1.680080667815473557e+09,1.620800000000000000e+04,3.920000000000000000e+02,3.400000000000000000e+02,-6.270000000000000000e+02,8.500000000000000000e+01,5.900000000000000000e+01
1.680080667819335938e+09,1.618400000000000000e+04,2.840000000000000000e+02,3.200000000000000000e+02,-6.140000000000000000e+02,5.600000000000000000e+01,3.800000000000000000e+01
1.680080667823346615e+09,1.614400000000000000e+04,3.040000000000000000e+02,3.640000000000000000e+02,-6.040000000000000000e+02,5.300000000000000000e+01,4.900000000000000000e+01
1.680080667827319622e+09,1.626400000000000000e+04,3.240000000000000000e+02,3.320000000000000000e+02,-6.040000000000000000e+02,3.800000000000000000e+01,4.200000000000000000e+01
1.680080667831341743e+09,1.621600000000000000e+04,3.240000000000000000e+02,4.560000000000000000e+02,-6.270000000000000000e+02,4.200000000000000000e+01,3.100000000000000000e+01
1.680080667834948301e+09,1.610400000000000000e+04,3.120000000000000000e+02,2.640000000000000000e+02,-6.290000000000000000e+02,5.300000000000000000e+01,3.000000000000000000e+01
1.680080667839228868e+09,1.628800000000000000e+04,2.840000000000000000e+02,4.240000000000000000e+02,-6.360000000000000000e+02,3.100000000000000000e+01,2.300000000000000000e+01
1.680080667843195677e+09,1.616000000000000000e+04,3.800000000000000000e+02,2.840000000000000000e+02,-6.530000000000000000e+02,3.500000000000000000e+01,5.400000000000000000e+01
1.680080667846890450e+09,1.617200000000000000e+04,3.600000000000000000e+02,3.160000000000000000e+02,-6.160000000000000000e+02,4.600000000000000000e+01,6.200000000000000000e+01
1.680080667850903511e+09,1.617600000000000000e+04,3.520000000000000000e+02,3.560000000000000000e+02,-6.550000000000000000e+02,4.600000000000000000e+01,3.800000000000000000e+01
1.680080667854897261e+09,1.618000000000000000e+04,3.280000000000000000e+02,4.320000000000000000e+02,-6.570000000000000000e+02,4.100000000000000000e+01,2.800000000000000000e+01
1.680080667858904839e+09,1.628000000000000000e+04,3.520000000000000000e+02,2.720000000000000000e+02,-6.610000000000000000e+02,6.700000000000000000e+01,6.300000000000000000e+01
1.680080667863174677e+09,1.617200000000000000e+04,3.120000000000000000e+02,2.920000000000000000e+02,-6.530000000000000000e+02,7.600000000000000000e+01,3.700000000000000000e+01
1.680080667867088556e+09,1.620800000000000000e+04,3.480000000000000000e+02,3.120000000000000000e+02,-6.230000000000000000e+02,4.400000000000000000e+01,3.100000000000000000e+01
1.680080667870608091e+09,1.620000000000000000e+04,3.160000000000000000e+02,1.760000000000000000e+02,-6.600000000000000000e+02,3.400000000000000000e+01,1.100000000000000000e+01
1.680080667874846935e+09,1.612400000000000000e+04,3.200000000000000000e+02,2.720000000000000000e+02,-6.500000000000000000e+02,4.000000000000000000e+01,2.100000000000000000e+01
1.680080667878952503e+09,1.622000000000000000e+04,3.320000000000000000e+02,3.760000000000000000e+02,-6.500000000000000000e+02,6.400000000000000000e+01,3.300000000000000000e+01
1.680080667883209467e+09,1.612400000000000000e+04,1.880000000000000000e+02,2.400000000000000000e+02,-6.180000000000000000e+02,3.000000000000000000e+01,5.900000000000000000e+01
1.680080667887091398e+09,1.621600000000000000e+04,3.520000000000000000e+02,1.720000000000000000e+02,-6.570000000000000000e+02,3.600000000000000000e+01,4.800000000000000000e+01
1.680080667891308069e+09,1.625600000000000000e+04,2.280000000000000000e+02,2.840000000000000000e+02,-6.300000000000000000e+02,3.200000000000000000e+01,2.600000000000000000e+01
1.680080667895605564e+09,1.618800000000000000e+04,2.640000000000000000e+02,3.040000000000000000e+02,-6.110000000000000000e+02,8.000000000000000000e+01,3.800000000000000000e+01
1.680080667899627924e+09,1.616000000000000000e+04,3.200000000000000000e+02,4.320000000000000000e+02,-6.460000000000000000e+02,8.000000000000000000e+00,3.400000000000000000e+01
1.680080667903674603e+09,1.620000000000000000e+04,2.200000000000000000e+02,4.120000000000000000e+02,-6.740000000000000000e+02,3.100000000000000000e+01,1.500000000000000000e+01
1.680080667907643557e+09,1.612400000000000000e+04,2.520000000000000000e+02,4.280000000000000000e+02,-6.190000000000000000e+02,6.700000000000000000e+01,4.300000000000000000e+01
1.680080667911843300e+09,1.624800000000000000e+04,3.520000000000000000e+02,2.720000000000000000e+02,-6.620000000000000000e+02,4.900000000000000000e+01,-8.000000000000000000e+00
1.680080667915730715e+09,1.625600000000000000e+04,2.760000000000000000e+02,4.520000000000000000e+02,-6.450000000000000000e+02,5.900000000000000000e+01,4.900000000000000000e+01
1.680080667919886351e+09,1.628400000000000000e+04,2.920000000000000000e+02,4.400000000000000000e+02,-6.480000000000000000e+02,3.000000000000000000e+01,4.100000000000000000e+01
1.680080667924161911e+09,1.611200000000000000e+04,4.320000000000000000e+02,3.400000000000000000e+02,-6.420000000000000000e+02,4.600000000000000000e+01,4.000000000000000000e+01
1.680080667928220272e+09,1.619600000000000000e+04,3.080000000000000000e+02,3.560000000000000000e+02,-6.350000000000000000e+02,1.100000000000000000e+01,2.400000000000000000e+01
1.680080667932072401e+09,1.616000000000000000e+04,3.520000000000000000e+02,3.640000000000000000e+02,-6.730000000000000000e+02,3.200000000000000000e+01,3.600000000000000000e+01
1.680080667935813665e+09,1.613200000000000000e+04,3.360000000000000000e+02,3.880000000000000000e+02,-6.200000000000000000e+02,4.100000000000000000e+01,3.400000000000000000e+01
1.680080667939986229e+09,1.612400000000000000e+04,2.600000000000000000e+02,4.440000000000000000e+02,-6.340000000000000000e+02,6.300000000000000000e+01,2.800000000000000000e+01
1.680080667944007397e+09,1.617600000000000000e+04,3.560000000000000000e+02,2.960000000000000000e+02,-6.520000000000000000e+02,3.700000000000000000e+01,3.800000000000000000e+01
1.680080667948125124e+09,1.613600000000000000e+04,3.480000000000000000e+02,2.840000000000000000e+02,-6.120000000000000000e+02,5.300000000000000000e+01,3.700000000000000000e+01
1.680080667951862097e+09,1.610400000000000000e+04,3.320000000000000000e+02,3.680000000000000000e+02,-6.110000000000000000e+02,3.600000000000000000e+01,4.200000000000000000e+01
1.680080667956053019e+09,1.628000000000000000e+04,2.760000000000000000e+02,3.440000000000000000e+02,-6.180000000000000000e+02,3.900000000000000000e+01,3.200000000000000000e+01
1.680080667960166454e+09,1.617200000000000000e+04,3.240000000000000000e+02,3.320000000000000000e+02,-6.490000000000000000e+02,4.700000000000000000e+01,1.900000000000000000e+01
1.680080667963780642e+09,1.625200000000000000e+04,3.160000000000000000e+02,3.160000000000000000e+02,-6.530000000000000000e+02,5.300000000000000000e+01,3.000000000000000000e+01
1.680080667967962265e+09,1.614400000000000000e+04,3.200000000000000000e+02,5.000000000000000000e+02,-6.500000000000000000e+02,6.100000000000000000e+01,3.900000000000000000e+01
1.680080667971686840e+09,1.622000000000000000e+04,2.920000000000000000e+02,2.320000000000000000e+02,-6.620000000000000000e+02,5.300000000000000000e+01,4.600000000000000000e+01
1.680080667975538015e+09,1.623600000000000000e+04,2.720000000000000000e+02,1.680000000000000000e+02,-6.370000000000000000e+02,3.400000000000000000e+01,3.400000000000000000e+01
1.680080667979665756e+09,1.620000000000000000e+04,3.480000000000000000e+02,2.160000000000000000e+02,-6.520000000000000000e+02,1.400000000000000000e+01,3.600000000000000000e+01
1.680080667983876705e+09,1.610000000000000000e+04,3.400000000000000000e+02,3.640000000000000000e+02,-6.500000000000000000e+02,4.400000000000000000e+01,3.500000000000000000e+01
1.680080667987624645e+09,1.616000000000000000e+04,3.480000000000000000e+02,3.280000000000000000e+02,-6.560000000000000000e+02,4.700000000000000000e+01,2.600000000000000000e+01
1.680080667991647243e+09,1.612800000000000000e+04,3.480000000000000000e+02,2.800000000000000000e+02,-6.330000000000000000e+02,4.900000000000000000e+01,4.100000000000000000e+01
1.680080667995639324e+09,1.617600000000000000e+04,2.560000000000000000e+02,4.440000000000000000e+02,-6.400000000000000000e+02,4.900000000000000000e+01,3.600000000000000000e+01
1.680080667999722958e+09,1.615600000000000000e+04,3.320000000000000000e+02,2.720000000000000000e+02,-6.180000000000000000e+02,2.500000000000000000e+01,3.500000000000000000e+01
1.680080668003529072e+09,1.618000000000000000e+04,3.600000000000000000e+02,3.000000000000000000e+02,-6.360000000000000000e+02,4.500000000000000000e+01,4.100000000000000000e+01
1.680080668007766724e+09,1.610800000000000000e+04,3.760000000000000000e+02,3.000000000000000000e+02,-6.520000000000000000e+02,5.100000000000000000e+01,2.800000000000000000e+01
1.680080668011896133e+09,1.621200000000000000e+04,3.080000000000000000e+02,3.520000000000000000e+02,-6.580000000000000000e+02,5.100000000000000000e+01,2.800000000000000000e+01
1.680080668016076326e+09,1.621200000000000000e+04,3.080000000000000000e+02,3.160000000000000000e+02,-6.580000000000000000e+02,3.800000000000000000e+01,4.300000000000000000e+01
1.680080668020215034e+09,1.613200000000000000e+04,2.800000000000000000e+02,3.040000000000000000e+02,-6.220000000000000000e+02,6.600000000000000000e+01,3.400000000000000000e+01
1.680080668024146318e+09,1.614000000000000000e+04,4.000000000000000000e+02,1.920000000000000000e+02,-6.630000000000000000e+02,5.300000000000000000e+01,4.200000000000000000e+01
1.680080668028120518e+09,1.623200000000000000e+04,3.360000000000000000e+02,2.680000000000000000e+02,-6.210000000000000000e+02,4.900000000000000000e+01,3.700000000000000000e+01
1.680080668032153368e+09,1.614800000000000000e+04,4.320000000000000000e+02,3.880000000000000000e+02,-6.440000000000000000e+02,5.700000000000000000e+01,5.300000000000000000e+01
1.680080668036130905e+09,1.620000000000000000e+04,1.920000000000000000e+02,3.080000000000000000e+02,-6.460000000000000000e+02,-7.000000000000000000e+00,3.700000000000000000e+01
1.680080668039927721e+09,1.630000000000000000e+04,3.160000000000000000e+02,3.080000000000000000e+02,-6.750000000000000000e+02,2.500000000000000000e+01,2.500000000000000000e+01
1.680080668043799400e+09,1.616400000000000000e+04,3.320000000000000000e+02,2.800000000000000000e+02,-6.560000000000000000e+02,3.200000000000000000e+01,3.400000000000000000e+01
1.680080668047895193e+09,1.621200000000000000e+04,3.600000000000000000e+02,2.280000000000000000e+02,-6.710000000000000000e+02,7.300000000000000000e+01,3.700000000000000000e+01
1.680080668052171707e+09,1.608800000000000000e+04,2.120000000000000000e+02,3.840000000000000000e+02,-6.100000000000000000e+02,4.700000000000000000e+01,3.500000000000000000e+01
1.680080668055982590e+09,1.623600000000000000e+04,2.840000000000000000e+02,3.040000000000000000e+02,-6.190000000000000000e+02,5.300000000000000000e+01,3.100000000000000000e+01
1.680080668059624672e+09,1.625200000000000000e+04,2.680000000000000000e+02,2.200000000000000000e+02,-6.200000000000000000e+02,5.200000000000000000e+01,4.600000000000000000e+01
1.680080668063565016e+09,1.614400000000000000e+04,3.520000000000000000e+02,3.040000000000000000e+02,-6.430000000000000000e+02,4.700000000000000000e+01,4.000000000000000000e+01
1.680080668067349911e+09,1.621200000000000000e+04,2.640000000000000000e+02,4.400000000000000000e+02,-6.260000000000000000e+02,5.600000000000000000e+01,4.200000000000000000e+01
1.680080668071141720e+09,1.616400000000000000e+04,3.080000000000000000e+02,3.720000000000000000e+02,-6.420000000000000000e+02,8.100000000000000000e+01,3.300000000000000000e+01
1.680080668074985504e+09,1.622400000000000000e+04,3.440000000000000000e+02,4.000000000000000000e+02,-6.280000000000000000e+02,3.300000000000000000e+01,4.300000000000000000e+01
1.680080668079007387e+09,1.608800000000000000e+04,3.480000000000000000e+02,3.320000000000000000e+02,-6.410000000000000000e+02,5.400000000000000000e+01,7.000000000000000000e+00
1.680080668082913399e+09,1.626400000000000000e+04,3.920000000000000000e+02,2.280000000000000000e+02,-6.300000000000000000e+02,4.800000000000000000e+01,2.800000000000000000e+01
1.680080668086763620e+09,1.619600000000000000e+04,3.200000000000000000e+02,2.360000000000000000e+02,-6.320000000000000000e+02,6.600000000000000000e+01,2.200000000000000000e+01
1.680080668090666294e+09,1.622800000000000000e+04,2.640000000000000000e+02,3.360000000000000000e+02,-6.340000000000000000e+02,5.200000000000000000e+01,4.800000000000000000e+01
1.680080668094465017e+09,1.626400000000000000e+04,4.400000000000000000e+02,2.240000000000000000e+02,-6.400000000000000000e+02,2.200000000000000000e+01,3.800000000000000000e+01
1.680080668098267555e+09,1.617600000000000000e+04,3.080000000000000000e+02,3.680000000000000000e+02,-6.350000000000000000e+02,4.600000000000000000e+01,3.000000000000000000e+01
1.680080668102309704e+09,1.620400000000000000e+04,2.760000000000000000e+02,2.320000000000000000e+02,-6.280000000000000000e+02,3.100000000000000000e+01,3.200000000000000000e+01
1.680080668105982780e+09,1.612400000000000000e+04,3.000000000000000000e+02,3.160000000000000000e+02,-6.390000000000000000e+02,4.500000000000000000e+01,2.500000000000000000e+01
1.680080668109882116e+09,1.616400000000000000e+04,2.560000000000000000e+02,2.600000000000000000e+02,-6.540000000000000000e+02,3.000000000000000000e+01,1.800000000000000000e+01
1.680080668113543987e+09,1.618800000000000000e+04,3.320000000000000000e+02,3.120000000000000000e+02,-6.030000000000000000e+02,3.700000000000000000e+01,3.500000000000000000e+01
1.680080668117314577e+09,1.618000000000000000e+04,2.760000000000000000e+02,2.920000000000000000e+02,-6.290000000000000000e+02,7.600000000000000000e+01,3.800000000000000000e+01
1.680080668121434212e+09,1.604000000000000000e+04,2.720000000000000000e+02,2.960000000000000000e+02,-6.360000000000000000e+02,6.200000000000000000e+01,4.500000000000000000e+01
1.680080668125298977e+09,1.620400000000000000e+04,2.960000000000000000e+02,4.920000000000000000e+02,-6.220000000000000000e+02,5.400000000000000000e+01,2.600000000000000000e+01
1.680080668129174948e+09,1.620800000000000000e+04,3.600000000000000000e+02,3.760000000000000000e+02,-5.970000000000000000e+02,3.600000000000000000e+01,3.800000000000000000e+01
1.680080668133187532e+09,1.609600000000000000e+04,3.440000000000000000e+02,3.040000000000000000e+02,-6.270000000000000000e+02,5.400000000000000000e+01,3.100000000000000000e+01
1.680080668136936665e+09,1.620800000000000000e+04,3.200000000000000000e+02,3.320000000000000000e+02,-6.270000000000000000e+02,4.700000000000000000e+01,3.500000000000000000e+01
1.680080668140689135e+09,1.616800000000000000e+04,2.520000000000000000e+02,3.240000000000000000e+02,-6.350000000000000000e+02,4.300000000000000000e+01,6.100000000000000000e+01
1.680080668144494534e+09,1.616000000000000000e+04,3.520000000000000000e+02,2.720000000000000000e+02,-6.430000000000000000e+02,5.500000000000000000e+01,3.700000000000000000e+01
1.680080668148449898e+09,1.622000000000000000e+04,2.920000000000000000e+02,2.600000000000000000e+02,-6.260000000000000000e+02,4.400000000000000000e+01,3.300000000000000000e+01
1.680080668152533531e+09,1.607600000000000000e+04,3.760000000000000000e+02,2.160000000000000000e+02,-6.540000000000000000e+02,4.800000000000000000e+01,3.800000000000000000e+01
1.680080668156466722e+09,1.616400000000000000e+04,3.760000000000000000e+02,3.200000000000000000e+02,-6.280000000000000000e+02,6.100000000000000000e+01,3.400000000000000000e+01
1.680080668160095692e+09,1.614000000000000000e+04,3.160000000000000000e+02,2.320000000000000000e+02,-6.220000000000000000e+02,6.200000000000000000e+01,1.400000000000000000e+01
1.680080668164044619e+09,1.625200000000000000e+04,2.360000000000000000e+02,3.720000000000000000e+02,-6.580000000000000000e+02,4.200000000000000000e+01,5.500000000000000000e+01
1.680080668167804480e+09,1.616800000000000000e+04,2.600000000000000000e+02,3.200000000000000000e+02,-6.250000000000000000e+02,1.500000000000000000e+01,1.900000000000000000e+01
1.680080668171623707e+09,1.613200000000000000e+04,3.320000000000000000e+02,3.840000000000000000e+02,-6.200000000000000000e+02,3.200000000000000000e+01,3.800000000000000000e+01
1.680080668175327539e+09,1.619200000000000000e+04,3.560000000000000000e+02,4.040000000000000000e+02,-6.440000000000000000e+02,6.400000000000000000e+01,4.600000000000000000e+01
1.680080668179177046e+09,1.618000000000000000e+04,3.520000000000000000e+02,3.760000000000000000e+02,-6.340000000000000000e+02,5.900000000000000000e+01,1.900000000000000000e+01
1.680080668182989597e+09,1.616000000000000000e+04,2.560000000000000000e+02,4.360000000000000000e+02,-6.350000000000000000e+02,2.500000000000000000e+01,4.600000000000000000e+01
1.680080668186802149e+09,1.622800000000000000e+04,3.560000000000000000e+02,4.240000000000000000e+02,-6.360000000000000000e+02,6.800000000000000000e+01,1.300000000000000000e+01
1.680080668190994501e+09,1.613600000000000000e+04,2.960000000000000000e+02,3.680000000000000000e+02,-6.560000000000000000e+02,5.200000000000000000e+01,3.300000000000000000e+01
1.680080668194758892e+09,1.610800000000000000e+04,4.120000000000000000e+02,2.400000000000000000e+02,-6.570000000000000000e+02,5.100000000000000000e+01,1.400000000000000000e+01
1.680080668198629618e+09,1.608400000000000000e+04,3.400000000000000000e+02,4.320000000000000000e+02,-6.230000000000000000e+02,3.600000000000000000e+01,3.900000000000000000e+01
1.680080668202612638e+09,1.625200000000000000e+04,2.480000000000000000e+02,2.600000000000000000e+02,-6.170000000000000000e+02,2.400000000000000000e+01,4.100000000000000000e+01
1.680080668206544161e+09,1.622000000000000000e+04,3.120000000000000000e+02,3.840000000000000000e+02,-6.520000000000000000e+02,1.400000000000000000e+01,4.700000000000000000e+01
1.680080668210635185e+09,1.616000000000000000e+04,3.160000000000000000e+02,3.160000000000000000e+02,-6.640000000000000000e+02,4.300000000000000000e+01,3.300000000000000000e+01
1.680080668214565039e+09,1.614800000000000000e+04,2.480000000000000000e+02,3.840000000000000000e+02,-6.250000000000000000e+02,5.600000000000000000e+01,2.700000000000000000e+01
1.680080668218369007e+09,1.625200000000000000e+04,2.120000000000000000e+02,3.200000000000000000e+02,-6.200000000000000000e+02,4.600000000000000000e+01,3.900000000000000000e+01
1.680080668221969366e+09,1.618000000000000000e+04,3.160000000000000000e+02,4.440000000000000000e+02,-6.230000000000000000e+02,6.800000000000000000e+01,2.400000000000000000e+01
1.680080668226034880e+09,1.616800000000000000e+04,2.920000000000000000e+02,3.760000000000000000e+02,-6.060000000000000000e+02,5.700000000000000000e+01,3.900000000000000000e+01
1.680080668230051994e+09,1.620800000000000000e+04,3.160000000000000000e+02,3.080000000000000000e+02,-6.130000000000000000e+02,4.900000000000000000e+01,2.700000000000000000e+01
1.680080668234058380e+09,1.628400000000000000e+04,2.920000000000000000e+02,3.160000000000000000e+02,-6.370000000000000000e+02,7.500000000000000000e+01,3.000000000000000000e+01
1.680080668237826109e+09,1.618800000000000000e+04,2.640000000000000000e+02,4.120000000000000000e+02,-6.550000000000000000e+02,4.800000000000000000e+01,7.000000000000000000e+00
1.680080668242096663e+09,1.609600000000000000e+04,2.440000000000000000e+02,4.040000000000000000e+02,-6.320000000000000000e+02,5.800000000000000000e+01,7.000000000000000000e+00
1.680080668245760441e+09,1.620000000000000000e+04,3.960000000000000000e+02,3.760000000000000000e+02,-6.470000000000000000e+02,6.800000000000000000e+01,4.000000000000000000e+01
1.680080668249655724e+09,1.622000000000000000e+04,2.960000000000000000e+02,3.440000000000000000e+02,-6.490000000000000000e+02,3.600000000000000000e+01,2.800000000000000000e+01
1.680080668253997564e+09,1.623600000000000000e+04,2.320000000000000000e+02,3.920000000000000000e+02,-6.200000000000000000e+02,3.700000000000000000e+01,4.300000000000000000e+01
1.680080668258284807e+09,1.614000000000000000e+04,3.240000000000000000e+02,2.280000000000000000e+02,-6.080000000000000000e+02,4.700000000000000000e+01,2.800000000000000000e+01
1.680080668262427092e+09,1.613200000000000000e+04,3.320000000000000000e+02,2.880000000000000000e+02,-6.150000000000000000e+02,6.200000000000000000e+01,4.700000000000000000e+01
1.680080668266470909e+09,1.610400000000000000e+04,2.440000000000000000e+02,3.200000000000000000e+02,-6.270000000000000000e+02,4.800000000000000000e+01,2.800000000000000000e+01
1.680080668270426512e+09,1.622000000000000000e+04,2.560000000000000000e+02,4.240000000000000000e+02,-6.850000000000000000e+02,3.600000000000000000e+01,3.900000000000000000e+01
1.680080668274477482e+09,1.627200000000000000e+04,3.520000000000000000e+02,3.080000000000000000e+02,-6.710000000000000000e+02,3.900000000000000000e+01,1.500000000000000000e+01
1.680080668278360605e+09,1.612000000000000000e+04,3.240000000000000000e+02,2.560000000000000000e+02,-6.610000000000000000e+02,4.100000000000000000e+01,3.600000000000000000e+01
1.680080668282590866e+09,1.611200000000000000e+04,2.720000000000000000e+02,4.120000000000000000e+02,-6.460000000000000000e+02,2.500000000000000000e+01,4.900000000000000000e+01
1.680080668286442041e+09,1.622800000000000000e+04,2.360000000000000000e+02,2.920000000000000000e+02,-6.660000000000000000e+02,5.600000000000000000e+01,3.700000000000000000e+01
1.680080668290515661e+09,1.614800000000000000e+04,3.680000000000000000e+02,3.520000000000000000e+02,-6.310000000000000000e+02,3.400000000000000000e+01,4.500000000000000000e+01
1.680080668294456005e+09,1.608000000000000000e+04,3.600000000000000000e+02,3.640000000000000000e+02,-6.540000000000000000e+02,6.300000000000000000e+01,2.600000000000000000e+01
1.680080668298448563e+09,1.618400000000000000e+04,3.400000000000000000e+02,4.200000000000000000e+02,-6.340000000000000000e+02,3.000000000000000000e+01,3.600000000000000000e+01
1.680080668302368164e+09,1.622800000000000000e+04,2.880000000000000000e+02,3.000000000000000000e+02,-6.390000000000000000e+02,5.400000000000000000e+01,3.600000000000000000e+01
1.680080668306504250e+09,1.623200000000000000e+04,2.880000000000000000e+02,2.640000000000000000e+02,-6.450000000000000000e+02,4.500000000000000000e+01,4.500000000000000000e+01
1.680080668310350657e+09,1.618800000000000000e+04,2.960000000000000000e+02,2.720000000000000000e+02,-6.550000000000000000e+02,6.500000000000000000e+01,6.500000000000000000e+01
1.680080668314241648e+09,1.611600000000000000e+04,2.400000000000000000e+02,2.040000000000000000e+02,-6.510000000000000000e+02,5.400000000000000000e+01,2.300000000000000000e+01
1.680080668318108082e+09,1.618000000000000000e+04,2.560000000000000000e+02,2.080000000000000000e+02,-6.140000000000000000e+02,5.200000000000000000e+01,4.700000000000000000e+01
1.680080668322377682e+09,1.611600000000000000e+04,2.160000000000000000e+02,4.440000000000000000e+02,-6.290000000000000000e+02,5.700000000000000000e+01,4.100000000000000000e+01
1.680080668326022625e+09,1.620800000000000000e+04,2.640000000000000000e+02,3.240000000000000000e+02,-6.420000000000000000e+02,3.400000000000000000e+01,1.500000000000000000e+01
1.680080668329932451e+09,1.616400000000000000e+04,3.240000000000000000e+02,3.400000000000000000e+02,-5.980000000000000000e+02,5.400000000000000000e+01,6.400000000000000000e+01
1.680080668333656311e+09,1.605200000000000000e+04,3.600000000000000000e+02,3.040000000000000000e+02,-6.620000000000000000e+02,5.600000000000000000e+01,2.800000000000000000e+01
1.680080668337979078e+09,1.619200000000000000e+04,3.360000000000000000e+02,3.000000000000000000e+02,-6.310000000000000000e+02,6.400000000000000000e+01,1.700000000000000000e+01
1.680080668341670990e+09,1.612000000000000000e+04,3.640000000000000000e+02,2.600000000000000000e+02,-6.540000000000000000e+02,3.400000000000000000e+01,3.400000000000000000e+01
1.680080668345694542e+09,1.615600000000000000e+04,3.920000000000000000e+02,2.680000000000000000e+02,-5.910000000000000000e+02,6.000000000000000000e+00,5.500000000000000000e+01
1.680080668349521160e+09,1.614400000000000000e+04,3.320000000000000000e+02,4.200000000000000000e+02,-6.580000000000000000e+02,3.500000000000000000e+01,3.100000000000000000e+01
1.680080668353387594e+09,1.606800000000000000e+04,3.680000000000000000e+02,3.160000000000000000e+02,-6.040000000000000000e+02,5.800000000000000000e+01,3.400000000000000000e+01
1.680080668357448101e+09,1.624800000000000000e+04,3.440000000000000000e+02,3.520000000000000000e+02,-5.940000000000000000e+02,3.200000000000000000e+01,2.900000000000000000e+01
1.680080668361211300e+09,1.622400000000000000e+04,3.200000000000000000e+02,4.160000000000000000e+02,-6.330000000000000000e+02,5.200000000000000000e+01,2.700000000000000000e+01
1.680080668365286589e+09,1.626400000000000000e+04,3.600000000000000000e+02,2.280000000000000000e+02,-6.590000000000000000e+02,5.100000000000000000e+01,3.900000000000000000e+01
1.680080668369321585e+09,1.615200000000000000e+04,2.960000000000000000e+02,3.160000000000000000e+02,-6.590000000000000000e+02,4.300000000000000000e+01,5.600000000000000000e+01
1.680080668373364210e+09,1.622000000000000000e+04,3.240000000000000000e+02,3.360000000000000000e+02,-6.430000000000000000e+02,3.100000000000000000e+01,2.400000000000000000e+01
1.680080668377339840e+09,1.616000000000000000e+04,2.720000000000000000e+02,4.400000000000000000e+02,-6.930000000000000000e+02,7.300000000000000000e+01,3.600000000000000000e+01
1.680080668381126404e+09,1.620400000000000000e+04,3.160000000000000000e+02,2.320000000000000000e+02,-6.530000000000000000e+02,3.300000000000000000e+01,1.800000000000000000e+01
1.680080668385190964e+09,1.615200000000000000e+04,2.840000000000000000e+02,3.400000000000000000e+02,-6.450000000000000000e+02,2.600000000000000000e+01,3.700000000000000000e+01
1.680080668388982534e+09,1.612800000000000000e+04,3.440000000000000000e+02,3.520000000000000000e+02,-6.680000000000000000e+02,5.700000000000000000e+01,3.000000000000000000e+01
1.680080668392903090e+09,1.620800000000000000e+04,3.560000000000000000e+02,2.960000000000000000e+02,-6.290000000000000000e+02,7.000000000000000000e+00,2.500000000000000000e+01
1.680080668396768093e+09,1.620800000000000000e+04,3.440000000000000000e+02,4.440000000000000000e+02,-6.210000000000000000e+02,4.000000000000000000e+01,6.000000000000000000e+01
1.680080668400877237e+09,1.622000000000000000e+04,3.320000000000000000e+02,2.840000000000000000e+02,-6.340000000000000000e+02,3.300000000000000000e+01,2.800000000000000000e+01
1.680080668404685259e+09,1.616400000000000000e+04,2.720000000000000000e+02,2.160000000000000000e+02,-6.280000000000000000e+02,5.500000000000000000e+01,4.100000000000000000e+01
1.680080668408722878e+09,1.606800000000000000e+04,3.440000000000000000e+02,3.440000000000000000e+02,-6.330000000000000000e+02,6.500000000000000000e+01,2.500000000000000000e+01
1.680080668412664652e+09,1.630000000000000000e+04,3.760000000000000000e+02,3.880000000000000000e+02,-6.190000000000000000e+02,6.800000000000000000e+01,4.500000000000000000e+01
1.680080668416663408e+09,1.622400000000000000e+04,3.160000000000000000e+02,3.400000000000000000e+02,-6.580000000000000000e+02,5.200000000000000000e+01,6.600000000000000000e+01
1.680080668420594215e+09,1.613600000000000000e+04,3.000000000000000000e+02,3.200000000000000000e+02,-6.360000000000000000e+02,4.400000000000000000e+01,1.400000000000000000e+01
1.680080668424759388e+09,1.622400000000000000e+04,3.680000000000000000e+02,2.960000000000000000e+02,-6.450000000000000000e+02,3.900000000000000000e+01,3.700000000000000000e+01
1.680080668428739548e+09,1.624800000000000000e+04,2.680000000000000000e+02,2.160000000000000000e+02,-6.340000000000000000e+02,4.700000000000000000e+01,3.500000000000000000e+01
1.680080668432730198e+09,1.617200000000000000e+04,3.200000000000000000e+02,3.120000000000000000e+02,-6.180000000000000000e+02,5.700000000000000000e+01,4.300000000000000000e+01
1.680080668437044144e+09,1.622800000000000000e+04,2.680000000000000000e+02,2.640000000000000000e+02,-6.490000000000000000e+02,6.500000000000000000e+01,1.700000000000000000e+01
1.680080668440918207e+09,1.616000000000000000e+04,2.120000000000000000e+02,3.200000000000000000e+02,-6.110000000000000000e+02,3.700000000000000000e+01,7.000000000000000000e+01
1.680080668444940090e+09,1.625600000000000000e+04,2.600000000000000000e+02,3.800000000000000000e+02,-6.330000000000000000e+02,6.100000000000000000e+01,1.900000000000000000e+01
1.680080668448784828e+09,1.617600000000000000e+04,2.920000000000000000e+02,2.400000000000000000e+02,-6.270000000000000000e+02,5.000000000000000000e+00,4.000000000000000000e+01
1.680080668452806950e+09,1.618800000000000000e+04,2.920000000000000000e+02,3.440000000000000000e+02,-6.490000000000000000e+02,4.000000000000000000e+01,4.200000000000000000e+01
1.680080668456734180e+09,1.624800000000000000e+04,3.280000000000000000e+02,2.120000000000000000e+02,-6.600000000000000000e+02,2.900000000000000000e+01,3.100000000000000000e+01
1.680080668460625887e+09,1.611200000000000000e+04,3.920000000000000000e+02,1.840000000000000000e+02,-6.360000000000000000e+02,5.800000000000000000e+01,2.100000000000000000e+01
1.680080668464683533e+09,1.625600000000000000e+04,3.760000000000000000e+02,3.840000000000000000e+02,-6.370000000000000000e+02,5.200000000000000000e+01,3.900000000000000000e+01
1.680080668468465567e+09,1.622000000000000000e+04,3.200000000000000000e+02,4.000000000000000000e+02,-6.480000000000000000e+02,4.200000000000000000e+01,3.400000000000000000e+01
1.680080668472553253e+09,1.611200000000000000e+04,2.600000000000000000e+02,2.360000000000000000e+02,-6.280000000000000000e+02,3.600000000000000000e+01,4.500000000000000000e+01
1.680080668476502895e+09,1.611200000000000000e+04,2.320000000000000000e+02,2.200000000000000000e+02,-6.290000000000000000e+02,2.900000000000000000e+01,3.500000000000000000e+01
1.680080668481018782e+09,1.617200000000000000e+04,3.240000000000000000e+02,2.840000000000000000e+02,-6.550000000000000000e+02,6.300000000000000000e+01,2.700000000000000000e+01
1.680080668485148191e+09,1.622400000000000000e+04,3.360000000000000000e+02,2.720000000000000000e+02,-6.080000000000000000e+02,7.000000000000000000e+01,3.200000000000000000e+01
1.680080668489195108e+09,1.618800000000000000e+04,2.560000000000000000e+02,2.040000000000000000e+02,-6.470000000000000000e+02,5.800000000000000000e+01,3.500000000000000000e+01
1.680080668493221521e+09,1.621600000000000000e+04,2.800000000000000000e+02,3.840000000000000000e+02,-6.350000000000000000e+02,4.600000000000000000e+01,2.500000000000000000e+01
1.680080668497165680e+09,1.613200000000000000e+04,3.120000000000000000e+02,2.640000000000000000e+02,-6.550000000000000000e+02,6.100000000000000000e+01,4.200000000000000000e+01
1.680080668501680613e+09,1.618400000000000000e+04,3.560000000000000000e+02,2.360000000000000000e+02,-6.430000000000000000e+02,4.000000000000000000e+01,2.700000000000000000e+01
1.680080668505579472e+09,1.614000000000000000e+04,2.960000000000000000e+02,1.680000000000000000e+02,-6.200000000000000000e+02,4.900000000000000000e+01,4.400000000000000000e+01
1.680080668509609938e+09,1.616800000000000000e+04,2.800000000000000000e+02,3.240000000000000000e+02,-6.290000000000000000e+02,6.100000000000000000e+01,3.400000000000000000e+01
1.680080668513529301e+09,1.620400000000000000e+04,3.880000000000000000e+02,3.720000000000000000e+02,-6.650000000000000000e+02,4.900000000000000000e+01,2.700000000000000000e+01
1.680080668517583132e+09,1.619600000000000000e+04,2.920000000000000000e+02,2.400000000000000000e+02,-6.420000000000000000e+02,1.900000000000000000e+01,4.600000000000000000e+01
1.680080668521515369e+09,1.620800000000000000e+04,2.520000000000000000e+02,2.760000000000000000e+02,-6.300000000000000000e+02,2.700000000000000000e+01,2.100000000000000000e+01
1.680080668525813580e+09,1.614000000000000000e+04,3.400000000000000000e+02,1.920000000000000000e+02,-6.460000000000000000e+02,4.900000000000000000e+01,3.200000000000000000e+01
1.680080668529643297e+09,1.619200000000000000e+04,3.760000000000000000e+02,2.560000000000000000e+02,-6.560000000000000000e+02,5.000000000000000000e+01,4.500000000000000000e+01
1.680080668533564329e+09,1.617600000000000000e+04,2.560000000000000000e+02,2.800000000000000000e+02,-6.800000000000000000e+02,5.700000000000000000e+01,1.500000000000000000e+01
1.680080668537540913e+09,1.620800000000000000e+04,3.160000000000000000e+02,2.120000000000000000e+02,-6.370000000000000000e+02,6.100000000000000000e+01,2.300000000000000000e+01
1.680080668541575432e+09,1.623600000000000000e+04,3.080000000000000000e+02,4.240000000000000000e+02,-6.480000000000000000e+02,6.100000000000000000e+01,4.000000000000000000e+01
1.680080668545597553e+09,1.624800000000000000e+04,3.680000000000000000e+02,3.360000000000000000e+02,-6.550000000000000000e+02,4.300000000000000000e+01,2.700000000000000000e+01
1.680080668550029278e+09,1.611200000000000000e+04,4.080000000000000000e+02,2.920000000000000000e+02,-6.460000000000000000e+02,7.000000000000000000e+00,2.800000000000000000e+01
1.680080668553760767e+09,1.616400000000000000e+04,2.320000000000000000e+02,2.720000000000000000e+02,-6.860000000000000000e+02,4.900000000000000000e+01,5.200000000000000000e+01
1.680080668558155775e+09,1.617200000000000000e+04,4.360000000000000000e+02,3.280000000000000000e+02,-6.640000000000000000e+02,3.900000000000000000e+01,5.000000000000000000e+01
1.680080668562113523e+09,1.617200000000000000e+04,3.160000000000000000e+02,3.680000000000000000e+02,-6.830000000000000000e+02,4.000000000000000000e+01,4.600000000000000000e+01
1.680080668566457272e+09,1.623200000000000000e+04,3.200000000000000000e+02,2.560000000000000000e+02,-6.230000000000000000e+02,5.800000000000000000e+01,4.800000000000000000e+01
1.680080668570810080e+09,1.614800000000000000e+04,1.960000000000000000e+02,2.840000000000000000e+02,-6.520000000000000000e+02,5.900000000000000000e+01,3.200000000000000000e+01
1.680080668575284719e+09,1.619600000000000000e+04,2.120000000000000000e+02,3.600000000000000000e+02,-6.360000000000000000e+02,4.600000000000000000e+01,3.000000000000000000e+01
1.680080668578915119e+09,1.616800000000000000e+04,3.760000000000000000e+02,2.720000000000000000e+02,-6.480000000000000000e+02,2.400000000000000000e+01,2.100000000000000000e+01
1.680080668582959890e+09,1.624000000000000000e+04,3.080000000000000000e+02,2.120000000000000000e+02,-6.730000000000000000e+02,4.500000000000000000e+01,2.000000000000000000e+01
1.680080668587112665e+09,1.619600000000000000e+04,3.960000000000000000e+02,2.800000000000000000e+02,-6.220000000000000000e+02,3.700000000000000000e+01,3.000000000000000000e+01
1.680080668591247559e+09,1.612800000000000000e+04,2.760000000000000000e+02,2.520000000000000000e+02,-6.140000000000000000e+02,5.900000000000000000e+01,1.400000000000000000e+01
1.680080668594898939e+09,1.624000000000000000e+04,3.320000000000000000e+02,3.640000000000000000e+02,-6.460000000000000000e+02,4.700000000000000000e+01,3.000000000000000000e+01
1.680080668598981380e+09,1.616800000000000000e+04,2.760000000000000000e+02,2.800000000000000000e+02,-6.470000000000000000e+02,4.200000000000000000e+01,3.200000000000000000e+01
1.680080668602841139e+09,1.625200000000000000e+04,2.520000000000000000e+02,3.840000000000000000e+02,-6.370000000000000000e+02,6.100000000000000000e+01,5.000000000000000000e+00
1.680080668607602596e+09,1.621600000000000000e+04,4.120000000000000000e+02,3.520000000000000000e+02,-6.450000000000000000e+02,5.400000000000000000e+01,1.400000000000000000e+01
1.680080668612574816e+09,1.618000000000000000e+04,3.520000000000000000e+02,3.120000000000000000e+02,-6.730000000000000000e+02,4.200000000000000000e+01,4.000000000000000000e+01
1.680080668616671324e+09,1.623600000000000000e+04,3.400000000000000000e+02,2.600000000000000000e+02,-6.430000000000000000e+02,5.300000000000000000e+01,3.200000000000000000e+01
1.680080668620566845e+09,1.618400000000000000e+04,2.480000000000000000e+02,2.960000000000000000e+02,-6.340000000000000000e+02,9.500000000000000000e+01,2.400000000000000000e+01
1.680080668624513865e+09,1.621200000000000000e+04,3.840000000000000000e+02,3.160000000000000000e+02,-6.510000000000000000e+02,5.400000000000000000e+01,4.400000000000000000e+01
1.680080668628374815e+09,1.608400000000000000e+04,3.160000000000000000e+02,3.320000000000000000e+02,-6.650000000000000000e+02,6.400000000000000000e+01,1.700000000000000000e+01
1.680080668632276535e+09,1.622400000000000000e+04,3.400000000000000000e+02,1.640000000000000000e+02,-6.380000000000000000e+02,4.700000000000000000e+01,1.900000000000000000e+01
1.680080668636849880e+09,1.622000000000000000e+04,3.280000000000000000e+02,3.560000000000000000e+02,-6.320000000000000000e+02,4.100000000000000000e+01,5.000000000000000000e+01
1.680080668640931606e+09,1.609600000000000000e+04,3.400000000000000000e+02,4.000000000000000000e+02,-6.330000000000000000e+02,3.000000000000000000e+01,1.700000000000000000e+01
1.680080668644664288e+09,1.623200000000000000e+04,2.560000000000000000e+02,4.000000000000000000e+02,-6.220000000000000000e+02,6.500000000000000000e+01,2.900000000000000000e+01
1.680080668649065971e+09,1.622800000000000000e+04,2.920000000000000000e+02,2.280000000000000000e+02,-6.360000000000000000e+02,6.100000000000000000e+01,2.700000000000000000e+01
1.680080668653175116e+09,1.619200000000000000e+04,3.680000000000000000e+02,3.160000000000000000e+02,-6.090000000000000000e+02,5.100000000000000000e+01,4.600000000000000000e+01
1.680080668657336950e+09,1.622800000000000000e+04,3.080000000000000000e+02,5.040000000000000000e+02,-6.320000000000000000e+02,7.100000000000000000e+01,2.600000000000000000e+01
1.680080668661035061e+09,1.607600000000000000e+04,2.800000000000000000e+02,2.040000000000000000e+02,-6.300000000000000000e+02,6.300000000000000000e+01,2.700000000000000000e+01
1.680080668665080786e+09,1.618000000000000000e+04,2.080000000000000000e+02,3.240000000000000000e+02,-6.420000000000000000e+02,3.500000000000000000e+01,8.000000000000000000e+00
1.680080668669267416e+09,1.616800000000000000e+04,2.560000000000000000e+02,1.920000000000000000e+02,-6.310000000000000000e+02,3.800000000000000000e+01,3.700000000000000000e+01
1.680080668673308372e+09,1.616800000000000000e+04,3.040000000000000000e+02,2.320000000000000000e+02,-6.340000000000000000e+02,4.700000000000000000e+01,1.300000000000000000e+01
1.680080668677971125e+09,1.617600000000000000e+04,3.280000000000000000e+02,2.440000000000000000e+02,-6.480000000000000000e+02,5.600000000000000000e+01,4.000000000000000000e+01
1.680080668681856394e+09,1.615200000000000000e+04,2.760000000000000000e+02,2.040000000000000000e+02,-6.310000000000000000e+02,2.100000000000000000e+01,1.600000000000000000e+01
1.680080668685966015e+09,1.613200000000000000e+04,3.760000000000000000e+02,2.520000000000000000e+02,-6.280000000000000000e+02,5.800000000000000000e+01,3.100000000000000000e+01
1.680080668689769506e+09,1.622800000000000000e+04,3.160000000000000000e+02,3.120000000000000000e+02,-6.420000000000000000e+02,4.700000000000000000e+01,3.700000000000000000e+01
1.680080668694274187e+09,1.618000000000000000e+04,4.040000000000000000e+02,3.080000000000000000e+02,-6.490000000000000000e+02,7.100000000000000000e+01,2.900000000000000000e+01
1.680080668698222399e+09,1.621200000000000000e+04,3.440000000000000000e+02,3.120000000000000000e+02,-6.330000000000000000e+02,5.400000000000000000e+01,2.600000000000000000e+01
1.680080668702444553e+09,1.621600000000000000e+04,2.880000000000000000e+02,3.120000000000000000e+02,-6.390000000000000000e+02,3.500000000000000000e+01,3.900000000000000000e+01
1.680080668706484079e+09,1.612000000000000000e+04,3.240000000000000000e+02,1.880000000000000000e+02,-6.540000000000000000e+02,6.900000000000000000e+01,3.000000000000000000e+01
1.680080668710423470e+09,1.623600000000000000e+04,2.560000000000000000e+02,2.200000000000000000e+02,-6.360000000000000000e+02,4.800000000000000000e+01,4.500000000000000000e+01
1.680080668714362860e+09,1.622800000000000000e+04,4.360000000000000000e+02,3.240000000000000000e+02,-6.490000000000000000e+02,6.300000000000000000e+01,4.300000000000000000e+01
1.680080668718522787e+09,1.619200000000000000e+04,4.160000000000000000e+02,2.240000000000000000e+02,-6.220000000000000000e+02,1.900000000000000000e+01,5.100000000000000000e+01
1.680080668722469568e+09,1.616400000000000000e+04,3.000000000000000000e+02,4.120000000000000000e+02,-6.370000000000000000e+02,2.600000000000000000e+01,5.000000000000000000e+01
1.680080668726419449e+09,1.626000000000000000e+04,2.720000000000000000e+02,3.760000000000000000e+02,-6.700000000000000000e+02,4.300000000000000000e+01,2.100000000000000000e+01
1.680080668730464935e+09,1.623600000000000000e+04,3.920000000000000000e+02,3.680000000000000000e+02,-6.220000000000000000e+02,6.700000000000000000e+01,1.000000000000000000e+01
1.680080668734369993e+09,1.619200000000000000e+04,3.520000000000000000e+02,3.200000000000000000e+02,-6.450000000000000000e+02,3.100000000000000000e+01,5.400000000000000000e+01
1.680080668738322735e+09,1.622800000000000000e+04,2.720000000000000000e+02,3.320000000000000000e+02,-6.760000000000000000e+02,5.900000000000000000e+01,3.600000000000000000e+01
1.680080668743095875e+09,1.627600000000000000e+04,2.880000000000000000e+02,3.640000000000000000e+02,-6.200000000000000000e+02,4.900000000000000000e+01,4.300000000000000000e+01
1.680080668747122526e+09,1.616000000000000000e+04,2.040000000000000000e+02,3.800000000000000000e+02,-6.570000000000000000e+02,5.700000000000000000e+01,4.100000000000000000e+01
1.680080668751141787e+09,1.616400000000000000e+04,2.560000000000000000e+02,1.560000000000000000e+02,-6.410000000000000000e+02,5.400000000000000000e+01,2.600000000000000000e+01
1.680080668755130053e+09,1.611200000000000000e+04,3.320000000000000000e+02,2.120000000000000000e+02,-6.350000000000000000e+02,4.100000000000000000e+01,3.500000000000000000e+01
1.680080668759162426e+09,1.619600000000000000e+04,2.920000000000000000e+02,3.640000000000000000e+02,-6.820000000000000000e+02,5.900000000000000000e+01,1.200000000000000000e+01
1.680080668763103724e+09,1.624800000000000000e+04,2.680000000000000000e+02,2.840000000000000000e+02,-6.520000000000000000e+02,8.000000000000000000e+01,4.000000000000000000e+00
1.680080668767319918e+09,1.618000000000000000e+04,2.720000000000000000e+02,4.080000000000000000e+02,-6.270000000000000000e+02,4.700000000000000000e+01,3.300000000000000000e+01
1.680080668771160603e+09,1.623600000000000000e+04,3.480000000000000000e+02,4.160000000000000000e+02,-6.180000000000000000e+02,5.300000000000000000e+01,3.300000000000000000e+01
1.680080668775303364e+09,1.621600000000000000e+04,3.560000000000000000e+02,4.160000000000000000e+02,-6.160000000000000000e+02,6.800000000000000000e+01,4.000000000000000000e+01
1.680080668779295206e+09,1.626800000000000000e+04,3.480000000000000000e+02,1.760000000000000000e+02,-6.050000000000000000e+02,7.300000000000000000e+01,2.800000000000000000e+01
1.680080668783302069e+09,1.617600000000000000e+04,2.840000000000000000e+02,3.880000000000000000e+02,-6.280000000000000000e+02,4.800000000000000000e+01,4.400000000000000000e+01
1.680080668787326574e+09,1.617200000000000000e+04,3.400000000000000000e+02,3.160000000000000000e+02,-6.330000000000000000e+02,3.200000000000000000e+01,4.300000000000000000e+01
1.680080668791500807e+09,1.617600000000000000e+04,3.600000000000000000e+02,3.680000000000000000e+02,-5.960000000000000000e+02,2.500000000000000000e+01,4.500000000000000000e+01
1.680080668795634270e+09,1.622400000000000000e+04,3.800000000000000000e+02,4.720000000000000000e+02,-6.370000000000000000e+02,4.500000000000000000e+01,3.200000000000000000e+01
1.680080668799389601e+09,1.628400000000000000e+04,3.360000000000000000e+02,3.680000000000000000e+02,-6.420000000000000000e+02,3.900000000000000000e+01,5.200000000000000000e+01
1.680080668803411722e+09,1.629200000000000000e+04,3.160000000000000000e+02,3.640000000000000000e+02,-6.110000000000000000e+02,4.700000000000000000e+01,9.000000000000000000e+00
1.680080668807474136e+09,1.612400000000000000e+04,2.480000000000000000e+02,3.920000000000000000e+02,-6.010000000000000000e+02,4.500000000000000000e+01,2.600000000000000000e+01
1.680080668811301231e+09,1.620800000000000000e+04,3.400000000000000000e+02,3.520000000000000000e+02,-6.420000000000000000e+02,3.000000000000000000e+01,1.700000000000000000e+01
1.680080668815495968e+09,1.620800000000000000e+04,3.120000000000000000e+02,3.920000000000000000e+02,-6.230000000000000000e+02,5.100000000000000000e+01,3.600000000000000000e+01
1.680080668819791794e+09,1.616800000000000000e+04,2.960000000000000000e+02,4.280000000000000000e+02,-6.010000000000000000e+02,5.000000000000000000e+01,4.500000000000000000e+01
1.680080668823786736e+09,1.618000000000000000e+04,2.760000000000000000e+02,2.920000000000000000e+02,-6.540000000000000000e+02,4.600000000000000000e+01,3.800000000000000000e+01
1.680080668828034639e+09,1.619200000000000000e+04,3.080000000000000000e+02,1.840000000000000000e+02,-6.630000000000000000e+02,3.300000000000000000e+01,3.400000000000000000e+01
1.680080668832040787e+09,1.616400000000000000e+04,2.640000000000000000e+02,3.240000000000000000e+02,-6.980000000000000000e+02,2.900000000000000000e+01,2.400000000000000000e+01
1.680080668836117983e+09,1.622800000000000000e+04,2.760000000000000000e+02,4.920000000000000000e+02,-6.620000000000000000e+02,2.600000000000000000e+01,4.100000000000000000e+01
1.680080668840599060e+09,1.612800000000000000e+04,3.120000000000000000e+02,2.400000000000000000e+02,-6.670000000000000000e+02,3.600000000000000000e+01,5.900000000000000000e+01
1.680080668844502926e+09,1.618400000000000000e+04,4.160000000000000000e+02,4.640000000000000000e+02,-6.530000000000000000e+02,6.800000000000000000e+01,3.500000000000000000e+01
1.680080668848964453e+09,1.620400000000000000e+04,4.120000000000000000e+02,3.000000000000000000e+02,-6.560000000000000000e+02,4.500000000000000000e+01,3.300000000000000000e+01
1.680080668852919817e+09,1.619200000000000000e+04,3.240000000000000000e+02,3.240000000000000000e+02,-6.620000000000000000e+02,6.300000000000000000e+01,4.200000000000000000e+01
1.680080668857011557e+09,1.614400000000000000e+04,2.840000000000000000e+02,4.680000000000000000e+02,-6.240000000000000000e+02,5.100000000000000000e+01,5.300000000000000000e+01
1.680080668861166954e+09,1.621200000000000000e+04,3.320000000000000000e+02,2.000000000000000000e+02,-6.370000000000000000e+02,2.500000000000000000e+01,6.000000000000000000e+01
1.680080668865269423e+09,1.620000000000000000e+04,2.760000000000000000e+02,3.320000000000000000e+02,-6.480000000000000000e+02,4.300000000000000000e+01,2.500000000000000000e+01
1.680080668870316505e+09,1.620000000000000000e+04,2.800000000000000000e+02,2.000000000000000000e+02,-6.450000000000000000e+02,4.700000000000000000e+01,3.800000000000000000e+01
1.680080668874166965e+09,1.626400000000000000e+04,2.760000000000000000e+02,3.520000000000000000e+02,-6.510000000000000000e+02,5.400000000000000000e+01,3.900000000000000000e+01
1.680080668878224850e+09,1.622400000000000000e+04,2.800000000000000000e+02,3.600000000000000000e+02,-6.050000000000000000e+02,7.300000000000000000e+01,6.000000000000000000e+00
1.680080668881903648e+09,1.612000000000000000e+04,2.200000000000000000e+02,2.480000000000000000e+02,-6.640000000000000000e+02,5.100000000000000000e+01,2.600000000000000000e+01
1.680080668886116028e+09,1.617200000000000000e+04,2.800000000000000000e+02,2.240000000000000000e+02,-6.490000000000000000e+02,6.100000000000000000e+01,3.300000000000000000e+01
1.680080668890303850e+09,1.617600000000000000e+04,3.320000000000000000e+02,3.200000000000000000e+02,-6.730000000000000000e+02,4.500000000000000000e+01,3.100000000000000000e+01
1.680080668894615412e+09,1.622400000000000000e+04,2.840000000000000000e+02,1.440000000000000000e+02,-6.640000000000000000e+02,6.000000000000000000e+01,2.200000000000000000e+01
1.680080668898480892e+09,1.620800000000000000e+04,2.760000000000000000e+02,2.440000000000000000e+02,-6.340000000000000000e+02,3.800000000000000000e+01,4.400000000000000000e+01
1.680080668902718306e+09,1.612800000000000000e+04,3.080000000000000000e+02,4.000000000000000000e+02,-6.280000000000000000e+02,4.500000000000000000e+01,4.600000000000000000e+01
1.680080668906985521e+09,1.627200000000000000e+04,3.280000000000000000e+02,4.200000000000000000e+02,-6.130000000000000000e+02,6.000000000000000000e+01,3.600000000000000000e+01
1.680080668910969019e+09,1.619600000000000000e+04,2.200000000000000000e+02,3.400000000000000000e+02,-6.760000000000000000e+02,4.800000000000000000e+01,3.200000000000000000e+01
1.680080668914701462e+09,1.616000000000000000e+04,4.320000000000000000e+02,4.000000000000000000e+02,-6.270000000000000000e+02,7.000000000000000000e+00,2.400000000000000000e+01
1.680080668918929338e+09,1.634800000000000000e+04,3.080000000000000000e+02,3.200000000000000000e+02,-6.360000000000000000e+02,5.500000000000000000e+01,4.200000000000000000e+01
1.680080668922753096e+09,1.619600000000000000e+04,3.600000000000000000e+02,2.600000000000000000e+02,-6.380000000000000000e+02,6.000000000000000000e+00,3.300000000000000000e+01
1.680080668927238464e+09,1.618400000000000000e+04,3.680000000000000000e+02,4.360000000000000000e+02,-6.570000000000000000e+02,5.300000000000000000e+01,4.200000000000000000e+01
1.680080668930799007e+09,1.625600000000000000e+04,3.800000000000000000e+02,3.040000000000000000e+02,-6.010000000000000000e+02,4.500000000000000000e+01,3.900000000000000000e+01
1.680080668934854507e+09,1.623600000000000000e+04,2.680000000000000000e+02,2.840000000000000000e+02,-6.310000000000000000e+02,7.300000000000000000e+01,3.600000000000000000e+01
1.680080668939007998e+09,1.613200000000000000e+04,3.440000000000000000e+02,2.640000000000000000e+02,-6.390000000000000000e+02,3.900000000000000000e+01,3.800000000000000000e+01
1.680080668943174839e+09,1.600000000000000000e+04,3.440000000000000000e+02,4.480000000000000000e+02,-6.740000000000000000e+02,6.000000000000000000e+01,2.100000000000000000e+01
1.680080668947123528e+09,1.614800000000000000e+04,3.240000000000000000e+02,2.640000000000000000e+02,-6.310000000000000000e+02,3.400000000000000000e+01,7.000000000000000000e+00
1.680080668951402903e+09,1.626000000000000000e+04,2.720000000000000000e+02,2.200000000000000000e+02,-6.180000000000000000e+02,4.100000000000000000e+01,3.600000000000000000e+01
1.680080668955434799e+09,1.613200000000000000e+04,4.440000000000000000e+02,2.160000000000000000e+02,-6.240000000000000000e+02,5.600000000000000000e+01,5.200000000000000000e+01
1.680080668959512234e+09,1.615200000000000000e+04,3.200000000000000000e+02,4.040000000000000000e+02,-6.300000000000000000e+02,3.800000000000000000e+01,2.500000000000000000e+01
1.680080668963542938e+09,1.623600000000000000e+04,2.880000000000000000e+02,4.000000000000000000e+02,-6.220000000000000000e+02,2.200000000000000000e+01,4.200000000000000000e+01
1.680080668967974663e+09,1.614000000000000000e+04,3.160000000000000000e+02,2.760000000000000000e+02,-6.390000000000000000e+02,2.400000000000000000e+01,3.600000000000000000e+01
1.680080668972040176e+09,1.622800000000000000e+04,2.440000000000000000e+02,3.200000000000000000e+02,-6.380000000000000000e+02,6.700000000000000000e+01,4.700000000000000000e+01
1.680080668976601601e+09,1.624000000000000000e+04,3.000000000000000000e+02,1.760000000000000000e+02,-6.470000000000000000e+02,8.900000000000000000e+01,3.000000000000000000e+01
1.680080668981526375e+09,1.619200000000000000e+04,2.840000000000000000e+02,2.800000000000000000e+02,-6.100000000000000000e+02,3.700000000000000000e+01,4.100000000000000000e+01
1.680080668985548735e+09,1.611200000000000000e+04,3.080000000000000000e+02,1.560000000000000000e+02,-6.390000000000000000e+02,6.200000000000000000e+01,3.900000000000000000e+01
1.680080668989488602e+09,1.620000000000000000e+04,2.440000000000000000e+02,2.680000000000000000e+02,-6.610000000000000000e+02,1.800000000000000000e+01,4.500000000000000000e+01
1.680080668993444443e+09,1.616800000000000000e+04,2.760000000000000000e+02,3.200000000000000000e+02,-6.610000000000000000e+02,3.900000000000000000e+01,6.000000000000000000e+00
1.680080668997644663e+09,1.626800000000000000e+04,2.960000000000000000e+02,3.320000000000000000e+02,-6.500000000000000000e+02,7.100000000000000000e+01,2.300000000000000000e+01
1.680080669001731873e+09,1.613200000000000000e+04,3.600000000000000000e+02,2.800000000000000000e+02,-6.450000000000000000e+02,2.600000000000000000e+01,2.200000000000000000e+01
1.680080669005543232e+09,1.620000000000000000e+04,2.880000000000000000e+02,3.760000000000000000e+02,-6.500000000000000000e+02,3.000000000000000000e+01,3.900000000000000000e+01
1.680080669010014534e+09,1.626000000000000000e+04,2.800000000000000000e+02,2.840000000000000000e+02,-6.320000000000000000e+02,7.300000000000000000e+01,1.900000000000000000e+01
1.680080669013990402e+09,1.620400000000000000e+04,3.120000000000000000e+02,2.960000000000000000e+02,-6.380000000000000000e+02,4.000000000000000000e+01,3.700000000000000000e+01
1.680080669017989159e+09,1.624000000000000000e+04,3.320000000000000000e+02,3.880000000000000000e+02,-6.230000000000000000e+02,3.500000000000000000e+01,9.000000000000000000e+00
1.680080669021848202e+09,1.616400000000000000e+04,3.680000000000000000e+02,3.480000000000000000e+02,-6.360000000000000000e+02,8.200000000000000000e+01,3.600000000000000000e+01
1.680080669025934219e+09,1.612000000000000000e+04,2.560000000000000000e+02,4.080000000000000000e+02,-6.400000000000000000e+02,5.300000000000000000e+01,4.200000000000000000e+01
1.680080669029579401e+09,1.616800000000000000e+04,3.680000000000000000e+02,4.520000000000000000e+02,-6.010000000000000000e+02,7.800000000000000000e+01,3.000000000000000000e+01
1.680080669033561707e+09,1.618800000000000000e+04,2.440000000000000000e+02,2.360000000000000000e+02,-6.590000000000000000e+02,3.400000000000000000e+01,3.500000000000000000e+01
1.680080669038240910e+09,1.611200000000000000e+04,2.880000000000000000e+02,2.040000000000000000e+02,-6.140000000000000000e+02,3.700000000000000000e+01,3.900000000000000000e+01
1.680080669042868376e+09,1.614400000000000000e+04,2.320000000000000000e+02,2.480000000000000000e+02,-6.050000000000000000e+02,6.700000000000000000e+01,2.400000000000000000e+01
1.680080669046610117e+09,1.607600000000000000e+04,2.720000000000000000e+02,2.800000000000000000e+02,-6.310000000000000000e+02,5.800000000000000000e+01,3.000000000000000000e+01
1.680080669051052809e+09,1.603600000000000000e+04,3.400000000000000000e+02,1.920000000000000000e+02,-6.350000000000000000e+02,4.700000000000000000e+01,5.500000000000000000e+01
1.680080669055198193e+09,1.616000000000000000e+04,2.280000000000000000e+02,2.240000000000000000e+02,-6.170000000000000000e+02,4.700000000000000000e+01,2.700000000000000000e+01
1.680080669058964491e+09,1.618800000000000000e+04,1.920000000000000000e+02,2.400000000000000000e+02,-6.440000000000000000e+02,4.300000000000000000e+01,6.300000000000000000e+01
1.680080669063080311e+09,1.610800000000000000e+04,2.800000000000000000e+02,3.440000000000000000e+02,-6.060000000000000000e+02,3.200000000000000000e+01,2.500000000000000000e+01
1.680080669067223072e+09,1.615200000000000000e+04,3.000000000000000000e+02,3.760000000000000000e+02,-6.190000000000000000e+02,3.500000000000000000e+01,4.000000000000000000e+00
1.680080669071234703e+09,1.618400000000000000e+04,3.680000000000000000e+02,4.200000000000000000e+02,-6.260000000000000000e+02,5.400000000000000000e+01,2.900000000000000000e+01
1.680080669075246811e+09,1.627600000000000000e+04,3.640000000000000000e+02,3.560000000000000000e+02,-6.590000000000000000e+02,4.400000000000000000e+01,9.000000000000000000e+00
1.680080669079412460e+09,1.622000000000000000e+04,2.880000000000000000e+02,2.080000000000000000e+02,-6.320000000000000000e+02,1.700000000000000000e+01,4.100000000000000000e+01
1.680080669082982302e+09,1.622000000000000000e+04,2.720000000000000000e+02,3.200000000000000000e+02,-6.440000000000000000e+02,5.400000000000000000e+01,3.500000000000000000e+01
1.680080669086723089e+09,1.619200000000000000e+04,3.840000000000000000e+02,3.320000000000000000e+02,-6.410000000000000000e+02,7.300000000000000000e+01,2.000000000000000000e+01
1.680080669090678215e+09,1.624000000000000000e+04,2.520000000000000000e+02,2.920000000000000000e+02,-6.300000000000000000e+02,3.800000000000000000e+01,4.700000000000000000e+01
1.680080669094705105e+09,1.618800000000000000e+04,3.000000000000000000e+02,2.640000000000000000e+02,-6.320000000000000000e+02,6.000000000000000000e+01,1.700000000000000000e+01
1.680080669098462582e+09,1.626400000000000000e+04,3.280000000000000000e+02,2.560000000000000000e+02,-6.590000000000000000e+02,5.700000000000000000e+01,5.100000000000000000e+01
1.680080669102603674e+09,1.622800000000000000e+04,2.440000000000000000e+02,3.520000000000000000e+02,-6.480000000000000000e+02,6.000000000000000000e+01,3.000000000000000000e+01
1.680080669106653452e+09,1.615200000000000000e+04,2.640000000000000000e+02,3.280000000000000000e+02,-6.050000000000000000e+02,4.100000000000000000e+01,4.600000000000000000e+01
1.680080669110487700e+09,1.615600000000000000e+04,3.240000000000000000e+02,3.600000000000000000e+02,-6.530000000000000000e+02,6.100000000000000000e+01,3.400000000000000000e+01
1.680080669114744663e+09,1.608000000000000000e+04,2.000000000000000000e+02,2.960000000000000000e+02,-6.120000000000000000e+02,5.900000000000000000e+01,2.600000000000000000e+01
1.680080669118489027e+09,1.616800000000000000e+04,2.920000000000000000e+02,2.920000000000000000e+02,-6.260000000000000000e+02,6.900000000000000000e+01,2.100000000000000000e+01
1.680080669122501135e+09,1.619600000000000000e+04,3.280000000000000000e+02,3.840000000000000000e+02,-6.190000000000000000e+02,2.100000000000000000e+01,4.000000000000000000e+01
1.680080669126567602e+09,1.625600000000000000e+04,2.640000000000000000e+02,2.240000000000000000e+02,-6.240000000000000000e+02,6.300000000000000000e+01,3.100000000000000000e+01
1.680080669130617380e+09,1.612000000000000000e+04,2.600000000000000000e+02,3.800000000000000000e+02,-6.580000000000000000e+02,4.000000000000000000e+01,6.000000000000000000e+00
1.680080669134519577e+09,1.623600000000000000e+04,2.040000000000000000e+02,3.440000000000000000e+02,-6.700000000000000000e+02,3.700000000000000000e+01,1.200000000000000000e+01
1.680080669138629436e+09,1.621200000000000000e+04,2.400000000000000000e+02,2.640000000000000000e+02,-6.240000000000000000e+02,4.700000000000000000e+01,2.000000000000000000e+01
1.680080669142745495e+09,1.617200000000000000e+04,3.520000000000000000e+02,3.800000000000000000e+02,-6.060000000000000000e+02,4.800000000000000000e+01,3.600000000000000000e+01
1.680080669146610975e+09,1.605200000000000000e+04,2.600000000000000000e+02,2.280000000000000000e+02,-6.430000000000000000e+02,3.100000000000000000e+01,2.000000000000000000e+01
1.680080669150524855e+09,1.611600000000000000e+04,3.200000000000000000e+02,2.400000000000000000e+02,-6.390000000000000000e+02,4.100000000000000000e+01,4.400000000000000000e+01
1.680080669154575348e+09,1.618800000000000000e+04,3.960000000000000000e+02,2.800000000000000000e+02,-6.400000000000000000e+02,4.600000000000000000e+01,3.900000000000000000e+01
1.680080669158667803e+09,1.616800000000000000e+04,2.400000000000000000e+02,3.360000000000000000e+02,-6.380000000000000000e+02,7.200000000000000000e+01,2.500000000000000000e+01
1.680080669162354708e+09,1.613600000000000000e+04,3.160000000000000000e+02,5.560000000000000000e+02,-6.520000000000000000e+02,4.600000000000000000e+01,2.000000000000000000e+01
1.680080669166714191e+09,1.610800000000000000e+04,2.280000000000000000e+02,1.840000000000000000e+02,-6.460000000000000000e+02,2.700000000000000000e+01,2.800000000000000000e+01
1.680080669170554638e+09,1.622400000000000000e+04,2.720000000000000000e+02,2.720000000000000000e+02,-6.420000000000000000e+02,2.400000000000000000e+01,2.500000000000000000e+01
1.680080669174276829e+09,1.607600000000000000e+04,2.440000000000000000e+02,2.240000000000000000e+02,-6.680000000000000000e+02,6.800000000000000000e+01,4.600000000000000000e+01
1.680080669178451777e+09,1.624800000000000000e+04,3.440000000000000000e+02,2.440000000000000000e+02,-6.060000000000000000e+02,1.600000000000000000e+01,3.200000000000000000e+01
1.680080669182473183e+09,1.626400000000000000e+04,3.000000000000000000e+02,2.400000000000000000e+02,-6.370000000000000000e+02,6.600000000000000000e+01,2.900000000000000000e+01
1.680080669186042070e+09,1.624000000000000000e+04,2.840000000000000000e+02,2.600000000000000000e+02,-6.090000000000000000e+02,7.800000000000000000e+01,2.700000000000000000e+01
1.680080669190335989e+09,1.624000000000000000e+04,3.240000000000000000e+02,3.520000000000000000e+02,-6.310000000000000000e+02,6.400000000000000000e+01,4.300000000000000000e+01
1.680080669194926023e+09,1.615200000000000000e+04,3.320000000000000000e+02,3.160000000000000000e+02,-6.550000000000000000e+02,4.900000000000000000e+01,5.400000000000000000e+01
1.680080669198730230e+09,1.611600000000000000e+04,4.360000000000000000e+02,2.040000000000000000e+02,-6.660000000000000000e+02,4.400000000000000000e+01,3.400000000000000000e+01
1.680080669202882528e+09,1.622000000000000000e+04,2.920000000000000000e+02,3.080000000000000000e+02,-6.100000000000000000e+02,3.900000000000000000e+01,3.400000000000000000e+01
1.680080669206734896e+09,1.620400000000000000e+04,4.000000000000000000e+02,1.720000000000000000e+02,-6.480000000000000000e+02,2.300000000000000000e+01,4.000000000000000000e+01
1.680080669211177111e+09,1.613200000000000000e+04,3.560000000000000000e+02,2.200000000000000000e+02,-6.410000000000000000e+02,1.500000000000000000e+01,2.600000000000000000e+01
1.680080669215305328e+09,1.616400000000000000e+04,3.400000000000000000e+02,2.960000000000000000e+02,-6.430000000000000000e+02,1.100000000000000000e+01,4.400000000000000000e+01
1.680080669219486713e+09,1.619200000000000000e+04,3.640000000000000000e+02,2.400000000000000000e+02,-6.200000000000000000e+02,4.800000000000000000e+01,2.400000000000000000e+01
1.680080669223800182e+09,1.620000000000000000e+04,4.360000000000000000e+02,3.160000000000000000e+02,-6.390000000000000000e+02,4.700000000000000000e+01,5.800000000000000000e+01
1.680080669227893829e+09,1.620400000000000000e+04,4.040000000000000000e+02,2.920000000000000000e+02,-6.170000000000000000e+02,4.900000000000000000e+01,2.800000000000000000e+01
1.680080669231626749e+09,1.612000000000000000e+04,3.920000000000000000e+02,3.280000000000000000e+02,-6.420000000000000000e+02,7.100000000000000000e+01,5.800000000000000000e+01
1.680080669235811949e+09,1.609200000000000000e+04,4.120000000000000000e+02,2.320000000000000000e+02,-6.170000000000000000e+02,3.700000000000000000e+01,4.400000000000000000e+01
1.680080669240078449e+09,1.620000000000000000e+04,4.920000000000000000e+02,2.160000000000000000e+02,-6.070000000000000000e+02,6.000000000000000000e+01,2.000000000000000000e+01
1.680080669244039536e+09,1.614400000000000000e+04,3.480000000000000000e+02,2.520000000000000000e+02,-6.440000000000000000e+02,3.300000000000000000e+01,4.800000000000000000e+01
1.680080669248275518e+09,1.612800000000000000e+04,4.480000000000000000e+02,2.840000000000000000e+02,-6.700000000000000000e+02,2.700000000000000000e+01,1.800000000000000000e+01
1.680080669252049208e+09,1.618400000000000000e+04,2.800000000000000000e+02,2.360000000000000000e+02,-6.540000000000000000e+02,5.100000000000000000e+01,2.600000000000000000e+01
1.680080669256631374e+09,1.626000000000000000e+04,3.200000000000000000e+02,3.280000000000000000e+02,-6.380000000000000000e+02,6.100000000000000000e+01,4.200000000000000000e+01
1.680080669260904551e+09,1.614400000000000000e+04,3.840000000000000000e+02,3.640000000000000000e+02,-6.210000000000000000e+02,4.700000000000000000e+01,5.600000000000000000e+01
1.680080669265114546e+09,1.619200000000000000e+04,3.120000000000000000e+02,2.920000000000000000e+02,-6.320000000000000000e+02,5.000000000000000000e+00,5.100000000000000000e+01
1.680080669269324303e+09,1.623600000000000000e+04,2.920000000000000000e+02,3.320000000000000000e+02,-6.540000000000000000e+02,4.400000000000000000e+01,8.000000000000000000e+01
1.680080669273427010e+09,1.625200000000000000e+04,3.400000000000000000e+02,3.520000000000000000e+02,-6.270000000000000000e+02,8.600000000000000000e+01,4.500000000000000000e+01
1.680080669277815580e+09,1.618800000000000000e+04,2.360000000000000000e+02,4.480000000000000000e+02,-6.610000000000000000e+02,6.800000000000000000e+01,4.700000000000000000e+01
1.680080669282070637e+09,1.624800000000000000e+04,3.120000000000000000e+02,5.080000000000000000e+02,-6.420000000000000000e+02,7.600000000000000000e+01,3.900000000000000000e+01
1.680080669286121130e+09,1.619200000000000000e+04,2.840000000000000000e+02,3.400000000000000000e+02,-6.050000000000000000e+02,4.700000000000000000e+01,2.600000000000000000e+01
1.680080669290072203e+09,1.618800000000000000e+04,2.640000000000000000e+02,3.680000000000000000e+02,-6.040000000000000000e+02,3.200000000000000000e+01,5.600000000000000000e+01
1.680080669294496059e+09,1.614800000000000000e+04,2.800000000000000000e+02,3.400000000000000000e+02,-6.260000000000000000e+02,6.200000000000000000e+01,4.900000000000000000e+01
1.680080669298437595e+09,1.626400000000000000e+04,3.320000000000000000e+02,3.320000000000000000e+02,-6.530000000000000000e+02,6.600000000000000000e+01,4.100000000000000000e+01
1.680080669302499771e+09,1.608400000000000000e+04,3.120000000000000000e+02,2.800000000000000000e+02,-6.220000000000000000e+02,6.500000000000000000e+01,4.000000000000000000e+01
1.680080669306697130e+09,1.628800000000000000e+04,1.640000000000000000e+02,5.160000000000000000e+02,-6.390000000000000000e+02,5.000000000000000000e+01,4.700000000000000000e+01
1.680080669310781240e+09,1.626400000000000000e+04,3.680000000000000000e+02,3.440000000000000000e+02,-6.440000000000000000e+02,2.500000000000000000e+01,3.700000000000000000e+01
1.680080669314491034e+09,1.618400000000000000e+04,2.520000000000000000e+02,3.280000000000000000e+02,-6.510000000000000000e+02,4.400000000000000000e+01,7.300000000000000000e+01
1.680080669319093227e+09,1.625600000000000000e+04,3.240000000000000000e+02,3.440000000000000000e+02,-6.690000000000000000e+02,4.500000000000000000e+01,4.200000000000000000e+01
1.680080669323428631e+09,1.607600000000000000e+04,3.040000000000000000e+02,2.480000000000000000e+02,-6.340000000000000000e+02,3.900000000000000000e+01,5.600000000000000000e+01
1.680080669327623606e+09,1.611600000000000000e+04,2.840000000000000000e+02,3.280000000000000000e+02,-6.250000000000000000e+02,6.600000000000000000e+01,5.200000000000000000e+01
1.680080669331882238e+09,1.616800000000000000e+04,4.080000000000000000e+02,3.640000000000000000e+02,-6.650000000000000000e+02,2.300000000000000000e+01,4.200000000000000000e+01
1.680080669335985661e+09,1.614000000000000000e+04,2.440000000000000000e+02,2.120000000000000000e+02,-6.670000000000000000e+02,7.100000000000000000e+01,6.600000000000000000e+01
1.680080669339917421e+09,1.605600000000000000e+04,3.360000000000000000e+02,3.280000000000000000e+02,-6.620000000000000000e+02,3.600000000000000000e+01,4.400000000000000000e+01
1.680080669343822002e+09,1.619200000000000000e+04,3.080000000000000000e+02,3.360000000000000000e+02,-6.590000000000000000e+02,3.200000000000000000e+01,3.600000000000000000e+01
1.680080669348498344e+09,1.618400000000000000e+04,3.280000000000000000e+02,3.920000000000000000e+02,-6.680000000000000000e+02,2.000000000000000000e+01,3.900000000000000000e+01
1.680080669352535963e+09,1.623600000000000000e+04,3.440000000000000000e+02,2.000000000000000000e+02,-6.710000000000000000e+02,4.700000000000000000e+01,4.700000000000000000e+01
1.680080669356639862e+09,1.614800000000000000e+04,4.320000000000000000e+02,3.080000000000000000e+02,-6.500000000000000000e+02,3.800000000000000000e+01,3.500000000000000000e+01
1.680080669360682726e+09,1.623200000000000000e+04,3.440000000000000000e+02,3.600000000000000000e+02,-6.440000000000000000e+02,4.200000000000000000e+01,3.300000000000000000e+01
1.680080669365099192e+09,1.608800000000000000e+04,3.520000000000000000e+02,4.280000000000000000e+02,-6.590000000000000000e+02,5.200000000000000000e+01,4.100000000000000000e+01
1.680080669369439602e+09,1.616400000000000000e+04,3.200000000000000000e+02,2.520000000000000000e+02,-6.720000000000000000e+02,5.600000000000000000e+01,5.300000000000000000e+01
1.680080669373314381e+09,1.604000000000000000e+04,3.520000000000000000e+02,3.680000000000000000e+02,-6.370000000000000000e+02,6.200000000000000000e+01,3.800000000000000000e+01
1.680080669377617836e+09,1.622400000000000000e+04,2.240000000000000000e+02,2.920000000000000000e+02,-6.410000000000000000e+02,3.400000000000000000e+01,6.500000000000000000e+01
1.680080669381993532e+09,1.615200000000000000e+04,2.480000000000000000e+02,1.640000000000000000e+02,-6.270000000000000000e+02,6.800000000000000000e+01,3.900000000000000000e+01
1.680080669385860205e+09,1.618400000000000000e+04,2.400000000000000000e+02,3.480000000000000000e+02,-6.230000000000000000e+02,2.800000000000000000e+01,5.000000000000000000e+01
1.680080669389813185e+09,1.617600000000000000e+04,2.240000000000000000e+02,2.120000000000000000e+02,-6.610000000000000000e+02,5.300000000000000000e+01,3.100000000000000000e+01
1.680080669394134283e+09,1.620400000000000000e+04,2.080000000000000000e+02,2.720000000000000000e+02,-6.400000000000000000e+02,4.300000000000000000e+01,2.500000000000000000e+01
1.680080669398331642e+09,1.617200000000000000e+04,2.400000000000000000e+02,3.520000000000000000e+02,-6.100000000000000000e+02,4.100000000000000000e+01,3.600000000000000000e+01
1.680080669401998997e+09,1.620800000000000000e+04,1.880000000000000000e+02,4.240000000000000000e+02,-6.220000000000000000e+02,5.200000000000000000e+01,3.700000000000000000e+01
1.680080669407335520e+09,1.626400000000000000e+04,2.240000000000000000e+02,2.280000000000000000e+02,-6.150000000000000000e+02,5.300000000000000000e+01,4.100000000000000000e+01
1.680080669411813021e+09,1.621600000000000000e+04,3.040000000000000000e+02,3.120000000000000000e+02,-6.480000000000000000e+02,6.400000000000000000e+01,2.400000000000000000e+01
1.680080669416028023e+09,1.616000000000000000e+04,2.360000000000000000e+02,2.040000000000000000e+02,-6.250000000000000000e+02,5.500000000000000000e+01,1.200000000000000000e+01
1.680080669420324564e+09,1.616800000000000000e+04,3.160000000000000000e+02,1.480000000000000000e+02,-6.360000000000000000e+02,3.400000000000000000e+01,2.500000000000000000e+01
1.680080669424474955e+09,1.607600000000000000e+04,2.480000000000000000e+02,2.320000000000000000e+02,-6.190000000000000000e+02,5.300000000000000000e+01,1.500000000000000000e+01
1.680080669428881884e+09,1.617200000000000000e+04,3.560000000000000000e+02,2.200000000000000000e+02,-6.540000000000000000e+02,5.100000000000000000e+01,3.800000000000000000e+01
1.680080669433415890e+09,1.619200000000000000e+04,3.640000000000000000e+02,2.800000000000000000e+02,-6.210000000000000000e+02,7.800000000000000000e+01,4.400000000000000000e+01
1.680080669437407255e+09,1.618000000000000000e+04,3.200000000000000000e+02,2.880000000000000000e+02,-6.600000000000000000e+02,3.100000000000000000e+01,3.700000000000000000e+01
1.680080669441343546e+09,1.621600000000000000e+04,3.680000000000000000e+02,2.560000000000000000e+02,-6.820000000000000000e+02,5.900000000000000000e+01,2.900000000000000000e+01
1.680080669445247889e+09,1.618800000000000000e+04,2.640000000000000000e+02,3.200000000000000000e+02,-6.480000000000000000e+02,3.900000000000000000e+01,3.800000000000000000e+01
1.680080669449779510e+09,1.618400000000000000e+04,2.800000000000000000e+02,5.240000000000000000e+02,-6.040000000000000000e+02,7.400000000000000000e+01,3.800000000000000000e+01
1.680080669454011440e+09,1.613600000000000000e+04,2.440000000000000000e+02,3.400000000000000000e+02,-6.000000000000000000e+02,5.100000000000000000e+01,3.400000000000000000e+01
1.680080669458265543e+09,1.620800000000000000e+04,2.880000000000000000e+02,3.720000000000000000e+02,-6.420000000000000000e+02,6.200000000000000000e+01,4.500000000000000000e+01
1.680080669462119341e+09,1.626800000000000000e+04,2.640000000000000000e+02,3.200000000000000000e+02,-6.330000000000000000e+02,7.000000000000000000e+01,4.500000000000000000e+01
1.680080669465924501e+09,1.625600000000000000e+04,2.680000000000000000e+02,2.840000000000000000e+02,-6.600000000000000000e+02,-3.000000000000000000e+00,2.400000000000000000e+01
1.680080669469976902e+09,1.615200000000000000e+04,2.920000000000000000e+02,3.720000000000000000e+02,-6.680000000000000000e+02,1.200000000000000000e+01,1.200000000000000000e+01
1.680080669473901749e+09,1.622000000000000000e+04,2.160000000000000000e+02,4.080000000000000000e+02,-6.490000000000000000e+02,6.300000000000000000e+01,2.200000000000000000e+01
1.680080669478123426e+09,1.610400000000000000e+04,2.360000000000000000e+02,2.400000000000000000e+02,-6.560000000000000000e+02,4.800000000000000000e+01,2.900000000000000000e+01
1.680080669481930256e+09,1.614400000000000000e+04,2.480000000000000000e+02,3.520000000000000000e+02,-6.430000000000000000e+02,5.800000000000000000e+01,3.600000000000000000e+01
1.680080669486261845e+09,1.609600000000000000e+04,2.400000000000000000e+02,3.160000000000000000e+02,-6.450000000000000000e+02,6.500000000000000000e+01,4.400000000000000000e+01
1.680080669490479708e+09,1.613600000000000000e+04,2.440000000000000000e+02,3.160000000000000000e+02,-6.690000000000000000e+02,3.900000000000000000e+01,2.500000000000000000e+01
1.680080669494609118e+09,1.614400000000000000e+04,2.560000000000000000e+02,2.160000000000000000e+02,-6.240000000000000000e+02,4.900000000000000000e+01,2.500000000000000000e+01
1.680080669498941898e+09,1.614400000000000000e+04,2.920000000000000000e+02,2.720000000000000000e+02,-6.280000000000000000e+02,6.400000000000000000e+01,3.700000000000000000e+01
1.680080669503210306e+09,1.626400000000000000e+04,3.240000000000000000e+02,1.960000000000000000e+02,-6.470000000000000000e+02,3.700000000000000000e+01,3.300000000000000000e+01
1.680080669507688999e+09,1.610800000000000000e+04,3.640000000000000000e+02,2.800000000000000000e+02,-6.750000000000000000e+02,4.400000000000000000e+01,5.300000000000000000e+01
1.680080669513053179e+09,1.622800000000000000e+04,3.400000000000000000e+02,3.560000000000000000e+02,-6.270000000000000000e+02,1.300000000000000000e+01,3.600000000000000000e+01
1.680080669517101288e+09,1.625600000000000000e+04,4.360000000000000000e+02,1.520000000000000000e+02,-6.610000000000000000e+02,6.700000000000000000e+01,1.900000000000000000e+01
1.680080669521769047e+09,1.617200000000000000e+04,4.200000000000000000e+02,2.280000000000000000e+02,-5.880000000000000000e+02,4.800000000000000000e+01,1.900000000000000000e+01
1.680080669526163340e+09,1.626400000000000000e+04,4.160000000000000000e+02,2.440000000000000000e+02,-6.200000000000000000e+02,3.400000000000000000e+01,2.200000000000000000e+01
1.680080669530605316e+09,1.621600000000000000e+04,3.920000000000000000e+02,3.960000000000000000e+02,-6.340000000000000000e+02,4.100000000000000000e+01,3.900000000000000000e+01
1.680080669534413099e+09,1.629200000000000000e+04,3.680000000000000000e+02,4.560000000000000000e+02,-5.970000000000000000e+02,2.900000000000000000e+01,2.600000000000000000e+01
1.680080669538857698e+09,1.614400000000000000e+04,3.480000000000000000e+02,2.680000000000000000e+02,-6.300000000000000000e+02,5.600000000000000000e+01,4.800000000000000000e+01
1.680080669543017626e+09,1.626000000000000000e+04,4.120000000000000000e+02,2.240000000000000000e+02,-6.300000000000000000e+02,4.900000000000000000e+01,3.600000000000000000e+01
1.680080669546971321e+09,1.614400000000000000e+04,2.920000000000000000e+02,3.400000000000000000e+02,-6.470000000000000000e+02,4.600000000000000000e+01,8.000000000000000000e+00
1.680080669551383495e+09,1.623200000000000000e+04,4.000000000000000000e+02,3.680000000000000000e+02,-6.560000000000000000e+02,6.800000000000000000e+01,4.100000000000000000e+01
1.680080669555797577e+09,1.616400000000000000e+04,3.680000000000000000e+02,1.760000000000000000e+02,-6.340000000000000000e+02,3.100000000000000000e+01,2.700000000000000000e+01
1.680080669559507608e+09,1.616800000000000000e+04,2.480000000000000000e+02,3.760000000000000000e+02,-6.260000000000000000e+02,4.900000000000000000e+01,3.000000000000000000e+01
1.680080669563909292e+09,1.624000000000000000e+04,2.520000000000000000e+02,3.480000000000000000e+02,-6.220000000000000000e+02,6.400000000000000000e+01,2.600000000000000000e+01
1.680080669570372581e+09,1.616000000000000000e+04,2.520000000000000000e+02,3.800000000000000000e+02,-5.800000000000000000e+02,7.100000000000000000e+01,5.800000000000000000e+01
1.680080669574469566e+09,1.627200000000000000e+04,2.360000000000000000e+02,3.240000000000000000e+02,-6.750000000000000000e+02,7.200000000000000000e+01,3.900000000000000000e+01
1.680080669579160929e+09,1.625200000000000000e+04,6.000000000000000000e+01,2.640000000000000000e+02,-6.310000000000000000e+02,3.800000000000000000e+01,1.600000000000000000e+01
1.680080669583529234e+09,1.621600000000000000e+04,2.440000000000000000e+02,5.160000000000000000e+02,-6.430000000000000000e+02,3.900000000000000000e+01,2.700000000000000000e+01
1.680080669587828636e+09,1.616400000000000000e+04,2.560000000000000000e+02,3.360000000000000000e+02,-6.450000000000000000e+02,3.300000000000000000e+01,1.100000000000000000e+01
1.680080669591701508e+09,1.624000000000000000e+04,2.440000000000000000e+02,2.640000000000000000e+02,-6.180000000000000000e+02,5.800000000000000000e+01,2.400000000000000000e+01
1.680080669595890284e+09,1.621600000000000000e+04,1.560000000000000000e+02,2.840000000000000000e+02,-6.350000000000000000e+02,5.000000000000000000e+01,4.400000000000000000e+01
1.680080669600234985e+09,1.615200000000000000e+04,2.480000000000000000e+02,4.160000000000000000e+02,-6.260000000000000000e+02,4.800000000000000000e+01,2.200000000000000000e+01
1.680080669603832722e+09,1.621200000000000000e+04,2.280000000000000000e+02,2.840000000000000000e+02,-6.200000000000000000e+02,4.300000000000000000e+01,4.200000000000000000e+01
1.680080669608349323e+09,1.632400000000000000e+04,2.920000000000000000e+02,3.120000000000000000e+02,-6.340000000000000000e+02,5.900000000000000000e+01,3.300000000000000000e+01
1.680080669612355471e+09,1.622000000000000000e+04,2.520000000000000000e+02,1.160000000000000000e+02,-6.730000000000000000e+02,4.500000000000000000e+01,3.600000000000000000e+01
1.680080669616140366e+09,1.602400000000000000e+04,3.240000000000000000e+02,4.480000000000000000e+02,-6.440000000000000000e+02,3.800000000000000000e+01,3.100000000000000000e+01
1.680080669620484591e+09,1.615200000000000000e+04,3.080000000000000000e+02,3.560000000000000000e+02,-6.270000000000000000e+02,5.500000000000000000e+01,2.700000000000000000e+01
1.680080669624643087e+09,1.620800000000000000e+04,3.040000000000000000e+02,3.360000000000000000e+02,-6.580000000000000000e+02,2.900000000000000000e+01,1.200000000000000000e+01
1.680080669628561735e+09,1.618000000000000000e+04,3.960000000000000000e+02,2.400000000000000000e+02,-6.740000000000000000e+02,3.900000000000000000e+01,4.400000000000000000e+01
1.680080669632830620e+09,1.614400000000000000e+04,3.880000000000000000e+02,4.040000000000000000e+02,-6.270000000000000000e+02,4.700000000000000000e+01,4.500000000000000000e+01
1.680080669637164354e+09,1.615600000000000000e+04,4.200000000000000000e+02,2.800000000000000000e+02,-6.550000000000000000e+02,6.200000000000000000e+01,4.100000000000000000e+01
1.680080669641084194e+09,1.618800000000000000e+04,3.640000000000000000e+02,3.360000000000000000e+02,-6.880000000000000000e+02,4.500000000000000000e+01,3.800000000000000000e+01
1.680080669645412922e+09,1.612000000000000000e+04,3.480000000000000000e+02,2.720000000000000000e+02,-6.360000000000000000e+02,4.300000000000000000e+01,3.100000000000000000e+01
1.680080669650209188e+09,1.620400000000000000e+04,3.640000000000000000e+02,2.880000000000000000e+02,-6.580000000000000000e+02,8.200000000000000000e+01,5.100000000000000000e+01
1.680080669654676914e+09,1.617600000000000000e+04,2.800000000000000000e+02,1.480000000000000000e+02,-6.440000000000000000e+02,4.600000000000000000e+01,6.400000000000000000e+01
1.680080669658538103e+09,1.614400000000000000e+04,1.920000000000000000e+02,2.520000000000000000e+02,-6.370000000000000000e+02,4.800000000000000000e+01,2.500000000000000000e+01
1.680080669662882805e+09,1.608800000000000000e+04,3.320000000000000000e+02,2.720000000000000000e+02,-6.670000000000000000e+02,4.300000000000000000e+01,6.000000000000000000e+01
1.680080669667299986e+09,1.609600000000000000e+04,3.360000000000000000e+02,1.920000000000000000e+02,-6.310000000000000000e+02,3.600000000000000000e+01,1.200000000000000000e+01
1.680080669671241522e+09,1.621600000000000000e+04,2.960000000000000000e+02,2.200000000000000000e+02,-6.530000000000000000e+02,4.700000000000000000e+01,4.500000000000000000e+01
1.680080669675458670e+09,1.626000000000000000e+04,3.000000000000000000e+02,5.200000000000000000e+02,-6.010000000000000000e+02,2.600000000000000000e+01,4.100000000000000000e+01
1.680080669679769516e+09,1.628000000000000000e+04,2.640000000000000000e+02,3.480000000000000000e+02,-5.870000000000000000e+02,5.600000000000000000e+01,1.800000000000000000e+01
1.680080669683988333e+09,1.614000000000000000e+04,3.840000000000000000e+02,3.040000000000000000e+02,-6.080000000000000000e+02,5.600000000000000000e+01,8.000000000000000000e+00
1.680080669688742876e+09,1.623200000000000000e+04,2.360000000000000000e+02,3.080000000000000000e+02,-6.460000000000000000e+02,2.800000000000000000e+01,4.400000000000000000e+01
1.680080669692906380e+09,1.616800000000000000e+04,2.560000000000000000e+02,1.120000000000000000e+02,-6.170000000000000000e+02,4.100000000000000000e+01,2.500000000000000000e+01
1.680080669697309017e+09,1.619600000000000000e+04,2.880000000000000000e+02,3.640000000000000000e+02,-6.470000000000000000e+02,5.400000000000000000e+01,3.700000000000000000e+01
1.680080669701398611e+09,1.622400000000000000e+04,3.040000000000000000e+02,2.240000000000000000e+02,-6.470000000000000000e+02,6.400000000000000000e+01,6.000000000000000000e+01
1.680080669705211878e+09,1.630000000000000000e+04,2.760000000000000000e+02,2.960000000000000000e+02,-6.080000000000000000e+02,5.100000000000000000e+01,4.000000000000000000e+01
1.680080669709718466e+09,1.612800000000000000e+04,3.600000000000000000e+02,4.360000000000000000e+02,-6.500000000000000000e+02,2.400000000000000000e+01,3.600000000000000000e+01
1.680080669713837385e+09,1.609600000000000000e+04,3.320000000000000000e+02,2.920000000000000000e+02,-6.160000000000000000e+02,3.500000000000000000e+01,3.500000000000000000e+01
1.680080669717799902e+09,1.620400000000000000e+04,2.880000000000000000e+02,2.520000000000000000e+02,-6.340000000000000000e+02,7.000000000000000000e+01,5.400000000000000000e+01
1.680080669721917391e+09,1.624800000000000000e+04,2.280000000000000000e+02,2.560000000000000000e+02,-6.390000000000000000e+02,4.100000000000000000e+01,2.300000000000000000e+01
1.680080669726180553e+09,1.632000000000000000e+04,3.760000000000000000e+02,2.360000000000000000e+02,-6.420000000000000000e+02,2.700000000000000000e+01,3.600000000000000000e+01
1.680080669730581522e+09,1.611200000000000000e+04,3.440000000000000000e+02,2.880000000000000000e+02,-6.090000000000000000e+02,5.400000000000000000e+01,2.300000000000000000e+01
1.680080669734789371e+09,1.630400000000000000e+04,3.440000000000000000e+02,3.640000000000000000e+02,-6.620000000000000000e+02,3.300000000000000000e+01,3.800000000000000000e+01
1.680080669738856554e+09,1.624400000000000000e+04,2.480000000000000000e+02,3.040000000000000000e+02,-6.770000000000000000e+02,3.600000000000000000e+01,3.500000000000000000e+01
1.680080669744024992e+09,1.616400000000000000e+04,2.920000000000000000e+02,3.440000000000000000e+02,-6.440000000000000000e+02,6.100000000000000000e+01,3.800000000000000000e+01
1.680080669748250961e+09,1.620400000000000000e+04,3.120000000000000000e+02,1.720000000000000000e+02,-6.390000000000000000e+02,5.700000000000000000e+01,4.900000000000000000e+01
1.680080669752804041e+09,1.623200000000000000e+04,2.440000000000000000e+02,3.680000000000000000e+02,-7.100000000000000000e+02,3.500000000000000000e+01,2.100000000000000000e+01
1.680080669756917953e+09,1.614400000000000000e+04,2.720000000000000000e+02,2.080000000000000000e+02,-6.070000000000000000e+02,2.400000000000000000e+01,3.700000000000000000e+01
1.680080669760806084e+09,1.618800000000000000e+04,3.560000000000000000e+02,4.360000000000000000e+02,-6.430000000000000000e+02,3.300000000000000000e+01,3.400000000000000000e+01
1.680080669764958382e+09,1.620000000000000000e+04,2.600000000000000000e+02,4.600000000000000000e+02,-6.230000000000000000e+02,3.600000000000000000e+01,3.700000000000000000e+01
1.680080669769174099e+09,1.621200000000000000e+04,2.880000000000000000e+02,3.200000000000000000e+02,-6.140000000000000000e+02,6.800000000000000000e+01,2.600000000000000000e+01
1.680080669773212671e+09,1.617600000000000000e+04,3.800000000000000000e+02,2.840000000000000000e+02,-6.250000000000000000e+02,8.100000000000000000e+01,3.900000000000000000e+01
1.680080669777550697e+09,1.613600000000000000e+04,2.560000000000000000e+02,3.080000000000000000e+02,-6.390000000000000000e+02,8.500000000000000000e+01,3.300000000000000000e+01
1.680080669781630993e+09,1.616800000000000000e+04,3.360000000000000000e+02,3.280000000000000000e+02,-6.400000000000000000e+02,1.700000000000000000e+01,4.300000000000000000e+01
1.680080669785755396e+09,1.611600000000000000e+04,4.200000000000000000e+02,2.000000000000000000e+02,-6.310000000000000000e+02,5.600000000000000000e+01,1.600000000000000000e+01
1.680080669789581537e+09,1.618400000000000000e+04,3.640000000000000000e+02,4.120000000000000000e+02,-6.540000000000000000e+02,3.800000000000000000e+01,5.200000000000000000e+01
1.680080669794440031e+09,1.622800000000000000e+04,3.160000000000000000e+02,4.200000000000000000e+02,-6.190000000000000000e+02,5.000000000000000000e+01,3.200000000000000000e+01
1.680080669798504353e+09,1.628400000000000000e+04,2.920000000000000000e+02,3.320000000000000000e+02,-6.510000000000000000e+02,3.300000000000000000e+01,3.200000000000000000e+01
1.680080669802352667e+09,1.615200000000000000e+04,4.320000000000000000e+02,4.200000000000000000e+02,-6.760000000000000000e+02,6.200000000000000000e+01,1.800000000000000000e+01
1.680080669806919336e+09,1.612800000000000000e+04,3.400000000000000000e+02,3.560000000000000000e+02,-6.310000000000000000e+02,6.100000000000000000e+01,3.500000000000000000e+01
1.680080669811116457e+09,1.617200000000000000e+04,3.760000000000000000e+02,3.600000000000000000e+02,-6.450000000000000000e+02,6.400000000000000000e+01,4.400000000000000000e+01
1.680080669815143585e+09,1.608800000000000000e+04,3.960000000000000000e+02,2.640000000000000000e+02,-6.290000000000000000e+02,5.300000000000000000e+01,4.400000000000000000e+01
1.680080669819836855e+09,1.625200000000000000e+04,3.800000000000000000e+02,4.080000000000000000e+02,-6.590000000000000000e+02,5.700000000000000000e+01,3.300000000000000000e+01
1.680080669823917627e+09,1.615200000000000000e+04,4.040000000000000000e+02,2.120000000000000000e+02,-6.390000000000000000e+02,4.100000000000000000e+01,2.000000000000000000e+01
1.680080669827917099e+09,1.624800000000000000e+04,3.960000000000000000e+02,9.200000000000000000e+01,-6.350000000000000000e+02,5.700000000000000000e+01,5.200000000000000000e+01
1.680080669831743002e+09,1.625200000000000000e+04,2.640000000000000000e+02,3.000000000000000000e+02,-6.580000000000000000e+02,4.800000000000000000e+01,4.500000000000000000e+01
1.680080669835974693e+09,1.626000000000000000e+04,2.200000000000000000e+02,2.360000000000000000e+02,-6.400000000000000000e+02,5.100000000000000000e+01,7.700000000000000000e+01
1.680080669839808226e+09,1.629200000000000000e+04,3.560000000000000000e+02,1.240000000000000000e+02,-6.490000000000000000e+02,2.800000000000000000e+01,3.400000000000000000e+01
1.680080669844243050e+09,1.621600000000000000e+04,3.200000000000000000e+02,2.240000000000000000e+02,-6.330000000000000000e+02,3.900000000000000000e+01,2.700000000000000000e+01
1.680080669848380566e+09,1.610400000000000000e+04,2.720000000000000000e+02,3.320000000000000000e+02,-6.700000000000000000e+02,3.300000000000000000e+01,4.200000000000000000e+01
1.680080669852648973e+09,1.617200000000000000e+04,3.240000000000000000e+02,3.640000000000000000e+02,-6.190000000000000000e+02,4.000000000000000000e+01,2.500000000000000000e+01
1.680080669856700659e+09,1.637200000000000000e+04,2.720000000000000000e+02,4.280000000000000000e+02,-5.970000000000000000e+02,7.000000000000000000e+01,2.200000000000000000e+01
1.680080669860870361e+09,1.602800000000000000e+04,2.360000000000000000e+02,4.120000000000000000e+02,-6.370000000000000000e+02,4.600000000000000000e+01,4.500000000000000000e+01
1.680080669865359783e+09,1.613200000000000000e+04,2.600000000000000000e+02,3.280000000000000000e+02,-6.390000000000000000e+02,4.200000000000000000e+01,1.200000000000000000e+01
1.680080669869236469e+09,1.620800000000000000e+04,2.240000000000000000e+02,2.280000000000000000e+02,-6.230000000000000000e+02,3.900000000000000000e+01,3.100000000000000000e+01
1.680080669873208284e+09,1.626000000000000000e+04,2.840000000000000000e+02,3.200000000000000000e+02,-5.930000000000000000e+02,8.500000000000000000e+01,3.300000000000000000e+01
1.680080669877352953e+09,1.612800000000000000e+04,2.800000000000000000e+02,2.920000000000000000e+02,-6.390000000000000000e+02,7.000000000000000000e+00,2.800000000000000000e+01
1.680080669881967783e+09,1.618800000000000000e+04,2.560000000000000000e+02,3.920000000000000000e+02,-6.310000000000000000e+02,4.900000000000000000e+01,2.900000000000000000e+01
1.680080669886569738e+09,1.618000000000000000e+04,2.880000000000000000e+02,3.600000000000000000e+02,-6.380000000000000000e+02,5.400000000000000000e+01,2.800000000000000000e+01
1.680080669890603542e+09,1.620400000000000000e+04,2.000000000000000000e+02,3.480000000000000000e+02,-6.280000000000000000e+02,6.100000000000000000e+01,1.700000000000000000e+01
1.680080669895101786e+09,1.622800000000000000e+04,2.280000000000000000e+02,3.240000000000000000e+02,-6.400000000000000000e+02,5.700000000000000000e+01,3.200000000000000000e+01
1.680080669899470568e+09,1.616000000000000000e+04,1.720000000000000000e+02,2.840000000000000000e+02,-6.280000000000000000e+02,4.100000000000000000e+01,2.800000000000000000e+01
1.680080669903447628e+09,1.612000000000000000e+04,2.600000000000000000e+02,3.880000000000000000e+02,-6.350000000000000000e+02,2.200000000000000000e+01,4.100000000000000000e+01
1.680080669907629013e+09,1.620000000000000000e+04,3.200000000000000000e+02,3.880000000000000000e+02,-6.520000000000000000e+02,5.400000000000000000e+01,7.000000000000000000e+00
1.680080669911895752e+09,1.616400000000000000e+04,4.160000000000000000e+02,3.360000000000000000e+02,-6.460000000000000000e+02,2.400000000000000000e+01,3.200000000000000000e+01
1.680080669915931225e+09,1.616000000000000000e+04,3.040000000000000000e+02,1.800000000000000000e+02,-6.380000000000000000e+02,7.200000000000000000e+01,1.700000000000000000e+01
1.680080669919777393e+09,1.622800000000000000e+04,4.040000000000000000e+02,2.360000000000000000e+02,-6.470000000000000000e+02,3.500000000000000000e+01,2.000000000000000000e+01
1.680080669924297333e+09,1.622000000000000000e+04,3.240000000000000000e+02,2.080000000000000000e+02,-6.650000000000000000e+02,2.500000000000000000e+01,4.600000000000000000e+01
1.680080669928403616e+09,1.621200000000000000e+04,2.760000000000000000e+02,3.360000000000000000e+02,-6.700000000000000000e+02,3.600000000000000000e+01,3.600000000000000000e+01
1.680080669932814121e+09,1.629200000000000000e+04,2.720000000000000000e+02,3.160000000000000000e+02,-6.370000000000000000e+02,4.800000000000000000e+01,2.600000000000000000e+01
1.680080669937183380e+09,1.628000000000000000e+04,3.440000000000000000e+02,2.040000000000000000e+02,-6.400000000000000000e+02,3.300000000000000000e+01,5.100000000000000000e+01
1.680080669941222668e+09,1.612000000000000000e+04,2.000000000000000000e+02,2.400000000000000000e+02,-6.450000000000000000e+02,4.200000000000000000e+01,1.500000000000000000e+01
1.680080669945773840e+09,1.634400000000000000e+04,2.960000000000000000e+02,2.560000000000000000e+02,-6.280000000000000000e+02,6.300000000000000000e+01,5.300000000000000000e+01
1.680080669949751139e+09,1.596000000000000000e+04,2.920000000000000000e+02,1.760000000000000000e+02,-6.220000000000000000e+02,5.900000000000000000e+01,2.200000000000000000e+01
1.680080669953888416e+09,1.634800000000000000e+04,2.800000000000000000e+02,3.280000000000000000e+02,-6.370000000000000000e+02,4.100000000000000000e+01,5.400000000000000000e+01
1.680080669957830906e+09,1.615600000000000000e+04,3.680000000000000000e+02,2.320000000000000000e+02,-6.400000000000000000e+02,3.400000000000000000e+01,2.100000000000000000e+01
1.680080669961905003e+09,1.605600000000000000e+04,3.240000000000000000e+02,2.240000000000000000e+02,-6.380000000000000000e+02,5.900000000000000000e+01,4.600000000000000000e+01
1.680080669966126680e+09,1.625600000000000000e+04,4.320000000000000000e+02,2.080000000000000000e+02,-6.480000000000000000e+02,6.600000000000000000e+01,3.300000000000000000e+01
1.680080669970093727e+09,1.606400000000000000e+04,3.400000000000000000e+02,2.960000000000000000e+02,-6.270000000000000000e+02,4.100000000000000000e+01,1.200000000000000000e+01
1.680080669974445820e+09,1.618800000000000000e+04,3.960000000000000000e+02,1.640000000000000000e+02,-6.480000000000000000e+02,5.400000000000000000e+01,4.900000000000000000e+01
1.680080669978663206e+09,1.604800000000000000e+04,3.560000000000000000e+02,2.760000000000000000e+02,-6.560000000000000000e+02,4.700000000000000000e+01,1.000000000000000000e+01
1.680080669982516766e+09,1.627600000000000000e+04,3.400000000000000000e+02,3.240000000000000000e+02,-6.480000000000000000e+02,5.100000000000000000e+01,3.000000000000000000e+01
1.680080669987051249e+09,1.620800000000000000e+04,3.200000000000000000e+02,3.640000000000000000e+02,-6.630000000000000000e+02,3.100000000000000000e+01,3.100000000000000000e+01
1.680080669991452217e+09,1.613200000000000000e+04,3.400000000000000000e+02,4.600000000000000000e+02,-6.620000000000000000e+02,4.200000000000000000e+01,2.600000000000000000e+01
1.680080669995691776e+09,1.612400000000000000e+04,3.480000000000000000e+02,3.880000000000000000e+02,-6.100000000000000000e+02,4.300000000000000000e+01,4.100000000000000000e+01
1.680080669999698400e+09,1.619200000000000000e+04,3.440000000000000000e+02,2.640000000000000000e+02,-6.190000000000000000e+02,3.900000000000000000e+01,4.300000000000000000e+01
1.680080670004041910e+09,1.601200000000000000e+04,3.280000000000000000e+02,1.880000000000000000e+02,-6.400000000000000000e+02,8.600000000000000000e+01,5.200000000000000000e+01
1.680080670008009672e+09,1.627200000000000000e+04,2.880000000000000000e+02,2.600000000000000000e+02,-6.420000000000000000e+02,4.300000000000000000e+01,4.400000000000000000e+01
1.680080670012098551e+09,1.627600000000000000e+04,3.960000000000000000e+02,3.240000000000000000e+02,-6.240000000000000000e+02,5.800000000000000000e+01,2.100000000000000000e+01
1.680080670016114473e+09,1.617200000000000000e+04,3.280000000000000000e+02,4.600000000000000000e+02,-6.170000000000000000e+02,4.800000000000000000e+01,2.200000000000000000e+01
1.680080670019936085e+09,1.615200000000000000e+04,2.920000000000000000e+02,3.040000000000000000e+02,-6.300000000000000000e+02,8.300000000000000000e+01,4.300000000000000000e+01
1.680080670024340630e+09,1.634000000000000000e+04,2.360000000000000000e+02,2.720000000000000000e+02,-6.550000000000000000e+02,2.000000000000000000e+01,4.000000000000000000e+01
1.680080670028490543e+09,1.618400000000000000e+04,2.080000000000000000e+02,3.160000000000000000e+02,-6.660000000000000000e+02,3.300000000000000000e+01,4.000000000000000000e+01
1.680080670032570839e+09,1.620400000000000000e+04,2.440000000000000000e+02,4.360000000000000000e+02,-6.080000000000000000e+02,5.800000000000000000e+01,3.900000000000000000e+01
1.680080670036449909e+09,1.619200000000000000e+04,2.680000000000000000e+02,2.480000000000000000e+02,-6.450000000000000000e+02,6.500000000000000000e+01,4.000000000000000000e+01
1.680080670040291786e+09,1.618400000000000000e+04,2.760000000000000000e+02,3.160000000000000000e+02,-6.560000000000000000e+02,3.400000000000000000e+01,6.800000000000000000e+01
1.680080670044629574e+09,1.627200000000000000e+04,2.720000000000000000e+02,3.080000000000000000e+02,-6.060000000000000000e+02,4.600000000000000000e+01,2.900000000000000000e+01
1.680080670048829079e+09,1.613600000000000000e+04,3.640000000000000000e+02,1.960000000000000000e+02,-5.960000000000000000e+02,6.000000000000000000e+01,4.700000000000000000e+01
1.680080670052568913e+09,1.619200000000000000e+04,3.440000000000000000e+02,3.320000000000000000e+02,-6.390000000000000000e+02,5.400000000000000000e+01,1.500000000000000000e+01
1.680080670056809902e+09,1.623600000000000000e+04,3.280000000000000000e+02,8.400000000000000000e+01,-6.370000000000000000e+02,2.700000000000000000e+01,1.400000000000000000e+01
1.680080670060955286e+09,1.620400000000000000e+04,2.520000000000000000e+02,5.200000000000000000e+01,-6.450000000000000000e+02,2.200000000000000000e+01,2.500000000000000000e+01
1.680080670064952850e+09,1.619600000000000000e+04,2.760000000000000000e+02,2.360000000000000000e+02,-6.380000000000000000e+02,5.300000000000000000e+01,2.200000000000000000e+01
1.680080670069080591e+09,1.622800000000000000e+04,2.680000000000000000e+02,3.960000000000000000e+02,-6.450000000000000000e+02,3.500000000000000000e+01,5.700000000000000000e+01
1.680080670073137522e+09,1.620000000000000000e+04,2.720000000000000000e+02,2.720000000000000000e+02,-6.420000000000000000e+02,5.700000000000000000e+01,4.100000000000000000e+01
1.680080670077438831e+09,1.618000000000000000e+04,2.360000000000000000e+02,4.000000000000000000e+02,-6.410000000000000000e+02,5.600000000000000000e+01,2.900000000000000000e+01
1.680080670081285715e+09,1.620800000000000000e+04,3.320000000000000000e+02,1.680000000000000000e+02,-6.530000000000000000e+02,3.200000000000000000e+01,3.000000000000000000e+01
1.680080670085344553e+09,1.615600000000000000e+04,2.200000000000000000e+02,3.000000000000000000e+02,-6.200000000000000000e+02,5.600000000000000000e+01,3.900000000000000000e+01
1.680080670089766741e+09,1.603600000000000000e+04,3.520000000000000000e+02,3.640000000000000000e+02,-6.380000000000000000e+02,6.200000000000000000e+01,2.800000000000000000e+01
1.680080670093838930e+09,1.615600000000000000e+04,3.480000000000000000e+02,1.360000000000000000e+02,-6.200000000000000000e+02,5.100000000000000000e+01,3.900000000000000000e+01
1.680080670098595381e+09,1.630400000000000000e+04,3.480000000000000000e+02,3.800000000000000000e+02,-6.380000000000000000e+02,5.600000000000000000e+01,1.000000000000000000e+01
1.680080670102484226e+09,1.618800000000000000e+04,3.960000000000000000e+02,3.840000000000000000e+02,-6.490000000000000000e+02,6.700000000000000000e+01,2.200000000000000000e+01
1.680080670106763840e+09,1.609600000000000000e+04,3.920000000000000000e+02,3.920000000000000000e+02,-6.150000000000000000e+02,4.200000000000000000e+01,3.600000000000000000e+01
1.680080670110774040e+09,1.616400000000000000e+04,2.880000000000000000e+02,3.440000000000000000e+02,-6.270000000000000000e+02,6.700000000000000000e+01,1.700000000000000000e+01
1.680080670114950418e+09,1.617600000000000000e+04,2.160000000000000000e+02,4.240000000000000000e+02,-6.440000000000000000e+02,4.200000000000000000e+01,4.000000000000000000e+01
1.680080670118874550e+09,1.622400000000000000e+04,3.320000000000000000e+02,3.400000000000000000e+02,-6.660000000000000000e+02,6.400000000000000000e+01,3.200000000000000000e+01
1.680080670122766256e+09,1.618400000000000000e+04,3.320000000000000000e+02,1.960000000000000000e+02,-6.320000000000000000e+02,4.500000000000000000e+01,1.900000000000000000e+01
1.680080670126619816e+09,1.619600000000000000e+04,3.720000000000000000e+02,3.920000000000000000e+02,-6.220000000000000000e+02,6.200000000000000000e+01,5.200000000000000000e+01
1.680080670130758286e+09,1.609200000000000000e+04,2.800000000000000000e+02,3.680000000000000000e+02,-6.570000000000000000e+02,6.200000000000000000e+01,3.400000000000000000e+01
1.680080670134781122e+09,1.614800000000000000e+04,2.440000000000000000e+02,3.280000000000000000e+02,-6.310000000000000000e+02,6.100000000000000000e+01,3.200000000000000000e+01
1.680080670139269590e+09,1.618800000000000000e+04,2.280000000000000000e+02,3.920000000000000000e+02,-6.190000000000000000e+02,6.000000000000000000e+01,4.700000000000000000e+01
1.680080670143203020e+09,1.634000000000000000e+04,1.840000000000000000e+02,2.920000000000000000e+02,-6.520000000000000000e+02,3.200000000000000000e+01,2.900000000000000000e+01
1.680080670147306681e+09,1.626400000000000000e+04,2.320000000000000000e+02,4.160000000000000000e+02,-6.290000000000000000e+02,8.000000000000000000e+01,4.700000000000000000e+01
1.680080670152103662e+09,1.614400000000000000e+04,2.880000000000000000e+02,2.520000000000000000e+02,-6.340000000000000000e+02,5.200000000000000000e+01,3.000000000000000000e+01
1.680080670156002760e+09,1.611200000000000000e+04,3.000000000000000000e+02,3.240000000000000000e+02,-6.530000000000000000e+02,5.500000000000000000e+01,3.500000000000000000e+01
1.680080670160086632e+09,1.624000000000000000e+04,3.320000000000000000e+02,2.520000000000000000e+02,-6.450000000000000000e+02,5.100000000000000000e+01,7.000000000000000000e+00
1.680080670164194345e+09,1.612000000000000000e+04,1.520000000000000000e+02,3.280000000000000000e+02,-6.220000000000000000e+02,5.000000000000000000e+00,7.000000000000000000e+00
1.680080670168230057e+09,1.619600000000000000e+04,3.120000000000000000e+02,2.320000000000000000e+02,-6.570000000000000000e+02,5.700000000000000000e+01,3.000000000000000000e+01
1.680080670173065901e+09,1.627200000000000000e+04,1.720000000000000000e+02,2.040000000000000000e+02,-6.250000000000000000e+02,4.200000000000000000e+01,3.300000000000000000e+01
1.680080670176872253e+09,1.618000000000000000e+04,2.080000000000000000e+02,4.320000000000000000e+02,-6.210000000000000000e+02,4.500000000000000000e+01,4.300000000000000000e+01
1.680080670181284428e+09,1.622800000000000000e+04,2.960000000000000000e+02,1.240000000000000000e+02,-6.530000000000000000e+02,5.100000000000000000e+01,3.900000000000000000e+01
1.680080670185320139e+09,1.624000000000000000e+04,3.560000000000000000e+02,3.120000000000000000e+02,-6.100000000000000000e+02,4.500000000000000000e+01,3.400000000000000000e+01
1.680080670189251661e+09,1.628800000000000000e+04,3.440000000000000000e+02,3.040000000000000000e+02,-6.380000000000000000e+02,5.000000000000000000e+01,8.000000000000000000e+00
1.680080670193197250e+09,1.614400000000000000e+04,2.680000000000000000e+02,3.800000000000000000e+02,-6.360000000000000000e+02,6.100000000000000000e+01,5.600000000000000000e+01
1.680080670197114468e+09,1.620000000000000000e+04,3.080000000000000000e+02,3.320000000000000000e+02,-5.980000000000000000e+02,1.900000000000000000e+01,3.500000000000000000e+01
1.680080670201104879e+09,1.628400000000000000e+04,3.400000000000000000e+02,2.720000000000000000e+02,-6.260000000000000000e+02,7.300000000000000000e+01,3.100000000000000000e+01
1.680080670205273151e+09,1.629600000000000000e+04,3.480000000000000000e+02,2.440000000000000000e+02,-6.520000000000000000e+02,5.400000000000000000e+01,2.700000000000000000e+01
1.680080670209543943e+09,1.605600000000000000e+04,3.800000000000000000e+02,3.840000000000000000e+02,-6.460000000000000000e+02,7.100000000000000000e+01,4.000000000000000000e+01
1.680080670213772058e+09,1.613200000000000000e+04,2.320000000000000000e+02,2.600000000000000000e+02,-6.360000000000000000e+02,3.400000000000000000e+01,5.500000000000000000e+01
1.680080670217850208e+09,1.625200000000000000e+04,2.960000000000000000e+02,4.320000000000000000e+02,-6.420000000000000000e+02,4.600000000000000000e+01,3.800000000000000000e+01
1.680080670222151995e+09,1.620000000000000000e+04,3.640000000000000000e+02,2.880000000000000000e+02,-6.470000000000000000e+02,3.500000000000000000e+01,5.400000000000000000e+01
1.680080670226223946e+09,1.614400000000000000e+04,3.520000000000000000e+02,2.280000000000000000e+02,-6.440000000000000000e+02,8.400000000000000000e+01,6.300000000000000000e+01
1.680080670230537415e+09,1.599200000000000000e+04,2.560000000000000000e+02,4.200000000000000000e+02,-6.670000000000000000e+02,4.400000000000000000e+01,4.000000000000000000e+01
1.680080670234798193e+09,1.610400000000000000e+04,3.400000000000000000e+02,2.800000000000000000e+02,-6.700000000000000000e+02,4.900000000000000000e+01,4.100000000000000000e+01
1.680080670239046812e+09,1.621200000000000000e+04,3.080000000000000000e+02,3.440000000000000000e+02,-6.320000000000000000e+02,6.200000000000000000e+01,3.900000000000000000e+01
1.680080670243076324e+09,1.630400000000000000e+04,3.520000000000000000e+02,2.960000000000000000e+02,-6.510000000000000000e+02,5.200000000000000000e+01,1.500000000000000000e+01
1.680080670246966124e+09,1.612800000000000000e+04,3.040000000000000000e+02,3.240000000000000000e+02,-6.340000000000000000e+02,3.900000000000000000e+01,2.700000000000000000e+01
1.680080670251344681e+09,1.606800000000000000e+04,3.520000000000000000e+02,2.520000000000000000e+02,-6.640000000000000000e+02,2.300000000000000000e+01,4.000000000000000000e+01
1.680080670255453587e+09,1.620800000000000000e+04,2.920000000000000000e+02,3.120000000000000000e+02,-6.420000000000000000e+02,4.500000000000000000e+01,1.200000000000000000e+01
1.680080670259693623e+09,1.621200000000000000e+04,3.360000000000000000e+02,2.680000000000000000e+02,-6.620000000000000000e+02,5.500000000000000000e+01,4.800000000000000000e+01
1.680080670263428926e+09,1.620800000000000000e+04,2.480000000000000000e+02,2.880000000000000000e+02,-6.180000000000000000e+02,6.100000000000000000e+01,3.000000000000000000e+01
1.680080670267631054e+09,1.612000000000000000e+04,2.680000000000000000e+02,4.080000000000000000e+02,-6.330000000000000000e+02,5.200000000000000000e+01,4.600000000000000000e+01
1.680080670271765947e+09,1.612000000000000000e+04,2.320000000000000000e+02,3.200000000000000000e+02,-6.180000000000000000e+02,5.000000000000000000e+01,2.000000000000000000e+01
1.680080670275672913e+09,1.616400000000000000e+04,3.440000000000000000e+02,3.720000000000000000e+02,-6.340000000000000000e+02,5.500000000000000000e+01,1.700000000000000000e+01
1.680080670280094624e+09,1.618400000000000000e+04,2.520000000000000000e+02,3.240000000000000000e+02,-6.590000000000000000e+02,3.100000000000000000e+01,3.400000000000000000e+01
1.680080670284305096e+09,1.610000000000000000e+04,3.200000000000000000e+02,3.080000000000000000e+02,-6.480000000000000000e+02,6.300000000000000000e+01,3.200000000000000000e+01
1.680080670288061619e+09,1.613600000000000000e+04,3.040000000000000000e+02,1.960000000000000000e+02,-6.150000000000000000e+02,3.500000000000000000e+01,3.200000000000000000e+01
1.680080670292199135e+09,1.622400000000000000e+04,3.040000000000000000e+02,2.240000000000000000e+02,-6.420000000000000000e+02,7.400000000000000000e+01,4.300000000000000000e+01
1.680080670296303511e+09,1.620400000000000000e+04,2.520000000000000000e+02,2.880000000000000000e+02,-6.560000000000000000e+02,5.100000000000000000e+01,3.900000000000000000e+01
1.680080670300160408e+09,1.619600000000000000e+04,2.120000000000000000e+02,3.400000000000000000e+02,-6.290000000000000000e+02,5.300000000000000000e+01,3.600000000000000000e+01
1.680080670304778814e+09,1.618000000000000000e+04,1.920000000000000000e+02,3.080000000000000000e+02,-6.560000000000000000e+02,4.000000000000000000e+01,4.700000000000000000e+01
1.680080670309088707e+09,1.620000000000000000e+04,3.080000000000000000e+02,2.280000000000000000e+02,-6.210000000000000000e+02,3.000000000000000000e+01,1.600000000000000000e+01
1.680080670313153982e+09,1.613200000000000000e+04,2.800000000000000000e+02,2.040000000000000000e+02,-6.420000000000000000e+02,4.800000000000000000e+01,3.400000000000000000e+01
1.680080670317274332e+09,1.619600000000000000e+04,2.520000000000000000e+02,3.400000000000000000e+02,-6.270000000000000000e+02,2.100000000000000000e+01,3.100000000000000000e+01
1.680080670321530581e+09,1.612800000000000000e+04,2.640000000000000000e+02,2.680000000000000000e+02,-6.370000000000000000e+02,4.800000000000000000e+01,1.600000000000000000e+01
1.680080670325646162e+09,1.619200000000000000e+04,2.680000000000000000e+02,4.040000000000000000e+02,-6.610000000000000000e+02,4.200000000000000000e+01,3.800000000000000000e+01
1.680080670329843521e+09,1.624400000000000000e+04,2.560000000000000000e+02,3.520000000000000000e+02,-6.270000000000000000e+02,2.900000000000000000e+01,1.200000000000000000e+01
1.680080670333888054e+09,1.618400000000000000e+04,2.560000000000000000e+02,1.680000000000000000e+02,-6.400000000000000000e+02,6.300000000000000000e+01,2.600000000000000000e+01
1.680080670337978840e+09,1.625600000000000000e+04,2.040000000000000000e+02,3.400000000000000000e+02,-6.450000000000000000e+02,4.000000000000000000e+01,3.900000000000000000e+01
1.680080670342295408e+09,1.627200000000000000e+04,2.160000000000000000e+02,3.080000000000000000e+02,-6.440000000000000000e+02,4.800000000000000000e+01,3.900000000000000000e+01
1.680080670346670389e+09,1.609600000000000000e+04,2.880000000000000000e+02,3.880000000000000000e+02,-6.680000000000000000e+02,5.500000000000000000e+01,3.000000000000000000e+01
1.680080670350964785e+09,1.616000000000000000e+04,2.160000000000000000e+02,3.800000000000000000e+02,-6.750000000000000000e+02,5.100000000000000000e+01,4.400000000000000000e+01
1.680080670355062962e+09,1.613200000000000000e+04,3.520000000000000000e+02,2.480000000000000000e+02,-6.550000000000000000e+02,4.900000000000000000e+01,2.600000000000000000e+01
1.680080670359295130e+09,1.611600000000000000e+04,3.080000000000000000e+02,3.160000000000000000e+02,-6.360000000000000000e+02,4.900000000000000000e+01,5.600000000000000000e+01
1.680080670363637447e+09,1.619200000000000000e+04,3.760000000000000000e+02,3.120000000000000000e+02,-6.720000000000000000e+02,5.300000000000000000e+01,4.000000000000000000e+00
1.680080670367666721e+09,1.626000000000000000e+04,2.920000000000000000e+02,2.880000000000000000e+02,-6.210000000000000000e+02,6.000000000000000000e+01,2.000000000000000000e+01
1.680080670371851206e+09,1.620400000000000000e+04,4.200000000000000000e+02,3.560000000000000000e+02,-6.350000000000000000e+02,4.900000000000000000e+01,2.900000000000000000e+01
1.680080670375810862e+09,1.614800000000000000e+04,3.840000000000000000e+02,2.600000000000000000e+02,-6.290000000000000000e+02,5.800000000000000000e+01,5.100000000000000000e+01
1.680080670379984617e+09,1.612800000000000000e+04,3.760000000000000000e+02,2.960000000000000000e+02,-6.070000000000000000e+02,7.000000000000000000e+01,1.100000000000000000e+01
1.680080670384251833e+09,1.618000000000000000e+04,3.720000000000000000e+02,3.440000000000000000e+02,-6.380000000000000000e+02,7.200000000000000000e+01,1.400000000000000000e+01
1.680080670389062405e+09,1.613600000000000000e+04,3.400000000000000000e+02,1.920000000000000000e+02,-6.400000000000000000e+02,4.400000000000000000e+01,2.900000000000000000e+01
1.680080670393151522e+09,1.634800000000000000e+04,3.240000000000000000e+02,4.080000000000000000e+02,-6.420000000000000000e+02,3.400000000000000000e+01,4.300000000000000000e+01
1.680080670397416353e+09,1.619600000000000000e+04,2.840000000000000000e+02,2.760000000000000000e+02,-6.360000000000000000e+02,4.900000000000000000e+01,2.300000000000000000e+01
1.680080670401910067e+09,1.609600000000000000e+04,3.800000000000000000e+02,3.360000000000000000e+02,-6.480000000000000000e+02,4.800000000000000000e+01,3.100000000000000000e+01
1.680080670406219721e+09,1.623200000000000000e+04,3.320000000000000000e+02,3.360000000000000000e+02,-6.240000000000000000e+02,5.100000000000000000e+01,5.200000000000000000e+01
1.680080670411606550e+09,1.620000000000000000e+04,3.400000000000000000e+02,2.720000000000000000e+02,-6.490000000000000000e+02,3.600000000000000000e+01,3.200000000000000000e+01
1.680080670415821075e+09,1.612800000000000000e+04,2.800000000000000000e+02,1.120000000000000000e+02,-6.320000000000000000e+02,6.400000000000000000e+01,4.500000000000000000e+01
1.680080670419561148e+09,1.614400000000000000e+04,3.000000000000000000e+02,2.520000000000000000e+02,-6.210000000000000000e+02,5.800000000000000000e+01,3.400000000000000000e+01
1.680080670424288034e+09,1.614800000000000000e+04,3.200000000000000000e+02,3.440000000000000000e+02,-6.240000000000000000e+02,3.900000000000000000e+01,4.100000000000000000e+01
1.680080670428406715e+09,1.613200000000000000e+04,2.680000000000000000e+02,1.200000000000000000e+02,-6.090000000000000000e+02,4.200000000000000000e+01,3.800000000000000000e+01
1.680080670432492971e+09,1.618800000000000000e+04,2.040000000000000000e+02,2.400000000000000000e+02,-6.400000000000000000e+02,4.800000000000000000e+01,3.600000000000000000e+01
1.680080670437167406e+09,1.607600000000000000e+04,2.960000000000000000e+02,2.960000000000000000e+02,-6.410000000000000000e+02,4.900000000000000000e+01,2.700000000000000000e+01
1.680080670441550255e+09,1.617600000000000000e+04,3.640000000000000000e+02,2.400000000000000000e+02,-6.570000000000000000e+02,5.700000000000000000e+01,3.400000000000000000e+01
1.680080670445925474e+09,1.615600000000000000e+04,3.120000000000000000e+02,3.320000000000000000e+02,-6.430000000000000000e+02,5.500000000000000000e+01,4.000000000000000000e+01
1.680080670449784756e+09,1.615200000000000000e+04,3.280000000000000000e+02,2.640000000000000000e+02,-6.410000000000000000e+02,5.100000000000000000e+01,5.200000000000000000e+01
1.680080670454629660e+09,1.594800000000000000e+04,2.960000000000000000e+02,5.040000000000000000e+02,-6.130000000000000000e+02,5.600000000000000000e+01,2.800000000000000000e+01
1.680080670458950043e+09,1.631600000000000000e+04,2.480000000000000000e+02,2.880000000000000000e+02,-6.250000000000000000e+02,4.100000000000000000e+01,4.600000000000000000e+01
1.680080670463197947e+09,1.600000000000000000e+04,2.800000000000000000e+02,3.200000000000000000e+02,-6.530000000000000000e+02,6.400000000000000000e+01,2.600000000000000000e+01
1.680080670467170000e+09,1.630800000000000000e+04,3.240000000000000000e+02,4.120000000000000000e+02,-6.430000000000000000e+02,4.500000000000000000e+01,1.900000000000000000e+01
1.680080670471655369e+09,1.613200000000000000e+04,3.720000000000000000e+02,4.040000000000000000e+02,-6.190000000000000000e+02,6.300000000000000000e+01,3.100000000000000000e+01
1.680080670475893259e+09,1.622800000000000000e+04,3.320000000000000000e+02,2.520000000000000000e+02,-6.590000000000000000e+02,4.800000000000000000e+01,2.300000000000000000e+01
1.680080670479905605e+09,1.628800000000000000e+04,2.800000000000000000e+02,3.280000000000000000e+02,-6.680000000000000000e+02,3.700000000000000000e+01,1.400000000000000000e+01
1.680080670484780312e+09,1.614400000000000000e+04,2.960000000000000000e+02,2.320000000000000000e+02,-6.320000000000000000e+02,5.300000000000000000e+01,3.400000000000000000e+01
1.680080670488861799e+09,1.617200000000000000e+04,1.960000000000000000e+02,2.280000000000000000e+02,-6.470000000000000000e+02,5.000000000000000000e+01,3.900000000000000000e+01
1.680080670493031263e+09,1.618400000000000000e+04,3.680000000000000000e+02,4.200000000000000000e+02,-6.550000000000000000e+02,2.100000000000000000e+01,4.300000000000000000e+01
1.680080670497592688e+09,1.609600000000000000e+04,2.360000000000000000e+02,2.400000000000000000e+02,-6.740000000000000000e+02,3.400000000000000000e+01,4.100000000000000000e+01
1.680080670501767874e+09,1.611200000000000000e+04,2.200000000000000000e+02,4.880000000000000000e+02,-6.680000000000000000e+02,6.000000000000000000e+00,5.600000000000000000e+01
1.680080670505659103e+09,1.630400000000000000e+04,3.240000000000000000e+02,3.600000000000000000e+02,-6.800000000000000000e+02,3.900000000000000000e+01,2.500000000000000000e+01
1.680080670509976864e+09,1.632800000000000000e+04,1.920000000000000000e+02,4.040000000000000000e+02,-6.870000000000000000e+02,1.600000000000000000e+01,2.300000000000000000e+01
1.680080670514627695e+09,1.610000000000000000e+04,1.800000000000000000e+02,2.720000000000000000e+02,-6.740000000000000000e+02,2.500000000000000000e+01,1.200000000000000000e+01
1.680080670518567562e+09,1.620400000000000000e+04,2.080000000000000000e+02,4.000000000000000000e+02,-6.060000000000000000e+02,5.500000000000000000e+01,4.000000000000000000e+00
1.680080670523202419e+09,1.619200000000000000e+04,3.800000000000000000e+02,3.680000000000000000e+02,-6.340000000000000000e+02,4.200000000000000000e+01,2.900000000000000000e+01
1.680080670527626514e+09,1.614000000000000000e+04,2.720000000000000000e+02,2.880000000000000000e+02,-6.460000000000000000e+02,4.800000000000000000e+01,4.000000000000000000e+01
